0.000000000000000000e+00 3.999627377510704207e+01
1.600000000000000033e-02 3.919951565153065332e+01
3.200000000000000067e-02 3.700953190394037762e+01
4.800000000000000100e-02 3.385124275869067390e+01
6.400000000000000133e-02 3.019278889157223844e+01
8.000000000000000167e-02 2.641640088013955534e+01
9.600000000000000200e-02 2.280576961784391088e+01
1.120000000000000023e-01 1.955427866040392715e+01
1.280000000000000027e-01 1.674692103126710663e+01
1.440000000000000169e-01 1.436524844448502947e+01
1.600000000000000033e-01 1.234214188323040950e+01
1.759999999999999898e-01 1.061615257223760089e+01
1.920000000000000040e-01 9.142985459205679177e+00
2.080000000000000182e-01 7.885970079857115067e+00
2.240000000000000047e-01 6.815804294180835221e+00
2.399999999999999911e-01 5.909990117773388896e+00
2.560000000000000053e-01 5.139226865235017705e+00
2.720000000000000195e-01 4.459249733753645195e+00
2.880000000000000338e-01 3.824866062281242041e+00
3.039999999999999925e-01 3.210076749631868953e+00
3.200000000000000067e-01 2.612398913447061766e+00
3.360000000000000209e-01 2.044073223347447232e+00
3.519999999999999796e-01 1.521882834824460629e+00
3.679999999999999938e-01 1.056049747418434270e+00
3.840000000000000080e-01 6.393600547446951499e-01
4.000000000000000222e-01 2.481384117853765447e-01
4.160000000000000364e-01 -1.409386363397714392e-01
4.319999999999999951e-01 -5.328112805650087047e-01
4.480000000000000093e-01 -9.094627851979284472e-01
4.640000000000000235e-01 -1.238239030550407183e+00
4.799999999999999822e-01 -1.486576329926501572e+00
4.959999999999999964e-01 -1.639086607632969095e+00
5.120000000000000107e-01 -1.708713965386339906e+00
5.280000000000000249e-01 -1.730921855909008711e+00
5.440000000000000391e-01 -1.742944165279862512e+00
5.600000000000000533e-01 -1.765418768499328550e+00
5.760000000000000675e-01 -1.799658749310825812e+00
5.919999999999999707e-01 -1.836995439280999509e+00
6.079999999999999849e-01 -1.868332288857297296e+00
6.239999999999999991e-01 -1.886730491239012819e+00
6.400000000000000133e-01 -1.884611949619407145e+00
6.560000000000000275e-01 -1.853340786127517736e+00
6.720000000000000417e-01 -1.790395057686826830e+00
6.880000000000000560e-01 -1.707090401678561076e+00
7.039999999999999591e-01 -1.623919281309773810e+00
7.199999999999999734e-01 -1.554762935239517807e+00
7.359999999999999876e-01 -1.497495611634928947e+00
7.520000000000000018e-01 -1.440496377212719281e+00
7.680000000000000160e-01 -1.374097525092955685e+00
7.840000000000000302e-01 -1.294956322714580610e+00
8.000000000000000444e-01 -1.206189358129618139e+00
8.160000000000000586e-01 -1.117853804800694073e+00
8.320000000000000728e-01 -1.042663183140135397e+00
8.479999999999999760e-01 -9.859119175148524095e-01
8.639999999999999902e-01 -9.410709729332155105e-01
8.800000000000000044e-01 -8.970478029838530043e-01
8.960000000000000187e-01 -8.471114129271328785e-01
9.120000000000000329e-01 -7.911284413823762574e-01
9.280000000000000471e-01 -7.347706846759899380e-01
9.440000000000000613e-01 -6.862146883869768565e-01
9.599999999999999645e-01 -6.449798450062437238e-01
9.759999999999999787e-01 -5.924986713008544292e-01
9.919999999999999929e-01 -5.042342131496675428e-01
1.008000000000000007e+00 -3.760434575913445543e-01
1.024000000000000021e+00 -2.298997048620451955e-01
1.040000000000000036e+00 -8.946713174872282515e-02
1.056000000000000050e+00 3.992464368707109024e-02
1.072000000000000064e+00 1.630574917140708846e-01
1.088000000000000078e+00 2.810625503011977000e-01
1.104000000000000092e+00 3.959201126151906114e-01
1.120000000000000107e+00 5.160707270339568442e-01
1.136000000000000121e+00 6.433781011198256294e-01
1.152000000000000135e+00 7.623587682373920149e-01
1.167999999999999927e+00 8.559107986293904569e-01
1.183999999999999941e+00 9.261671096832003736e-01
1.199999999999999956e+00 9.878293161610457451e-01
1.215999999999999970e+00 1.046435718773520041e+00
1.231999999999999984e+00 1.094173650568849965e+00
1.247999999999999998e+00 1.119723231275337572e+00
1.264000000000000012e+00 1.110172953278400820e+00
1.280000000000000027e+00 1.053505144687996609e+00
1.296000000000000041e+00 9.573137397656055203e-01
1.312000000000000055e+00 8.578690582461351299e-01
1.328000000000000069e+00 7.893170955152041257e-01
1.344000000000000083e+00 7.466370506521233796e-01
1.360000000000000098e+00 7.004507025279858023e-01
1.376000000000000112e+00 6.471360429266740377e-01
1.392000000000000126e+00 6.192405153571789445e-01
1.407999999999999918e+00 6.416118366544475426e-01
1.423999999999999932e+00 7.026545500665817290e-01
1.439999999999999947e+00 7.801092789724625165e-01
1.455999999999999961e+00 8.709319260577583766e-01
1.471999999999999975e+00 9.753280728119243514e-01
1.487999999999999989e+00 1.067174088269001064e+00
1.504000000000000004e+00 1.105574230786563028e+00
1.520000000000000018e+00 1.074330076209081719e+00
1.536000000000000032e+00 9.943235806786727693e-01
1.552000000000000046e+00 8.974338610264901428e-01
1.568000000000000060e+00 8.005424853596274648e-01
1.584000000000000075e+00 7.056637384445824113e-01
1.600000000000000089e+00 6.144676927000317646e-01
1.616000000000000103e+00 5.368326109054114559e-01
1.632000000000000117e+00 4.864198166313319360e-01
1.648000000000000131e+00 4.676710294379405886e-01
1.664000000000000146e+00 4.675345681176364399e-01
1.679999999999999938e+00 4.651226795729940244e-01
1.695999999999999952e+00 4.514561480013236094e-01
1.711999999999999966e+00 4.336252297917444487e-01
1.727999999999999980e+00 4.174299741526801832e-01
1.743999999999999995e+00 3.956432712598134671e-01
1.760000000000000009e+00 3.608664867601047987e-01
1.776000000000000023e+00 3.224497000912549538e-01
1.792000000000000037e+00 3.001646834920436158e-01
1.808000000000000052e+00 3.037143071469075029e-01
1.824000000000000066e+00 3.266145186538869649e-01
1.840000000000000080e+00 3.573410685935414777e-01
1.856000000000000094e+00 3.861415518206054442e-01
1.872000000000000108e+00 4.002162855735288405e-01
1.888000000000000123e+00 3.836336418869081832e-01
1.904000000000000137e+00 3.310451167622949220e-01
1.919999999999999929e+00 2.591383495880175691e-01
1.935999999999999943e+00 1.969875004876041336e-01
1.951999999999999957e+00 1.620553671683917507e-01
1.967999999999999972e+00 1.484982765503497504e-01
1.983999999999999986e+00 1.405263405847610447e-01
2.000000000000000000e+00 1.313706887428063297e-01
2.016000000000000014e+00 1.217920204087066804e-01
2.032000000000000028e+00 1.040963604240275620e-01
2.048000000000000043e+00 6.240880870392714885e-02
2.064000000000000057e+00 -4.989912768362404077e-03
2.080000000000000071e+00 -7.513673365371394131e-02
2.096000000000000085e+00 -1.230446836910838587e-01
2.112000000000000099e+00 -1.480524177940959751e-01
2.128000000000000114e+00 -1.671206443240481898e-01
2.144000000000000128e+00 -1.890082032087963826e-01
2.160000000000000142e+00 -2.092016123371849834e-01
2.176000000000000156e+00 -2.262527059109983307e-01
2.192000000000000171e+00 -2.462536660865755067e-01
2.208000000000000185e+00 -2.695540394783812466e-01
2.224000000000000199e+00 -2.878650717812282767e-01
2.240000000000000213e+00 -2.988827406879000503e-01
2.256000000000000227e+00 -3.113706107409052737e-01
2.272000000000000242e+00 -3.298492657014243101e-01
2.288000000000000256e+00 -3.435556259159125991e-01
2.304000000000000270e+00 -3.358412762548864117e-01
2.319999999999999840e+00 -2.977167096179221817e-01
2.335999999999999854e+00 -2.306022844411620976e-01
2.351999999999999869e+00 -1.458981884867645296e-01
2.367999999999999883e+00 -6.519106901622861994e-02
2.383999999999999897e+00 -9.573692678730946412e-03
2.399999999999999911e+00 1.865706471925458049e-02
2.415999999999999925e+00 3.690924631111136556e-02
2.431999999999999940e+00 5.963928275714358573e-02
2.447999999999999954e+00 8.079176968033022210e-02
2.463999999999999968e+00 8.281840696193372431e-02
2.479999999999999982e+00 5.713479578931946606e-02
2.495999999999999996e+00 1.214324432309836846e-02
