0.000000000000000000e+00 4.034040546157201135e+01
1.600000000000000033e-02 3.946539385027259783e+01
3.200000000000000067e-02 3.705033821991006704e+01
4.800000000000000100e-02 3.357023457252164178e+01
6.400000000000000133e-02 2.958084907224109017e+01
8.000000000000000167e-02 2.553910242003484754e+01
9.600000000000000200e-02 2.173363613281325257e+01
1.120000000000000023e-01 1.831015078016040931e+01
1.280000000000000027e-01 1.532660123850221012e+01
1.440000000000000169e-01 1.279101028450200772e+01
1.600000000000000033e-01 1.067575449309611457e+01
1.759999999999999898e-01 8.925609757096706787e+00
1.920000000000000040e-01 7.472683434427253246e+00
2.080000000000000182e-01 6.255244874054922022e+00
2.240000000000000047e-01 5.229958823072716534e+00
2.399999999999999911e-01 4.372499393452734751e+00
2.560000000000000053e-01 3.668865193460991048e+00
2.720000000000000195e-01 3.102275246879555137e+00
2.880000000000000338e-01 2.642255327842111257e+00
3.039999999999999925e-01 2.243975878474242069e+00
3.200000000000000067e-01 1.860763429825280868e+00
3.360000000000000209e-01 1.461969054320221506e+00
3.519999999999999796e-01 1.043067971760286206e+00
3.679999999999999938e-01 6.206759294291473994e-01
3.840000000000000080e-01 2.161983128229423012e-01
4.000000000000000222e-01 -1.599694217823896814e-01
4.160000000000000364e-01 -5.118014812084006326e-01
4.319999999999999951e-01 -8.474562121562292383e-01
4.480000000000000093e-01 -1.168027003008929254e+00
4.640000000000000235e-01 -1.467776641918673519e+00
4.799999999999999822e-01 -1.743098240393629039e+00
4.959999999999999964e-01 -1.996953503913156291e+00
5.120000000000000107e-01 -2.233369021665732923e+00
5.280000000000000249e-01 -2.449574649648887714e+00
5.440000000000000391e-01 -2.634176957953834552e+00
5.600000000000000533e-01 -2.771941861528478768e+00
5.760000000000000675e-01 -2.851957432710466200e+00
5.919999999999999707e-01 -2.876271073647583609e+00
6.079999999999999849e-01 -2.864068702361433516e+00
6.239999999999999991e-01 -2.845445907888472181e+00
6.400000000000000133e-01 -2.845799449176330320e+00
6.560000000000000275e-01 -2.871084593029814780e+00
6.720000000000000417e-01 -2.903939028526388633e+00
6.880000000000000560e-01 -2.912552140050215677e+00
7.039999999999999591e-01 -2.867976007003660399e+00
7.199999999999999734e-01 -2.761508712126368614e+00
7.359999999999999876e-01 -2.609949972967867460e+00
7.520000000000000018e-01 -2.442515631692201428e+00
7.680000000000000160e-01 -2.280702247916668313e+00
7.840000000000000302e-01 -2.129858571254594768e+00
8.000000000000000444e-01 -1.986289990195489796e+00
8.160000000000000586e-01 -1.848039801765213985e+00
8.320000000000000728e-01 -1.720757315622576389e+00
8.479999999999999760e-01 -1.618742988904967817e+00
8.639999999999999902e-01 -1.559908972119099735e+00
8.800000000000000044e-01 -1.552893548248906797e+00
8.960000000000000187e-01 -1.584239550317171563e+00
9.120000000000000329e-01 -1.619019536662936742e+00
9.280000000000000471e-01 -1.617837701911493342e+00
9.440000000000000613e-01 -1.557921345125377721e+00
9.599999999999999645e-01 -1.442010954620557728e+00
9.759999999999999787e-01 -1.289020932444942202e+00
9.919999999999999929e-01 -1.116466954458654515e+00
1.008000000000000007e+00 -9.316908777505438222e-01
1.024000000000000021e+00 -7.381818573055307642e-01
1.040000000000000036e+00 -5.463673230280080562e-01
1.056000000000000050e+00 -3.752315647191376558e-01
1.072000000000000064e+00 -2.434651428874912149e-01
1.088000000000000078e+00 -1.601041797062339456e-01
1.104000000000000092e+00 -1.235751173988113155e-01
1.120000000000000107e+00 -1.273620503666868242e-01
1.136000000000000121e+00 -1.616386100507437029e-01
1.152000000000000135e+00 -2.060484318873394283e-01
1.167999999999999927e+00 -2.260294403842814936e-01
1.183999999999999941e+00 -1.881014676196934576e-01
1.199999999999999956e+00 -8.590528639921111986e-02
1.215999999999999970e+00 5.182302383374948196e-02
1.231999999999999984e+00 1.843425297817890274e-01
1.247999999999999998e+00 2.905540177047712946e-01
1.264000000000000012e+00 3.774454483233954938e-01
1.280000000000000027e+00 4.609782526509347278e-01
1.296000000000000041e+00 5.437517603946280254e-01
1.312000000000000055e+00 6.125997560976855771e-01
1.328000000000000069e+00 6.548231096557632913e-01
1.344000000000000083e+00 6.726008513936484468e-01
1.360000000000000098e+00 6.796431566898551990e-01
1.376000000000000112e+00 6.854822305058846377e-01
1.392000000000000126e+00 6.868908717248501938e-01
1.407999999999999918e+00 6.760324827664718761e-01
1.423999999999999932e+00 6.526116968420285769e-01
1.439999999999999947e+00 6.219374581081721365e-01
1.455999999999999961e+00 5.815294259362376872e-01
1.471999999999999975e+00 5.177989792475435893e-01
1.487999999999999989e+00 4.226449176380556172e-01
1.504000000000000004e+00 3.110525333136722193e-01
1.520000000000000018e+00 2.155390842920403005e-01
1.536000000000000032e+00 1.617158352283394052e-01
1.552000000000000046e+00 1.535945765269121910e-01
1.568000000000000060e+00 1.833410673982675820e-01
1.584000000000000075e+00 2.468839238811172399e-01
1.600000000000000089e+00 3.409377619947929761e-01
1.616000000000000103e+00 4.463620129452044449e-01
1.632000000000000117e+00 5.249095281181113126e-01
1.648000000000000131e+00 5.403197484400855677e-01
1.664000000000000146e+00 4.833103071319092003e-01
1.679999999999999938e+00 3.745007727611232573e-01
1.695999999999999952e+00 2.442191945243481210e-01
1.711999999999999966e+00 1.118891072519919844e-01
1.727999999999999980e+00 -1.554453812708670758e-02
1.743999999999999995e+00 -1.303877550325578394e-01
1.760000000000000009e+00 -2.164338270984494939e-01
1.776000000000000023e+00 -2.576132148909116570e-01
1.792000000000000037e+00 -2.525846697783595829e-01
1.808000000000000052e+00 -2.181901150631098962e-01
1.824000000000000066e+00 -1.784014671513219907e-01
1.840000000000000080e+00 -1.499211517088958889e-01
1.856000000000000094e+00 -1.360969172728220544e-01
1.872000000000000108e+00 -1.315757929084865885e-01
1.888000000000000123e+00 -1.311719286769719162e-01
1.904000000000000137e+00 -1.340345883519177550e-01
1.919999999999999929e+00 -1.410362904556588526e-01
1.935999999999999943e+00 -1.522082105918530215e-01
1.951999999999999957e+00 -1.686261961534593345e-01
1.967999999999999972e+00 -1.924736769565137118e-01
1.983999999999999986e+00 -2.199373939180441495e-01
2.000000000000000000e+00 -2.357945656991187744e-01
2.016000000000000014e+00 -2.216880165898693633e-01
2.032000000000000028e+00 -1.733238182701907215e-01
2.048000000000000043e+00 -1.092371952793056433e-01
2.064000000000000057e+00 -6.270249121045964880e-02
2.080000000000000071e+00 -6.404561350430612587e-02
2.096000000000000085e+00 -1.246696265465884190e-01
2.112000000000000099e+00 -2.297965503144694110e-01
2.128000000000000114e+00 -3.437377217431790699e-01
2.144000000000000128e+00 -4.274972351976611962e-01
2.160000000000000142e+00 -4.597948880842436803e-01
2.176000000000000156e+00 -4.464809530435971396e-01
2.192000000000000171e+00 -4.105535752774048808e-01
2.208000000000000185e+00 -3.716763534157347948e-01
2.224000000000000199e+00 -3.322705813016866294e-01
2.240000000000000213e+00 -2.789597307744848265e-01
2.256000000000000227e+00 -1.960744287048845069e-01
2.272000000000000242e+00 -8.279088167138914933e-02
2.288000000000000256e+00 3.750687799488382212e-02
2.304000000000000270e+00 1.270752301669192119e-01
2.319999999999999840e+00 1.599687112913970033e-01
2.335999999999999854e+00 1.418225969677094911e-01
2.351999999999999869e+00 1.037293030508153885e-01
2.367999999999999883e+00 7.734656006186677035e-02
2.383999999999999897e+00 7.469062952218288864e-02
2.399999999999999911e+00 8.596773582780384282e-02
2.415999999999999925e+00 9.204031667223630531e-02
2.431999999999999940e+00 8.095403837723888496e-02
2.447999999999999954e+00 5.677011147302053751e-02
2.463999999999999968e+00 3.323600510063289687e-02
2.479999999999999982e+00 1.811964053108334680e-02
2.495999999999999996e+00 4.727551819779907995e-03
