0.000000000000000000e+00 4.004947359153878494e+01
1.600000000000000033e-02 3.923131954113542719e+01
3.200000000000000067e-02 3.698573791650593279e+01
4.800000000000000100e-02 3.375089148560402919e+01
6.400000000000000133e-02 3.002951835305077211e+01
8.000000000000000167e-02 2.624014259029144469e+01
9.600000000000000200e-02 2.267115626825225050e+01
1.120000000000000023e-01 1.948646677314225428e+01
1.280000000000000027e-01 1.673842453218754400e+01
1.440000000000000169e-01 1.439890788525783272e+01
1.600000000000000033e-01 1.241281782985159587e+01
1.759999999999999898e-01 1.073596513263961150e+01
1.920000000000000040e-01 9.330962525910711847e+00
2.080000000000000182e-01 8.148206295822506107e+00
2.240000000000000047e-01 7.129700665409445470e+00
2.399999999999999911e-01 6.231624893832933942e+00
2.560000000000000053e-01 5.436230016041116997e+00
2.720000000000000195e-01 4.741414185006207482e+00
2.880000000000000338e-01 4.138819137879401033e+00
3.039999999999999925e-01 3.598248684261405206e+00
3.200000000000000067e-01 3.075801562539204781e+00
3.360000000000000209e-01 2.544484325371661804e+00
3.519999999999999796e-01 2.013803016817468095e+00
3.679999999999999938e-01 1.511740016286861277e+00
3.840000000000000080e-01 1.054890583324941122e+00
4.000000000000000222e-01 6.471506612610666842e-01
4.160000000000000364e-01 2.962527313141600782e-01
4.319999999999999951e-01 1.131319987017488475e-02
4.480000000000000093e-01 -2.146305491669925347e-01
4.640000000000000235e-01 -4.057290493100272344e-01
4.799999999999999822e-01 -5.850303863583782293e-01
4.959999999999999964e-01 -7.588188372955857464e-01
5.120000000000000107e-01 -9.167247652675639680e-01
5.280000000000000249e-01 -1.046942591469522510e+00
5.440000000000000391e-01 -1.153662710644837830e+00
5.600000000000000533e-01 -1.254299535332794369e+00
5.760000000000000675e-01 -1.355806482614472896e+00
5.919999999999999707e-01 -1.443882844539059018e+00
6.079999999999999849e-01 -1.502930583163576639e+00
6.239999999999999991e-01 -1.535250793636984135e+00
6.400000000000000133e-01 -1.550201707256634531e+00
6.560000000000000275e-01 -1.545503834896840178e+00
6.720000000000000417e-01 -1.513953035420560589e+00
6.880000000000000560e-01 -1.462751677991884769e+00
7.039999999999999591e-01 -1.410824891871790054e+00
7.199999999999999734e-01 -1.367111545596837896e+00
7.359999999999999876e-01 -1.324416256598924591e+00
7.520000000000000018e-01 -1.277597595877835390e+00
7.680000000000000160e-01 -1.235924320279390587e+00
7.840000000000000302e-01 -1.209909052577610833e+00
8.000000000000000444e-01 -1.193866243634986946e+00
8.160000000000000586e-01 -1.171434234429734156e+00
8.320000000000000728e-01 -1.134903003946086342e+00
8.479999999999999760e-01 -1.088793649333191560e+00
8.639999999999999902e-01 -1.034450348655281848e+00
8.800000000000000044e-01 -9.624216007034894771e-01
8.960000000000000187e-01 -8.659350063278828946e-01
9.120000000000000329e-01 -7.545160882507042643e-01
9.280000000000000471e-01 -6.464475204414950049e-01
9.440000000000000613e-01 -5.508337779984523452e-01
9.599999999999999645e-01 -4.629270358316985856e-01
9.759999999999999787e-01 -3.748397486106341825e-01
9.919999999999999929e-01 -2.860426228151005668e-01
1.008000000000000007e+00 -2.042853643511099160e-01
1.024000000000000021e+00 -1.375836500231289450e-01
1.040000000000000036e+00 -8.275133325022471231e-02
1.056000000000000050e+00 -2.317969328209359622e-02
1.072000000000000064e+00 5.601690315353296395e-02
1.088000000000000078e+00 1.512865041049422654e-01
1.104000000000000092e+00 2.441567700646099237e-01
1.120000000000000107e+00 3.175415392686437022e-01
1.136000000000000121e+00 3.621854950576116061e-01
1.152000000000000135e+00 3.746968631054703458e-01
1.167999999999999927e+00 3.617636601008936137e-01
1.183999999999999941e+00 3.439862893866894589e-01
1.199999999999999956e+00 3.451806897394908424e-01
1.215999999999999970e+00 3.753016238425355144e-01
1.231999999999999984e+00 4.245633548860585638e-01
1.247999999999999998e+00 4.724766399261998151e-01
1.264000000000000012e+00 5.057515845938475030e-01
1.280000000000000027e+00 5.330422429278608432e-01
1.296000000000000041e+00 5.784326428871459091e-01
1.312000000000000055e+00 6.542035479232890527e-01
1.328000000000000069e+00 7.458330414617920789e-01
1.344000000000000083e+00 8.313856276945392754e-01
1.360000000000000098e+00 9.078904579530775454e-01
1.376000000000000112e+00 9.876456890230547181e-01
1.392000000000000126e+00 1.074673628848781926e+00
1.407999999999999918e+00 1.157031548524106501e+00
1.423999999999999932e+00 1.218502998573884000e+00
1.439999999999999947e+00 1.246208704231897002e+00
1.455999999999999961e+00 1.229061698256622703e+00
1.471999999999999975e+00 1.161151196470685099e+00
1.487999999999999989e+00 1.051515331500560979e+00
1.504000000000000004e+00 9.276585558303935830e-01
1.520000000000000018e+00 8.255124433919783788e-01
1.536000000000000032e+00 7.685133545017193146e-01
1.552000000000000046e+00 7.492063024704204155e-01
1.568000000000000060e+00 7.348991875663409834e-01
1.584000000000000075e+00 6.988664481182870203e-01
1.600000000000000089e+00 6.420487278715950596e-01
1.616000000000000103e+00 5.780719462802134112e-01
1.632000000000000117e+00 5.078780424875486421e-01
1.648000000000000131e+00 4.249946339383570137e-01
1.664000000000000146e+00 3.397232180524495382e-01
1.679999999999999938e+00 2.765662132815367436e-01
1.695999999999999952e+00 2.425114232244589274e-01
1.711999999999999966e+00 2.145001532556632395e-01
1.727999999999999980e+00 1.688917414170199582e-01
1.743999999999999995e+00 1.125150023063025001e-01
1.760000000000000009e+00 7.169095933586801250e-02
1.776000000000000023e+00 5.580541916625757909e-02
1.792000000000000037e+00 4.433024653356945621e-02
1.808000000000000052e+00 8.571129668565940704e-03
1.824000000000000066e+00 -6.449210572294498955e-02
1.840000000000000080e+00 -1.689862698474058900e-01
1.856000000000000094e+00 -2.873149359598843877e-01
1.872000000000000108e+00 -3.954109054401357404e-01
1.888000000000000123e+00 -4.700884470263310688e-01
1.904000000000000137e+00 -4.990626687571884101e-01
1.919999999999999929e+00 -4.834028205512806431e-01
1.935999999999999943e+00 -4.323674639458013891e-01
1.951999999999999957e+00 -3.617861167110811293e-01
1.967999999999999972e+00 -2.938416514703634519e-01
1.983999999999999986e+00 -2.466401273034041497e-01
2.000000000000000000e+00 -2.223978160943399507e-01
2.016000000000000014e+00 -2.145824289384832273e-01
2.032000000000000028e+00 -2.250666455357861195e-01
2.048000000000000043e+00 -2.618777431986646920e-01
2.064000000000000057e+00 -3.208144921762343116e-01
2.080000000000000071e+00 -3.845605629354406085e-01
2.096000000000000085e+00 -4.422629468131221153e-01
2.112000000000000099e+00 -4.959233055237620702e-01
2.128000000000000114e+00 -5.455574469350340516e-01
2.144000000000000128e+00 -5.824301677862370186e-01
2.160000000000000142e+00 -6.001686885074192235e-01
2.176000000000000156e+00 -6.014682632944208240e-01
2.192000000000000171e+00 -5.920245009434887962e-01
2.208000000000000185e+00 -5.755867612717175952e-01
2.224000000000000199e+00 -5.552043023475206063e-01
2.240000000000000213e+00 -5.360420116093800313e-01
2.256000000000000227e+00 -5.278862655038036866e-01
2.272000000000000242e+00 -5.396450010099586025e-01
2.288000000000000256e+00 -5.624003226425149382e-01
2.304000000000000270e+00 -5.647560779791234165e-01
2.319999999999999840e+00 -5.198491538625491515e-01
2.335999999999999854e+00 -4.333997642451130616e-01
2.351999999999999869e+00 -3.319746260429928819e-01
2.367999999999999883e+00 -2.300804376504474447e-01
2.383999999999999897e+00 -1.259540613890497429e-01
2.399999999999999911e+00 -2.572916605851525984e-02
2.415999999999999925e+00 4.912470055319011902e-02
2.431999999999999940e+00 8.394153239793129828e-02
2.447999999999999954e+00 8.655868415497831869e-02
2.463999999999999968e+00 7.373078065691469896e-02
2.479999999999999982e+00 5.094422063150153002e-02
2.495999999999999996e+00 1.257605556711453333e-02
