0.000000000000000000e+00 3.937351352370765056e+01
1.600000000000000033e-02 3.856122271442082905e+01
3.200000000000000067e-02 3.632670373569999356e+01
4.800000000000000100e-02 3.309240673755675033e+01
6.400000000000000133e-02 2.936942050320125830e+01
8.000000000000000167e-02 2.560404527832321975e+01
9.600000000000000200e-02 2.209137114631307952e+01
1.120000000000000023e-01 1.896069494340956041e+01
1.280000000000000027e-01 1.622309244271519901e+01
1.440000000000000169e-01 1.384362297650251961e+01
1.600000000000000033e-01 1.178467661759208696e+01
1.759999999999999898e-01 1.000903143284417851e+01
1.920000000000000040e-01 8.476614276620077604e+00
2.080000000000000182e-01 7.153962018900440256e+00
2.240000000000000047e-01 6.020605242678858104e+00
2.399999999999999911e-01 5.060985938864626554e+00
2.560000000000000053e-01 4.253718009445448978e+00
2.720000000000000195e-01 3.570053118610697851e+00
2.880000000000000338e-01 2.978008167641808868e+00
3.039999999999999925e-01 2.444846563167044184e+00
3.200000000000000067e-01 1.938869091769487296e+00
3.360000000000000209e-01 1.435466010399705450e+00
3.519999999999999796e-01 9.262167818416490173e-01
3.679999999999999938e-01 4.224002208149947313e-01
3.840000000000000080e-01 -5.297416381109813083e-02
4.000000000000000222e-01 -4.790314839443599593e-01
4.160000000000000364e-01 -8.460833048225766539e-01
4.319999999999999951e-01 -1.156247753173510473e+00
4.480000000000000093e-01 -1.418495981882551771e+00
4.640000000000000235e-01 -1.641026350345764495e+00
4.799999999999999822e-01 -1.826201789594339875e+00
4.959999999999999964e-01 -1.974196044873967493e+00
5.120000000000000107e-01 -2.091127767881904465e+00
5.280000000000000249e-01 -2.189494130654681125e+00
5.440000000000000391e-01 -2.278221873128980057e+00
5.600000000000000533e-01 -2.353004361283747237e+00
5.760000000000000675e-01 -2.398803391322891443e+00
5.919999999999999707e-01 -2.406009220998657661e+00
6.079999999999999849e-01 -2.384723251855282111e+00
6.239999999999999991e-01 -2.357323487826604502e+00
6.400000000000000133e-01 -2.335607634262245824e+00
6.560000000000000275e-01 -2.311017854362941382e+00
6.720000000000000417e-01 -2.265385742471546671e+00
6.880000000000000560e-01 -2.184004986088477374e+00
7.039999999999999591e-01 -2.065132739627265401e+00
7.199999999999999734e-01 -1.928906758211585748e+00
7.359999999999999876e-01 -1.810468351590526881e+00
7.520000000000000018e-01 -1.731951417818808903e+00
7.680000000000000160e-01 -1.686032001096685384e+00
7.840000000000000302e-01 -1.652946997011591534e+00
8.000000000000000444e-01 -1.623292407477191723e+00
8.160000000000000586e-01 -1.598741373219523920e+00
8.320000000000000728e-01 -1.583298575300092104e+00
8.479999999999999760e-01 -1.579966124718676035e+00
8.639999999999999902e-01 -1.583655676999683237e+00
8.800000000000000044e-01 -1.571491871665980256e+00
8.960000000000000187e-01 -1.511233492031306191e+00
9.120000000000000329e-01 -1.385863216057159564e+00
9.280000000000000471e-01 -1.204820148085881559e+00
9.440000000000000613e-01 -9.932206971328297884e-01
9.599999999999999645e-01 -7.805095307317928555e-01
9.759999999999999787e-01 -5.958157685139028326e-01
9.919999999999999929e-01 -4.563492916829276491e-01
1.008000000000000007e+00 -3.545942849847569800e-01
1.024000000000000021e+00 -2.673889687763303935e-01
1.040000000000000036e+00 -1.812350325190688061e-01
1.056000000000000050e+00 -1.015462574881682983e-01
1.072000000000000064e+00 -3.741239183262740076e-02
1.088000000000000078e+00 1.341955173434853342e-02
1.104000000000000092e+00 6.216581527042731176e-02
1.120000000000000107e+00 1.182266995845123597e-01
1.136000000000000121e+00 1.842020921107124787e-01
1.152000000000000135e+00 2.586578879664366282e-01
1.167999999999999927e+00 3.410970519096131470e-01
1.183999999999999941e+00 4.348567643846501518e-01
1.199999999999999956e+00 5.451666901944810517e-01
1.215999999999999970e+00 6.708703908548602213e-01
1.231999999999999984e+00 7.955150193893087973e-01
1.247999999999999998e+00 8.899400242813193529e-01
1.264000000000000012e+00 9.298164719576387238e-01
1.280000000000000027e+00 9.145420664693553192e-01
1.296000000000000041e+00 8.698228250537919370e-01
1.312000000000000055e+00 8.295017734935390408e-01
1.328000000000000069e+00 8.107588585341847232e-01
1.344000000000000083e+00 8.054408534338187708e-01
1.360000000000000098e+00 7.949552547894462862e-01
1.376000000000000112e+00 7.692957909538681305e-01
1.392000000000000126e+00 7.302656781161381838e-01
1.407999999999999918e+00 6.847728457620082532e-01
1.423999999999999932e+00 6.413394357335384655e-01
1.439999999999999947e+00 6.065438431152118115e-01
1.455999999999999961e+00 5.786064964030755986e-01
1.471999999999999975e+00 5.497871711591715282e-01
1.487999999999999989e+00 5.184346112908815307e-01
1.504000000000000004e+00 4.905806637414120153e-01
1.520000000000000018e+00 4.658727093129864660e-01
1.536000000000000032e+00 4.322140355659913613e-01
1.552000000000000046e+00 3.808383116921920664e-01
1.568000000000000060e+00 3.176426697581082870e-01
1.584000000000000075e+00 2.536465313914085251e-01
1.600000000000000089e+00 1.939256834834560128e-01
1.616000000000000103e+00 1.404507102575716371e-01
1.632000000000000117e+00 9.292136904016812249e-02
1.648000000000000131e+00 4.103627082405331833e-02
1.664000000000000146e+00 -3.097622999806051367e-02
1.679999999999999938e+00 -1.265760575173117963e-01
1.695999999999999952e+00 -2.333390303526815257e-01
1.711999999999999966e+00 -3.356922505935409085e-01
1.727999999999999980e+00 -4.191079250258160083e-01
1.743999999999999995e+00 -4.670179101252540654e-01
1.760000000000000009e+00 -4.701035855394830043e-01
1.776000000000000023e+00 -4.379953844612939906e-01
1.792000000000000037e+00 -3.919131174110606075e-01
1.808000000000000052e+00 -3.492056572331487807e-01
1.824000000000000066e+00 -3.210201732746539305e-01
1.840000000000000080e+00 -3.164999839665953441e-01
1.856000000000000094e+00 -3.389458501552215508e-01
1.872000000000000108e+00 -3.806935359102464056e-01
1.888000000000000123e+00 -4.285298172107965264e-01
1.904000000000000137e+00 -4.741654370300497079e-01
1.919999999999999929e+00 -5.176783829569402418e-01
1.935999999999999943e+00 -5.629793646917331529e-01
1.951999999999999957e+00 -6.126729171232404569e-01
1.967999999999999972e+00 -6.663198007779098653e-01
1.983999999999999986e+00 -7.201775888752702803e-01
2.000000000000000000e+00 -7.666246423552728340e-01
2.016000000000000014e+00 -7.960434889306519102e-01
2.032000000000000028e+00 -8.040886562918488911e-01
2.048000000000000043e+00 -7.990408102108931265e-01
2.064000000000000057e+00 -7.988110417842805289e-01
2.080000000000000071e+00 -8.172035028506341447e-01
2.096000000000000085e+00 -8.524207808212619364e-01
2.112000000000000099e+00 -8.875515297507822199e-01
2.128000000000000114e+00 -8.999463641989390306e-01
2.144000000000000128e+00 -8.729897881977316532e-01
2.160000000000000142e+00 -8.063235586406052313e-01
2.176000000000000156e+00 -7.188604553049354751e-01
2.192000000000000171e+00 -6.395378280232676405e-01
2.208000000000000185e+00 -5.894298983640851031e-01
2.224000000000000199e+00 -5.684649932137858519e-01
2.240000000000000213e+00 -5.600448350775434347e-01
2.256000000000000227e+00 -5.497644441124148740e-01
2.272000000000000242e+00 -5.355219633621524089e-01
2.288000000000000256e+00 -5.190101725900091445e-01
2.304000000000000270e+00 -4.985579351096955936e-01
2.319999999999999840e+00 -4.753922563707005944e-01
2.335999999999999854e+00 -4.547973836304901596e-01
2.351999999999999869e+00 -4.358534149406320668e-01
2.367999999999999883e+00 -4.123627159016035049e-01
2.383999999999999897e+00 -3.853422819057314430e-01
2.399999999999999911e+00 -3.590625762970068302e-01
2.415999999999999925e+00 -3.248845415949567217e-01
2.431999999999999940e+00 -2.666568303685553087e-01
2.447999999999999954e+00 -1.838975404905074940e-01
2.463999999999999968e+00 -9.696595700188290201e-02
2.479999999999999982e+00 -3.067404287415022301e-02
2.495999999999999996e+00 -1.081492651733030911e-03
