0.000000000000000000e+00 4.130935859794471554e+01
1.600000000000000033e-02 4.042456686183010106e+01
3.200000000000000067e-02 3.800651086095393083e+01
4.800000000000000100e-02 3.454364486510302612e+01
6.400000000000000133e-02 3.058635091758197078e+01
8.000000000000000167e-02 2.658018528355637145e+01
9.600000000000000200e-02 2.281254493305965880e+01
1.120000000000000023e-01 1.942672456333076170e+01
1.280000000000000027e-01 1.646367510547602109e+01
1.440000000000000169e-01 1.391486786227557992e+01
1.600000000000000033e-01 1.175797497657142010e+01
1.759999999999999898e-01 9.960546294050162786e+00
1.920000000000000040e-01 8.478534475427700556e+00
2.080000000000000182e-01 7.269914140763217958e+00
2.240000000000000047e-01 6.299071287476020409e+00
2.399999999999999911e-01 5.517762917828451741e+00
2.560000000000000053e-01 4.860053260134686859e+00
2.720000000000000195e-01 4.273098269998344634e+00
2.880000000000000338e-01 3.737411512353781884e+00
3.039999999999999925e-01 3.241324761561718670e+00
3.200000000000000067e-01 2.757762553696074814e+00
3.360000000000000209e-01 2.270143001607730415e+00
3.519999999999999796e-01 1.798668289534574027e+00
3.679999999999999938e-01 1.367206617507782607e+00
3.840000000000000080e-01 9.584488739161517445e-01
4.000000000000000222e-01 5.368708542743332313e-01
4.160000000000000364e-01 1.066341198175662364e-01
4.319999999999999951e-01 -2.900804119147291638e-01
4.480000000000000093e-01 -6.303103584665986636e-01
4.640000000000000235e-01 -9.324207638547054033e-01
4.799999999999999822e-01 -1.218627133433196619e+00
4.959999999999999964e-01 -1.484529225240961203e+00
5.120000000000000107e-01 -1.710870790480067072e+00
5.280000000000000249e-01 -1.881867830815514342e+00
5.440000000000000391e-01 -1.988930070863610622e+00
5.600000000000000533e-01 -2.038209376849854149e+00
5.760000000000000675e-01 -2.054921227177729737e+00
5.919999999999999707e-01 -2.058124952085201187e+00
6.079999999999999849e-01 -2.035351701430446525e+00
6.239999999999999991e-01 -1.970254002912819491e+00
6.400000000000000133e-01 -1.890195717947164677e+00
6.560000000000000275e-01 -1.847919100473160547e+00
6.720000000000000417e-01 -1.851039960971207599e+00
6.880000000000000560e-01 -1.848624291230032135e+00
7.039999999999999591e-01 -1.801206099589823584e+00
7.199999999999999734e-01 -1.730772830063186829e+00
7.359999999999999876e-01 -1.685597796834057860e+00
7.520000000000000018e-01 -1.685264356394421403e+00
7.680000000000000160e-01 -1.717306152955311971e+00
7.840000000000000302e-01 -1.759995501259770334e+00
8.000000000000000444e-01 -1.786825980250363211e+00
8.160000000000000586e-01 -1.769518261438735918e+00
8.320000000000000728e-01 -1.698789388747508511e+00
8.479999999999999760e-01 -1.590686592109297637e+00
8.639999999999999902e-01 -1.460008023820324796e+00
8.800000000000000044e-01 -1.302173076094104376e+00
8.960000000000000187e-01 -1.111163137060709571e+00
9.120000000000000329e-01 -8.967449456787386364e-01
9.280000000000000471e-01 -6.736961101685028375e-01
9.440000000000000613e-01 -4.566125256619297246e-01
9.599999999999999645e-01 -2.770814073667480226e-01
9.759999999999999787e-01 -1.744450603130111854e-01
9.919999999999999929e-01 -1.430191768820307796e-01
1.008000000000000007e+00 -1.133529826499750509e-01
1.024000000000000021e+00 -1.928460526896481550e-02
1.040000000000000036e+00 1.304629154655941037e-01
1.056000000000000050e+00 2.757805155523597729e-01
1.072000000000000064e+00 3.841084395327677425e-01
1.088000000000000078e+00 4.723346665492499374e-01
1.104000000000000092e+00 5.604871250672353034e-01
1.120000000000000107e+00 6.416718530543308319e-01
1.136000000000000121e+00 7.015827211436956867e-01
1.152000000000000135e+00 7.392834735160587201e-01
1.167999999999999927e+00 7.609011155463063503e-01
1.183999999999999941e+00 7.715413671226849512e-01
1.199999999999999956e+00 7.788213586087112672e-01
1.215999999999999970e+00 7.912552676706648969e-01
1.231999999999999984e+00 8.118870993788059875e-01
1.247999999999999998e+00 8.431640464745905339e-01
1.264000000000000012e+00 8.913894189339400809e-01
1.280000000000000027e+00 9.516936169168140891e-01
1.296000000000000041e+00 9.976021317046741554e-01
1.312000000000000055e+00 1.006970974230410043e+00
1.328000000000000069e+00 9.940019747188575394e-01
1.344000000000000083e+00 9.942012058135889507e-01
1.360000000000000098e+00 1.020851104697991341e+00
1.376000000000000112e+00 1.058304851309800787e+00
1.392000000000000126e+00 1.094705847301722823e+00
1.407999999999999918e+00 1.134694139347002695e+00
1.423999999999999932e+00 1.176943535723343093e+00
1.439999999999999947e+00 1.204822551184677737e+00
1.455999999999999961e+00 1.210206853010340033e+00
1.471999999999999975e+00 1.211758838531804994e+00
1.487999999999999989e+00 1.241319406938899306e+00
1.504000000000000004e+00 1.317736946343760707e+00
1.520000000000000018e+00 1.429574559528541400e+00
1.536000000000000032e+00 1.532154673386729282e+00
1.552000000000000046e+00 1.569959892531653356e+00
1.568000000000000060e+00 1.521630317748693617e+00
1.584000000000000075e+00 1.420701313295298363e+00
1.600000000000000089e+00 1.315572725829679879e+00
1.616000000000000103e+00 1.215988239603109644e+00
1.632000000000000117e+00 1.101583042948228730e+00
1.648000000000000131e+00 9.752607677589183455e-01
1.664000000000000146e+00 8.727190654649097379e-01
1.679999999999999938e+00 8.126169364235691361e-01
1.695999999999999952e+00 7.693361086762632306e-01
1.711999999999999966e+00 7.082061559915395765e-01
1.727999999999999980e+00 6.208574406876877783e-01
1.743999999999999995e+00 5.120914472558353303e-01
1.760000000000000009e+00 3.792207891048117174e-01
1.776000000000000023e+00 2.257939710930653709e-01
1.792000000000000037e+00 7.904749419670314969e-02
1.808000000000000052e+00 -2.456806155205798481e-02
1.824000000000000066e+00 -6.405933637038979667e-02
1.840000000000000080e+00 -4.121844083548283771e-02
1.856000000000000094e+00 1.988240012405750531e-02
1.872000000000000108e+00 7.844673101362448220e-02
1.888000000000000123e+00 1.055341891176558855e-01
1.904000000000000137e+00 1.158779196894174635e-01
1.919999999999999929e+00 1.510092663139668834e-01
1.935999999999999943e+00 2.239163950016644644e-01
1.951999999999999957e+00 3.034159761719430470e-01
1.967999999999999972e+00 3.597551822371167218e-01
1.983999999999999986e+00 3.943048638526711058e-01
2.000000000000000000e+00 4.082127968026560971e-01
2.016000000000000014e+00 3.760395414668332159e-01
2.032000000000000028e+00 2.823115320796739658e-01
2.048000000000000043e+00 1.633087928901020836e-01
2.064000000000000057e+00 8.003485540558970268e-02
2.080000000000000071e+00 5.965788202022945241e-02
2.096000000000000085e+00 8.520227253176206050e-02
2.112000000000000099e+00 1.263608537910234642e-01
2.128000000000000114e+00 1.551102026367509878e-01
2.144000000000000128e+00 1.472600552972278265e-01
2.160000000000000142e+00 9.979448868595722222e-02
2.176000000000000156e+00 4.184394406131267813e-02
2.192000000000000171e+00 8.220526181514420383e-03
2.208000000000000185e+00 1.054110757702206129e-02
2.224000000000000199e+00 4.901784062416393584e-02
2.240000000000000213e+00 1.311210530523307105e-01
2.256000000000000227e+00 2.497366008390488334e-01
2.272000000000000242e+00 3.595476191479633488e-01
2.288000000000000256e+00 4.123698251266578185e-01
2.304000000000000270e+00 4.113637717965483720e-01
2.319999999999999840e+00 3.979964872343529358e-01
2.335999999999999854e+00 3.907597676340267556e-01
2.351999999999999869e+00 3.731207071516683960e-01
2.367999999999999883e+00 3.396666791542471975e-01
2.383999999999999897e+00 3.113794960271463741e-01
2.399999999999999911e+00 2.957942939274877392e-01
2.415999999999999925e+00 2.701190618337346305e-01
2.431999999999999940e+00 2.195811629643108498e-01
2.447999999999999954e+00 1.620395608146120159e-01
2.463999999999999968e+00 1.176787818133875618e-01
2.479999999999999982e+00 7.780844928210184364e-02
2.495999999999999996e+00 1.915113892643217214e-02
