0.000000000000000000e+00 3.958368181614262227e+01
1.600000000000000033e-02 3.875403454234669454e+01
3.200000000000000067e-02 3.646622856358803944e+01
4.800000000000000100e-02 3.316607082524910766e+01
6.400000000000000133e-02 2.939451765224054114e+01
8.000000000000000167e-02 2.561365093695351902e+01
9.600000000000000200e-02 2.211344813369734652e+01
1.120000000000000023e-01 1.901401149884561192e+01
1.280000000000000027e-01 1.632401703709944485e+01
1.440000000000000169e-01 1.400360366521635669e+01
1.600000000000000033e-01 1.200228917184990962e+01
1.759999999999999898e-01 1.027254341783837255e+01
1.920000000000000040e-01 8.772738520244013571e+00
2.080000000000000182e-01 7.467327879607159602e+00
2.240000000000000047e-01 6.325747060144349732e+00
2.399999999999999911e-01 5.324525479516727167e+00
2.560000000000000053e-01 4.455570232114670404e+00
2.720000000000000195e-01 3.729123947471723710e+00
2.880000000000000338e-01 3.155214938014446080e+00
3.039999999999999925e-01 2.712319708793359041e+00
3.200000000000000067e-01 2.338113810284645933e+00
3.360000000000000209e-01 1.960169288676768318e+00
3.519999999999999796e-01 1.537870826468472174e+00
3.679999999999999938e-01 1.073801441282650648e+00
3.840000000000000080e-01 5.924429528706000037e-01
4.000000000000000222e-01 1.190037780323569272e-01
4.160000000000000364e-01 -3.243604572212661630e-01
4.319999999999999951e-01 -7.194223646627481150e-01
4.480000000000000093e-01 -1.059641558513895188e+00
4.640000000000000235e-01 -1.349940166075218384e+00
4.799999999999999822e-01 -1.590586396268195646e+00
4.959999999999999964e-01 -1.767806477654268349e+00
5.120000000000000107e-01 -1.871004592814386358e+00
5.280000000000000249e-01 -1.915796184225099230e+00
5.440000000000000391e-01 -1.937420981266776643e+00
5.600000000000000533e-01 -1.959559999033863686e+00
5.760000000000000675e-01 -1.980304631673285520e+00
5.919999999999999707e-01 -1.993273783296437562e+00
6.079999999999999849e-01 -2.012557588794793517e+00
6.239999999999999991e-01 -2.067023179009141565e+00
6.400000000000000133e-01 -2.172182203228713693e+00
6.560000000000000275e-01 -2.312412812448089827e+00
6.720000000000000417e-01 -2.446787937722464612e+00
6.880000000000000560e-01 -2.527741137082627709e+00
7.039999999999999591e-01 -2.523042887792983802e+00
7.199999999999999734e-01 -2.436635023383846743e+00
7.359999999999999876e-01 -2.314064388233763037e+00
7.520000000000000018e-01 -2.217815366629653173e+00
7.680000000000000160e-01 -2.185706546797273830e+00
7.840000000000000302e-01 -2.209048440882784181e+00
8.000000000000000444e-01 -2.248400839271396556e+00
8.160000000000000586e-01 -2.264992127486559870e+00
8.320000000000000728e-01 -2.237476553851918126e+00
8.479999999999999760e-01 -2.161079081447530914e+00
8.639999999999999902e-01 -2.044070578011510264e+00
8.800000000000000044e-01 -1.904128692699789571e+00
8.960000000000000187e-01 -1.755584557868504536e+00
9.120000000000000329e-01 -1.593008732957890805e+00
9.280000000000000471e-01 -1.393193222860899194e+00
9.440000000000000613e-01 -1.143150437040803213e+00
9.599999999999999645e-01 -8.687978232448915206e-01
9.759999999999999787e-01 -6.307657954707378556e-01
9.919999999999999929e-01 -4.847952200988662197e-01
1.008000000000000007e+00 -4.409991329871985610e-01
1.024000000000000021e+00 -4.584458187399502727e-01
1.040000000000000036e+00 -4.774593704388896964e-01
1.056000000000000050e+00 -4.583435565182217841e-01
1.072000000000000064e+00 -3.953873465481703708e-01
1.088000000000000078e+00 -3.037218544031471401e-01
1.104000000000000092e+00 -1.994491835536540414e-01
1.120000000000000107e+00 -8.977975522827023880e-02
1.136000000000000121e+00 2.620743950227866215e-02
1.152000000000000135e+00 1.521108336424491780e-01
1.167999999999999927e+00 2.876521028151270420e-01
1.183999999999999941e+00 4.252109099658221703e-01
1.199999999999999956e+00 5.540612524545536210e-01
1.215999999999999970e+00 6.686995488191003201e-01
1.231999999999999984e+00 7.707985860690546032e-01
1.247999999999999998e+00 8.629278376957698615e-01
1.264000000000000012e+00 9.442255314095391316e-01
1.280000000000000027e+00 1.012337689020174958e+00
1.296000000000000041e+00 1.062612187629283778e+00
1.312000000000000055e+00 1.082377181609555095e+00
1.328000000000000069e+00 1.055839473102898163e+00
1.344000000000000083e+00 9.858443668807007620e-01
1.360000000000000098e+00 9.067171887873469727e-01
1.376000000000000112e+00 8.613764105229881896e-01
1.392000000000000126e+00 8.612376008287828677e-01
1.407999999999999918e+00 8.766923953803518188e-01
1.423999999999999932e+00 8.702461400949818016e-01
1.439999999999999947e+00 8.310415376466735449e-01
1.455999999999999961e+00 7.741838684573014717e-01
1.471999999999999975e+00 7.188526878960518340e-01
1.487999999999999989e+00 6.783266345853571355e-01
1.504000000000000004e+00 6.633082235602508758e-01
1.520000000000000018e+00 6.780244623356357359e-01
1.536000000000000032e+00 7.104051834627913564e-01
1.552000000000000046e+00 7.379509274962947618e-01
1.568000000000000060e+00 7.494335923388550924e-01
1.584000000000000075e+00 7.545128199568243987e-01
1.600000000000000089e+00 7.676308504798309285e-01
1.616000000000000103e+00 7.880529077285560735e-01
1.632000000000000117e+00 7.996462784922190314e-01
1.648000000000000131e+00 7.835554609237977974e-01
1.664000000000000146e+00 7.249473960634954528e-01
1.679999999999999938e+00 6.147158528941101263e-01
1.695999999999999952e+00 4.575163341580936738e-01
1.711999999999999966e+00 2.789983160447945254e-01
1.727999999999999980e+00 1.136363360408308154e-01
1.743999999999999995e+00 -2.197290873045742304e-02
1.760000000000000009e+00 -1.392642594539374723e-01
1.776000000000000023e+00 -2.550331920806349628e-01
1.792000000000000037e+00 -3.604363692635824123e-01
1.808000000000000052e+00 -4.186796348885385433e-01
1.824000000000000066e+00 -3.964178919281532432e-01
1.840000000000000080e+00 -2.978104596275165661e-01
1.856000000000000094e+00 -1.693895013638547498e-01
1.872000000000000108e+00 -7.239822390050726364e-02
1.888000000000000123e+00 -4.531001820800045071e-02
1.904000000000000137e+00 -8.379274500857601671e-02
1.919999999999999929e+00 -1.503454075302323445e-01
1.935999999999999943e+00 -2.034485181358357819e-01
1.951999999999999957e+00 -2.225177755325888906e-01
1.967999999999999972e+00 -2.117107087012058964e-01
1.983999999999999986e+00 -1.860590696418895629e-01
2.000000000000000000e+00 -1.564086469565300064e-01
2.016000000000000014e+00 -1.242529430720851202e-01
2.032000000000000028e+00 -8.506711170729414073e-02
2.048000000000000043e+00 -3.453688856398692136e-02
2.064000000000000057e+00 2.466719924186694390e-02
2.080000000000000071e+00 7.747447030185641847e-02
2.096000000000000085e+00 9.788134584673008343e-02
2.112000000000000099e+00 6.168137016684201168e-02
2.128000000000000114e+00 -3.511738046342837566e-02
2.144000000000000128e+00 -1.675135948123721574e-01
2.160000000000000142e+00 -2.936900869216688692e-01
2.176000000000000156e+00 -3.805317342499038302e-01
2.192000000000000171e+00 -4.196168002891719206e-01
2.208000000000000185e+00 -4.200090500256751236e-01
2.224000000000000199e+00 -3.908185853425752421e-01
2.240000000000000213e+00 -3.368314021717718210e-01
2.256000000000000227e+00 -2.688132035000118103e-01
2.272000000000000242e+00 -2.070248173733862107e-01
2.288000000000000256e+00 -1.675006855339039868e-01
2.304000000000000270e+00 -1.492710156717639847e-01
2.319999999999999840e+00 -1.409680198408045648e-01
2.335999999999999854e+00 -1.360030608918125494e-01
2.351999999999999869e+00 -1.344821348801965022e-01
2.367999999999999883e+00 -1.345148126097125418e-01
2.383999999999999897e+00 -1.322240626133724672e-01
2.399999999999999911e+00 -1.296966529859245876e-01
2.415999999999999925e+00 -1.312342034525157408e-01
2.431999999999999940e+00 -1.288578793633121111e-01
2.447999999999999954e+00 -1.041786183170671232e-01
2.463999999999999968e+00 -5.386382223365073635e-02
2.479999999999999982e+00 -5.159740293723425256e-03
2.495999999999999996e+00 5.439567697327201377e-03
