0.000000000000000000e+00 3.961662426537537840e+01
1.600000000000000033e-02 3.881924691442510778e+01
3.200000000000000067e-02 3.658638101376289598e+01
4.800000000000000100e-02 3.337004117091940714e+01
6.400000000000000133e-02 2.968815429455268173e+01
8.000000000000000167e-02 2.596688981652851425e+01
9.600000000000000200e-02 2.248392618336290028e+01
1.120000000000000023e-01 1.937297187822507283e+01
1.280000000000000027e-01 1.665920978164868060e+01
1.440000000000000169e-01 1.431513272711021756e+01
1.600000000000000033e-01 1.230250806257459217e+01
1.759999999999999898e-01 1.057657587476212768e+01
1.920000000000000040e-01 9.084875834877754741e+00
2.080000000000000182e-01 7.789118427504788222e+00
2.240000000000000047e-01 6.676458082544857398e+00
2.399999999999999911e-01 5.735179186307658661e+00
2.560000000000000053e-01 4.935410344068753119e+00
2.720000000000000195e-01 4.241612274632285740e+00
2.880000000000000338e-01 3.623767504564198827e+00
3.039999999999999925e-01 3.054256383902397065e+00
3.200000000000000067e-01 2.516010952099700049e+00
3.360000000000000209e-01 2.010582372489193581e+00
3.519999999999999796e-01 1.539057984423178649e+00
3.679999999999999938e-01 1.086142542491494334e+00
3.840000000000000080e-01 6.391527009840548557e-01
4.000000000000000222e-01 2.070444263476944324e-01
4.160000000000000364e-01 -1.896900032748776166e-01
4.319999999999999951e-01 -5.314231691953225090e-01
4.480000000000000093e-01 -8.038652320258740103e-01
4.640000000000000235e-01 -1.016024124619703262e+00
4.799999999999999822e-01 -1.211207577739436436e+00
4.959999999999999964e-01 -1.433423477736958329e+00
5.120000000000000107e-01 -1.682552099001340951e+00
5.280000000000000249e-01 -1.920129192370867433e+00
5.440000000000000391e-01 -2.111786070940834037e+00
5.600000000000000533e-01 -2.247405741418831315e+00
5.760000000000000675e-01 -2.333144110482640254e+00
5.919999999999999707e-01 -2.387442526943191812e+00
6.079999999999999849e-01 -2.437860548686548778e+00
6.239999999999999991e-01 -2.499588488227918681e+00
6.400000000000000133e-01 -2.558201714672087679e+00
6.560000000000000275e-01 -2.587088169331769549e+00
6.720000000000000417e-01 -2.575315965096659276e+00
6.880000000000000560e-01 -2.525034025549980132e+00
7.039999999999999591e-01 -2.434312400171674273e+00
7.199999999999999734e-01 -2.305855316596716609e+00
7.359999999999999876e-01 -2.165774627401624297e+00
7.520000000000000018e-01 -2.048395305227844521e+00
7.680000000000000160e-01 -1.963942651478021162e+00
7.840000000000000302e-01 -1.900634438212111865e+00
8.000000000000000444e-01 -1.849548283712506569e+00
8.160000000000000586e-01 -1.803713843035364306e+00
8.320000000000000728e-01 -1.745424780598713976e+00
8.479999999999999760e-01 -1.663424044579669081e+00
8.639999999999999902e-01 -1.573708063721194206e+00
8.800000000000000044e-01 -1.500212270995004538e+00
8.960000000000000187e-01 -1.444321666934543558e+00
9.120000000000000329e-01 -1.386786565236971080e+00
9.280000000000000471e-01 -1.306057248598328613e+00
9.440000000000000613e-01 -1.189130079729004086e+00
9.599999999999999645e-01 -1.040116642363182020e+00
9.759999999999999787e-01 -8.781449107025144363e-01
9.919999999999999929e-01 -7.154875379730285534e-01
1.008000000000000007e+00 -5.474656994982693980e-01
1.024000000000000021e+00 -3.721649143343007671e-01
1.040000000000000036e+00 -2.020561458181401315e-01
1.056000000000000050e+00 -4.877077707696350628e-02
1.072000000000000064e+00 8.300095457149640754e-02
1.088000000000000078e+00 1.832459838824536946e-01
1.104000000000000092e+00 2.435183786866312317e-01
1.120000000000000107e+00 2.816738498627121001e-01
1.136000000000000121e+00 3.371792946287506254e-01
1.152000000000000135e+00 4.348749904096637642e-01
1.167999999999999927e+00 5.681006878822215667e-01
1.183999999999999941e+00 7.162825226153951563e-01
1.199999999999999956e+00 8.596334447442113280e-01
1.215999999999999970e+00 9.759297548203234030e-01
1.231999999999999984e+00 1.044968815058886946e+00
1.247999999999999998e+00 1.065477904359987127e+00
1.264000000000000012e+00 1.055498399910326901e+00
1.280000000000000027e+00 1.032170260031362474e+00
1.296000000000000041e+00 1.003075654740918754e+00
1.312000000000000055e+00 9.772397199222970787e-01
1.328000000000000069e+00 9.657452058611348811e-01
1.344000000000000083e+00 9.660372051687874384e-01
1.360000000000000098e+00 9.639006049860985303e-01
1.376000000000000112e+00 9.580884978509337513e-01
1.392000000000000126e+00 9.650850257362472151e-01
1.407999999999999918e+00 9.932943127556614904e-01
1.423999999999999932e+00 1.032243456781769320e+00
1.439999999999999947e+00 1.073508113612690273e+00
1.455999999999999961e+00 1.122922005403076628e+00
1.471999999999999975e+00 1.187259675911738199e+00
1.487999999999999989e+00 1.263841679716176003e+00
1.504000000000000004e+00 1.340358904719334943e+00
1.520000000000000018e+00 1.391556262086175888e+00
1.536000000000000032e+00 1.387446729196159412e+00
1.552000000000000046e+00 1.320281976562856396e+00
1.568000000000000060e+00 1.211873810593259826e+00
1.584000000000000075e+00 1.085397845066518929e+00
1.600000000000000089e+00 9.456395766780766321e-01
1.616000000000000103e+00 7.908629441792033310e-01
1.632000000000000117e+00 6.246849978362110090e-01
1.648000000000000131e+00 4.529321721353298802e-01
1.664000000000000146e+00 2.849321060278267037e-01
1.679999999999999938e+00 1.382642733295665616e-01
1.695999999999999952e+00 3.125403785435179604e-02
1.711999999999999966e+00 -2.597414981772736692e-02
1.727999999999999980e+00 -3.007591926597892248e-02
1.743999999999999995e+00 1.167632074936175365e-02
1.760000000000000009e+00 7.101797698595037345e-02
1.776000000000000023e+00 1.108605753731362470e-01
1.792000000000000037e+00 1.178322824746617509e-01
1.808000000000000052e+00 1.080012036545376780e-01
1.824000000000000066e+00 9.552636183041887663e-02
1.840000000000000080e+00 7.774630419773531642e-02
1.856000000000000094e+00 6.132919830348276813e-02
1.872000000000000108e+00 7.737223274182541966e-02
1.888000000000000123e+00 1.479088908159700289e-01
1.904000000000000137e+00 2.511275274022854442e-01
1.919999999999999929e+00 3.396728249755848750e-01
1.935999999999999943e+00 3.846925659933451702e-01
1.951999999999999957e+00 3.875882017261166324e-01
1.967999999999999972e+00 3.610169629743434361e-01
1.983999999999999986e+00 3.155136324280486404e-01
2.000000000000000000e+00 2.530954329741537112e-01
2.016000000000000014e+00 1.572140166656089133e-01
2.032000000000000028e+00 2.555376391052853122e-03
2.048000000000000043e+00 -2.077765841450524564e-01
2.064000000000000057e+00 -4.287242769621602556e-01
2.080000000000000071e+00 -6.114481756141260105e-01
2.096000000000000085e+00 -7.409220629078713261e-01
2.112000000000000099e+00 -8.300658373186732275e-01
2.128000000000000114e+00 -8.993546651993207242e-01
2.144000000000000128e+00 -9.681977807531960689e-01
2.160000000000000142e+00 -1.045235412876767800e+00
2.176000000000000156e+00 -1.123795683174867222e+00
2.192000000000000171e+00 -1.198240971343902173e+00
2.208000000000000185e+00 -1.273171455135704733e+00
2.224000000000000199e+00 -1.344292187603296940e+00
2.240000000000000213e+00 -1.387984171770079156e+00
2.256000000000000227e+00 -1.381064144481277678e+00
2.272000000000000242e+00 -1.314357763712094673e+00
2.288000000000000256e+00 -1.186212000154747592e+00
2.304000000000000270e+00 -1.006815226010078890e+00
2.319999999999999840e+00 -8.088172863330349571e-01
2.335999999999999854e+00 -6.282107213546921365e-01
2.351999999999999869e+00 -4.729159109090831370e-01
2.367999999999999883e+00 -3.290818110940434971e-01
2.383999999999999897e+00 -1.938443495391255489e-01
2.399999999999999911e+00 -8.158983856244328425e-02
2.415999999999999925e+00 -2.835217373509868119e-03
2.431999999999999940e+00 4.276639178707444811e-02
2.447999999999999954e+00 5.641888881007532663e-02
2.463999999999999968e+00 4.238012326747288977e-02
2.479999999999999982e+00 1.743921815225423985e-02
2.495999999999999996e+00 1.496922116444080429e-03
