0.000000000000000000e+00 4.873383739150396110e+01
1.600000000000000033e-02 4.769830391528059721e+01
3.200000000000000067e-02 4.484541594675538079e+01
4.800000000000000100e-02 4.074349784465617574e+01
6.400000000000000133e-02 3.604109249684866967e+01
8.000000000000000167e-02 3.128836890169619167e+01
9.600000000000000200e-02 2.684859932391509219e+01
1.120000000000000023e-01 2.288198222245998537e+01
1.280000000000000027e-01 1.940815002011351709e+01
1.440000000000000169e-01 1.639358888101727985e+01
1.600000000000000033e-01 1.379910344755934837e+01
1.759999999999999898e-01 1.158761898861772188e+01
1.920000000000000040e-01 9.726479906494096994e+00
2.080000000000000182e-01 8.190825927645894566e+00
2.240000000000000047e-01 6.949533632727572297e+00
2.399999999999999911e-01 5.946891749729166676e+00
2.560000000000000053e-01 5.113209623632744005e+00
2.720000000000000195e-01 4.392562487380481606e+00
2.880000000000000338e-01 3.753462985332969293e+00
3.039999999999999925e-01 3.179009590219097792e+00
3.200000000000000067e-01 2.652702932849669182e+00
3.360000000000000209e-01 2.154357290807431102e+00
3.519999999999999796e-01 1.665596937091654350e+00
3.679999999999999938e-01 1.171126610923872713e+00
3.840000000000000080e-01 6.599775289716157678e-01
4.000000000000000222e-01 1.390541506745397449e-01
4.160000000000000364e-01 -3.581899674809213008e-01
4.319999999999999951e-01 -7.878627629172014757e-01
4.480000000000000093e-01 -1.121487699953950257e+00
4.640000000000000235e-01 -1.356162029636392097e+00
4.799999999999999822e-01 -1.505888709108552215e+00
4.959999999999999964e-01 -1.590241898810365484e+00
5.120000000000000107e-01 -1.634132543450671049e+00
5.280000000000000249e-01 -1.672494150113388978e+00
5.440000000000000391e-01 -1.743589267078524685e+00
5.600000000000000533e-01 -1.871084478292491582e+00
5.760000000000000675e-01 -2.050714344474938944e+00
5.919999999999999707e-01 -2.250370839430802405e+00
6.079999999999999849e-01 -2.423862668747270632e+00
6.239999999999999991e-01 -2.536125141212710155e+00
6.400000000000000133e-01 -2.584262862817098938e+00
6.560000000000000275e-01 -2.593948291083333579e+00
6.720000000000000417e-01 -2.595402921859780498e+00
6.880000000000000560e-01 -2.602272753518457549e+00
7.039999999999999591e-01 -2.607481101721474293e+00
7.199999999999999734e-01 -2.596455586926505354e+00
7.359999999999999876e-01 -2.567280140428678248e+00
7.520000000000000018e-01 -2.537025850803792171e+00
7.680000000000000160e-01 -2.525322001285955853e+00
7.840000000000000302e-01 -2.536023074497188112e+00
8.000000000000000444e-01 -2.559928597706007114e+00
8.160000000000000586e-01 -2.589558963409755776e+00
8.320000000000000728e-01 -2.622659744285269046e+00
8.479999999999999760e-01 -2.651081584589617179e+00
8.639999999999999902e-01 -2.650380722363959496e+00
8.800000000000000044e-01 -2.586922232807699285e+00
8.960000000000000187e-01 -2.443340960142025509e+00
9.120000000000000329e-01 -2.236679320698114815e+00
9.280000000000000471e-01 -2.006226329292828403e+00
9.440000000000000613e-01 -1.785411705966444496e+00
9.599999999999999645e-01 -1.587750046309182927e+00
9.759999999999999787e-01 -1.413811495718166888e+00
9.919999999999999929e-01 -1.261612106523099630e+00
1.008000000000000007e+00 -1.123258329616783513e+00
1.024000000000000021e+00 -9.752484699576662308e-01
1.040000000000000036e+00 -7.858947351985724472e-01
1.056000000000000050e+00 -5.423988146533599286e-01
1.072000000000000064e+00 -2.681943787930490819e-01
1.088000000000000078e+00 -5.538714398545321015e-03
1.104000000000000092e+00 2.194445385499788348e-01
1.120000000000000107e+00 4.107553687669774911e-01
1.136000000000000121e+00 5.878296820391029076e-01
1.152000000000000135e+00 7.605583931361338257e-01
1.167999999999999927e+00 9.102657769147907141e-01
1.183999999999999941e+00 9.986087112630510632e-01
1.199999999999999956e+00 1.008846332782567856e+00
1.215999999999999970e+00 9.754278062222582202e-01
1.231999999999999984e+00 9.647954665809049812e-01
1.247999999999999998e+00 1.027932447712337050e+00
1.264000000000000012e+00 1.168055302761888736e+00
1.280000000000000027e+00 1.346002598444037801e+00
1.296000000000000041e+00 1.509362908732761799e+00
1.312000000000000055e+00 1.613805482639656175e+00
1.328000000000000069e+00 1.631048011111853491e+00
1.344000000000000083e+00 1.555486842643297285e+00
1.360000000000000098e+00 1.405091169646309757e+00
1.376000000000000112e+00 1.213626965827492965e+00
1.392000000000000126e+00 1.023966363300019777e+00
1.407999999999999918e+00 8.812149843787748793e-01
1.423999999999999932e+00 8.187579723767101081e-01
1.439999999999999947e+00 8.434489377998126702e-01
1.455999999999999961e+00 9.306968924311056490e-01
1.471999999999999975e+00 1.032861390172220339e+00
1.487999999999999989e+00 1.098500123970993503e+00
1.504000000000000004e+00 1.095888352620852046e+00
1.520000000000000018e+00 1.027081400379265430e+00
1.536000000000000032e+00 9.188226797101919363e-01
1.552000000000000046e+00 7.960591615745268301e-01
1.568000000000000060e+00 6.645875569954137196e-01
1.584000000000000075e+00 5.224163675734301293e-01
1.600000000000000089e+00 3.849304256319704409e-01
1.616000000000000103e+00 2.859619518154031259e-01
1.632000000000000117e+00 2.466343249709659069e-01
1.648000000000000131e+00 2.517771209684631084e-01
1.664000000000000146e+00 2.645501855495737131e-01
1.679999999999999938e+00 2.592429620419244296e-01
1.695999999999999952e+00 2.359436304139044815e-01
1.711999999999999966e+00 2.097885077915135343e-01
1.727999999999999980e+00 1.924596338422016328e-01
1.743999999999999995e+00 1.790417267275115631e-01
1.760000000000000009e+00 1.477088327836456882e-01
1.776000000000000023e+00 8.210791185950699900e-02
1.792000000000000037e+00 9.071981089548586006e-06
1.808000000000000052e+00 -5.266454821689161431e-02
1.824000000000000066e+00 -4.323915087978538740e-02
1.840000000000000080e+00 1.801799323678488982e-02
1.856000000000000094e+00 8.868915536713557757e-02
1.872000000000000108e+00 1.286169895717254874e-01
1.888000000000000123e+00 1.234495863265763493e-01
1.904000000000000137e+00 8.143648026423083719e-02
1.919999999999999929e+00 1.861238100662921877e-02
1.935999999999999943e+00 -4.977495468955008689e-02
1.951999999999999957e+00 -1.111418018287786413e-01
1.967999999999999972e+00 -1.541414584948772037e-01
1.983999999999999986e+00 -1.690226498647820486e-01
2.000000000000000000e+00 -1.553815809970137130e-01
2.016000000000000014e+00 -1.270358482879993534e-01
2.032000000000000028e+00 -1.020264551256108848e-01
2.048000000000000043e+00 -8.978200586449835985e-02
2.064000000000000057e+00 -9.078144999860907061e-02
2.080000000000000071e+00 -1.000542886129622139e-01
2.096000000000000085e+00 -1.036315179882539711e-01
2.112000000000000099e+00 -7.802445684267314552e-02
2.128000000000000114e+00 -1.976544763828390078e-03
2.144000000000000128e+00 1.269491091495201507e-01
2.160000000000000142e+00 2.819384421573232213e-01
2.176000000000000156e+00 4.140542434226583413e-01
2.192000000000000171e+00 4.785245511608417490e-01
2.208000000000000185e+00 4.579560787586556270e-01
2.224000000000000199e+00 3.658471673279686809e-01
2.240000000000000213e+00 2.363774297408288982e-01
2.256000000000000227e+00 1.054218509206220206e-01
2.272000000000000242e+00 -5.736468501387791304e-03
2.288000000000000256e+00 -8.663807408747316308e-02
2.304000000000000270e+00 -1.277927423907944393e-01
2.319999999999999840e+00 -1.264101228685534928e-01
2.335999999999999854e+00 -9.504200100700667397e-02
2.351999999999999869e+00 -5.742304316637813349e-02
2.367999999999999883e+00 -3.601142210720502390e-02
2.383999999999999897e+00 -3.837857248251830972e-02
2.399999999999999911e+00 -5.319411918231219116e-02
2.415999999999999925e+00 -6.372585847159387140e-02
2.431999999999999940e+00 -6.425714305108641555e-02
2.447999999999999954e+00 -5.966914002743915063e-02
2.463999999999999968e+00 -5.244204656665274467e-02
2.479999999999999982e+00 -3.722965044444050825e-02
2.495999999999999996e+00 -9.008440470686659290e-03
