0.000000000000000000e+00 4.061552872494961974e+01
1.600000000000000033e-02 3.975742707963316747e+01
3.200000000000000067e-02 3.738270831636299363e+01
4.800000000000000100e-02 3.395030085303989154e+01
6.400000000000000133e-02 3.000937645798209630e+01
8.000000000000000167e-02 2.602718541915072237e+01
9.600000000000000200e-02 2.230852860573440921e+01
1.120000000000000023e-01 1.900058184547951257e+01
1.280000000000000027e-01 1.613888348510441872e+01
1.440000000000000169e-01 1.369824362326767897e+01
1.600000000000000033e-01 1.163073544502515411e+01
1.759999999999999898e-01 9.886531286347400638e+00
1.920000000000000040e-01 8.422242617588695524e+00
2.080000000000000182e-01 7.202516708413751800e+00
2.240000000000000047e-01 6.195933337307875988e+00
2.399999999999999911e-01 5.365898397794967245e+00
2.560000000000000053e-01 4.663262911575955627e+00
2.720000000000000195e-01 4.029584551615688959e+00
2.880000000000000338e-01 3.412069731617871859e+00
3.039999999999999925e-01 2.780238895832352064e+00
3.200000000000000067e-01 2.131636691799673855e+00
3.360000000000000209e-01 1.483135117184917640e+00
3.519999999999999796e-01 8.571442439497214405e-01
3.679999999999999938e-01 2.746887638993154024e-01
3.840000000000000080e-01 -2.434542812860877870e-01
4.000000000000000222e-01 -6.768227406679050429e-01
4.160000000000000364e-01 -1.012338759711718827e+00
4.319999999999999951e-01 -1.252742380372393161e+00
4.480000000000000093e-01 -1.417587554662744775e+00
4.640000000000000235e-01 -1.535435964076075521e+00
4.799999999999999822e-01 -1.632376958290552293e+00
4.959999999999999964e-01 -1.722483196659862825e+00
5.120000000000000107e-01 -1.805140960323333710e+00
5.280000000000000249e-01 -1.872549812890909271e+00
5.440000000000000391e-01 -1.923304539405328306e+00
5.600000000000000533e-01 -1.969772820890922871e+00
5.760000000000000675e-01 -2.030425469085676227e+00
5.919999999999999707e-01 -2.113272346883704245e+00
6.079999999999999849e-01 -2.206496146111476264e+00
6.239999999999999991e-01 -2.285332426189624844e+00
6.400000000000000133e-01 -2.328262119316905743e+00
6.560000000000000275e-01 -2.327882488867040855e+00
6.720000000000000417e-01 -2.289129132706114511e+00
6.880000000000000560e-01 -2.220763586286973013e+00
7.039999999999999591e-01 -2.131102169132002011e+00
7.199999999999999734e-01 -2.031215181957263027e+00
7.359999999999999876e-01 -1.938179252307072664e+00
7.520000000000000018e-01 -1.870648128164110302e+00
7.680000000000000160e-01 -1.839070225484354504e+00
7.840000000000000302e-01 -1.840186553080861653e+00
8.000000000000000444e-01 -1.861193066284659636e+00
8.160000000000000586e-01 -1.889053301162372023e+00
8.320000000000000728e-01 -1.916029162211760228e+00
8.479999999999999760e-01 -1.937005790314161313e+00
8.639999999999999902e-01 -1.942472830425414632e+00
8.800000000000000044e-01 -1.915643654163527332e+00
8.960000000000000187e-01 -1.838840705521668895e+00
9.120000000000000329e-01 -1.705316437669649465e+00
9.280000000000000471e-01 -1.526312099920589027e+00
9.440000000000000613e-01 -1.326139996292796885e+00
9.599999999999999645e-01 -1.128570466230452318e+00
9.759999999999999787e-01 -9.463293137204982219e-01
9.919999999999999929e-01 -7.831743845198685383e-01
1.008000000000000007e+00 -6.452321011166020082e-01
1.024000000000000021e+00 -5.469205928981791809e-01
1.040000000000000036e+00 -5.008185103570871322e-01
1.056000000000000050e+00 -4.995413307267637659e-01
1.072000000000000064e+00 -5.107110775578482809e-01
1.088000000000000078e+00 -4.949567166513584304e-01
1.104000000000000092e+00 -4.318067710717117813e-01
1.120000000000000107e+00 -3.295576172457490016e-01
1.136000000000000121e+00 -2.128746611798491839e-01
1.152000000000000135e+00 -1.027165361154226547e-01
1.167999999999999927e+00 -5.026602421971331815e-03
1.183999999999999941e+00 8.680266277243432749e-02
1.199999999999999956e+00 1.803643093494824712e-01
1.215999999999999970e+00 2.730220296401861257e-01
1.231999999999999984e+00 3.502653456550748334e-01
1.247999999999999998e+00 3.946260553899514356e-01
1.264000000000000012e+00 3.967309282146957994e-01
1.280000000000000027e+00 3.611456970460026894e-01
1.296000000000000041e+00 3.067106285360795548e-01
1.312000000000000055e+00 2.614174723334599659e-01
1.328000000000000069e+00 2.499839282617732361e-01
1.344000000000000083e+00 2.794390233947617874e-01
1.360000000000000098e+00 3.353934586999924305e-01
1.376000000000000112e+00 3.936590503229018823e-01
1.392000000000000126e+00 4.368851883079214460e-01
1.407999999999999918e+00 4.637205148125203569e-01
1.423999999999999932e+00 4.871665104605596985e-01
1.439999999999999947e+00 5.242644670272800234e-01
1.455999999999999961e+00 5.812046424659630395e-01
1.471999999999999975e+00 6.440373114337524241e-01
1.487999999999999989e+00 6.864252036026671222e-01
1.504000000000000004e+00 6.907525541191426033e-01
1.520000000000000018e+00 6.622860366785712216e-01
1.536000000000000032e+00 6.224633800584589149e-01
1.552000000000000046e+00 5.903207885648233955e-01
1.568000000000000060e+00 5.707076970360522861e-01
1.584000000000000075e+00 5.561296290722822500e-01
1.600000000000000089e+00 5.361586229198678222e-01
1.616000000000000103e+00 5.067472763267510949e-01
1.632000000000000117e+00 4.737898658285561448e-01
1.648000000000000131e+00 4.471859964410454524e-01
1.664000000000000146e+00 4.291897452597515650e-01
1.679999999999999938e+00 4.088251328288889375e-01
1.695999999999999952e+00 3.692615395808251377e-01
1.711999999999999966e+00 3.009206213808714447e-01
1.727999999999999980e+00 2.080402298027901886e-01
1.743999999999999995e+00 1.049214352690117508e-01
1.760000000000000009e+00 6.902515497731599552e-03
1.776000000000000023e+00 -7.741766764389879096e-02
1.792000000000000037e+00 -1.481296463355955273e-01
1.808000000000000052e+00 -2.094089327859950111e-01
1.824000000000000066e+00 -2.637307926822390902e-01
1.840000000000000080e+00 -3.113488580508924630e-01
1.856000000000000094e+00 -3.533130960754031213e-01
1.872000000000000108e+00 -3.905405567961384716e-01
1.888000000000000123e+00 -4.184008537628318702e-01
1.904000000000000137e+00 -4.251822731066875471e-01
1.919999999999999929e+00 -3.990488622468820190e-01
1.935999999999999943e+00 -3.378128229428327134e-01
1.951999999999999957e+00 -2.535143178028839706e-01
1.967999999999999972e+00 -1.687951756481240739e-01
1.983999999999999986e+00 -1.062684943327885795e-01
2.000000000000000000e+00 -7.615100448400917432e-02
2.016000000000000014e+00 -7.183279637936400286e-02
2.032000000000000028e+00 -7.910545465253041031e-02
2.048000000000000043e+00 -9.110115106324241652e-02
2.064000000000000057e+00 -1.136060055077418585e-01
2.080000000000000071e+00 -1.555234476819020439e-01
2.096000000000000085e+00 -2.150963072741882975e-01
2.112000000000000099e+00 -2.760268143651998241e-01
2.128000000000000114e+00 -3.172266204345162155e-01
2.144000000000000128e+00 -3.272015160615004414e-01
2.160000000000000142e+00 -3.099961234095472418e-01
2.176000000000000156e+00 -2.782564404271856140e-01
2.192000000000000171e+00 -2.428068754145826791e-01
2.208000000000000185e+00 -2.105925349435577021e-01
2.224000000000000199e+00 -1.894417596590474429e-01
2.240000000000000213e+00 -1.880853122828964885e-01
2.256000000000000227e+00 -2.087159729240711803e-01
2.272000000000000242e+00 -2.425032496390626402e-01
2.288000000000000256e+00 -2.749222510351272963e-01
2.304000000000000270e+00 -2.946001627995764038e-01
2.319999999999999840e+00 -2.968618182793402727e-01
2.335999999999999854e+00 -2.813281488903525696e-01
2.351999999999999869e+00 -2.481645690217753886e-01
2.367999999999999883e+00 -1.967337405309767806e-01
2.383999999999999897e+00 -1.280135570260078626e-01
2.399999999999999911e+00 -4.882581724756281105e-02
2.415999999999999925e+00 2.676773775599644925e-02
2.431999999999999940e+00 8.151062811047254941e-02
2.447999999999999954e+00 1.024860880096097188e-01
2.463999999999999968e+00 8.824970410631380324e-02
2.479999999999999982e+00 5.104631105648239908e-02
2.495999999999999996e+00 9.505439387114955618e-03
