0.000000000000000000e+00 4.126820023021383577e+01
1.600000000000000033e-02 4.039293195620689403e+01
3.200000000000000067e-02 3.801078411236017729e+01
4.800000000000000100e-02 3.460764119587844334e+01
6.400000000000000133e-02 3.072480646998073794e+01
8.000000000000000167e-02 2.679181032021226727e+01
9.600000000000000200e-02 2.307239216217996614e+01
1.120000000000000023e-01 1.969549851568933008e+01
1.280000000000000027e-01 1.671521482953684057e+01
1.440000000000000169e-01 1.415167976799673610e+01
1.600000000000000033e-01 1.199642294568891288e+01
1.759999999999999898e-01 1.019922203528351368e+01
1.920000000000000040e-01 8.685566925617745682e+00
2.080000000000000182e-01 7.407135949137114039e+00
2.240000000000000047e-01 6.344721121392632668e+00
2.399999999999999911e-01 5.463647071082735174e+00
2.560000000000000053e-01 4.718514807718541704e+00
2.720000000000000195e-01 4.081919616964815312e+00
2.880000000000000338e-01 3.522595151022561044e+00
3.039999999999999925e-01 3.003095115647418378e+00
3.200000000000000067e-01 2.518420110090838548e+00
3.360000000000000209e-01 2.073455730081111170e+00
3.519999999999999796e-01 1.645875794144545878e+00
3.679999999999999938e-01 1.228632671435460288e+00
3.840000000000000080e-01 8.455539930889608424e-01
4.000000000000000222e-01 4.955733767344103202e-01
4.160000000000000364e-01 1.591122149156433407e-01
4.319999999999999951e-01 -1.551885284033297230e-01
4.480000000000000093e-01 -4.354323847947795811e-01
4.640000000000000235e-01 -6.879581331237615283e-01
4.799999999999999822e-01 -9.026381398413859669e-01
4.959999999999999964e-01 -1.059367066041398964e+00
5.120000000000000107e-01 -1.165039067713013354e+00
5.280000000000000249e-01 -1.234622597634218444e+00
5.440000000000000391e-01 -1.264394023926592947e+00
5.600000000000000533e-01 -1.253852852525366268e+00
5.760000000000000675e-01 -1.223501105060650795e+00
5.919999999999999707e-01 -1.199527908391431197e+00
6.079999999999999849e-01 -1.202408545005724916e+00
6.239999999999999991e-01 -1.248695348209398759e+00
6.400000000000000133e-01 -1.340389878177988825e+00
6.560000000000000275e-01 -1.449355049624577507e+00
6.720000000000000417e-01 -1.535667171180330914e+00
6.880000000000000560e-01 -1.586188047897912012e+00
7.039999999999999591e-01 -1.613729605387831612e+00
7.199999999999999734e-01 -1.625881647786498574e+00
7.359999999999999876e-01 -1.621052590879352495e+00
7.520000000000000018e-01 -1.602014751742402821e+00
7.680000000000000160e-01 -1.569650930439322467e+00
7.840000000000000302e-01 -1.513693697857153797e+00
8.000000000000000444e-01 -1.423359333555429096e+00
8.160000000000000586e-01 -1.301219942467841895e+00
8.320000000000000728e-01 -1.157258875520936980e+00
8.479999999999999760e-01 -9.947006694435506224e-01
8.639999999999999902e-01 -8.215608497159119228e-01
8.800000000000000044e-01 -6.693424945709993690e-01
8.960000000000000187e-01 -5.682497447017126335e-01
9.120000000000000329e-01 -5.171471417242148316e-01
9.280000000000000471e-01 -5.012500927226003489e-01
9.440000000000000613e-01 -5.001916053501195281e-01
9.599999999999999645e-01 -4.741269568934303735e-01
9.759999999999999787e-01 -4.022451853014190615e-01
9.919999999999999929e-01 -3.135451951978960317e-01
1.008000000000000007e+00 -2.302449966056339670e-01
1.024000000000000021e+00 -1.408928635674240315e-01
1.040000000000000036e+00 -4.865584939450629670e-02
1.056000000000000050e+00 3.670385832150953320e-02
1.072000000000000064e+00 1.378294868399007889e-01
1.088000000000000078e+00 2.750914987631528641e-01
1.104000000000000092e+00 4.438434286473126877e-01
1.120000000000000107e+00 6.426689999691165278e-01
1.136000000000000121e+00 8.499982525583275050e-01
1.152000000000000135e+00 9.979553801342666564e-01
1.167999999999999927e+00 1.036120672684630595e+00
1.183999999999999941e+00 9.804571334357385926e-01
1.199999999999999956e+00 8.767201562574927776e-01
1.215999999999999970e+00 7.696374900664675334e-01
1.231999999999999984e+00 7.033279859633024822e-01
1.247999999999999998e+00 7.025893366047772925e-01
1.264000000000000012e+00 7.568343041275692462e-01
1.280000000000000027e+00 8.389073000651158241e-01
1.296000000000000041e+00 9.262147392680715186e-01
1.312000000000000055e+00 9.978584810237410840e-01
1.328000000000000069e+00 1.032913745022613794e+00
1.344000000000000083e+00 1.031343722649608274e+00
1.360000000000000098e+00 1.025582847908212747e+00
1.376000000000000112e+00 1.052950976637013536e+00
1.392000000000000126e+00 1.125630352025024816e+00
1.407999999999999918e+00 1.232069863793734399e+00
1.423999999999999932e+00 1.345279088010082003e+00
1.439999999999999947e+00 1.429583183869308716e+00
1.455999999999999961e+00 1.464411404647944170e+00
1.471999999999999975e+00 1.462873398433772731e+00
1.487999999999999989e+00 1.455761198238473275e+00
1.504000000000000004e+00 1.461343053236317413e+00
1.520000000000000018e+00 1.477509047592332037e+00
1.536000000000000032e+00 1.498862938205588913e+00
1.552000000000000046e+00 1.521136834647928371e+00
1.568000000000000060e+00 1.522991133899430194e+00
1.584000000000000075e+00 1.478133978174200669e+00
1.600000000000000089e+00 1.390384272642621877e+00
1.616000000000000103e+00 1.276237816168585004e+00
1.632000000000000117e+00 1.133751092605946864e+00
1.648000000000000131e+00 9.678083132776419406e-01
1.664000000000000146e+00 7.974532073855744585e-01
1.679999999999999938e+00 6.239580281084098345e-01
1.695999999999999952e+00 4.530154094969922607e-01
1.711999999999999966e+00 3.166955618639181180e-01
1.727999999999999980e+00 2.193090577395031271e-01
1.743999999999999995e+00 1.287430876861868356e-01
1.760000000000000009e+00 3.951310750397318827e-02
1.776000000000000023e+00 -3.155545209185296046e-02
1.792000000000000037e+00 -8.023034213698336525e-02
1.808000000000000052e+00 -8.618822908869228083e-02
1.824000000000000066e+00 -1.631140887120106214e-02
1.840000000000000080e+00 1.144091355631892404e-01
1.856000000000000094e+00 2.482553085694397532e-01
1.872000000000000108e+00 3.398928171266832887e-01
1.888000000000000123e+00 3.671802558510571801e-01
1.904000000000000137e+00 3.308236420229433428e-01
1.919999999999999929e+00 2.686462561860698539e-01
1.935999999999999943e+00 2.311282516842990964e-01
1.951999999999999957e+00 2.341797014411760303e-01
1.967999999999999972e+00 2.583408038381432847e-01
1.983999999999999986e+00 2.865664126160516467e-01
2.000000000000000000e+00 3.201888170924007682e-01
2.016000000000000014e+00 3.610999375084796292e-01
2.032000000000000028e+00 4.007319875275507370e-01
2.048000000000000043e+00 4.276221016986381795e-01
2.064000000000000057e+00 4.257272428239864959e-01
2.080000000000000071e+00 3.737973009087875442e-01
2.096000000000000085e+00 2.697541146873663198e-01
2.112000000000000099e+00 1.413068002671618584e-01
2.128000000000000114e+00 1.637516450388503547e-02
2.144000000000000128e+00 -9.923331153452871756e-02
2.160000000000000142e+00 -2.099133597479204139e-01
2.176000000000000156e+00 -3.124695020533537204e-01
2.192000000000000171e+00 -3.935044153680793411e-01
2.208000000000000185e+00 -4.382989151715404597e-01
2.224000000000000199e+00 -4.351320958097200653e-01
2.240000000000000213e+00 -3.767723803006670646e-01
2.256000000000000227e+00 -2.754761958755287399e-01
2.272000000000000242e+00 -1.594308358143639026e-01
2.288000000000000256e+00 -3.689476818552621384e-02
2.304000000000000270e+00 9.760036209796647821e-02
2.319999999999999840e+00 2.236405926165329627e-01
2.335999999999999854e+00 3.180131956758466272e-01
2.351999999999999869e+00 3.861150199171370923e-01
2.367999999999999883e+00 4.249893151304923733e-01
2.383999999999999897e+00 4.181815923286129610e-01
2.399999999999999911e+00 3.799228210813117568e-01
2.415999999999999925e+00 3.327297032440091340e-01
2.431999999999999940e+00 2.724313897747279722e-01
2.447999999999999954e+00 2.045477169972874099e-01
2.463999999999999968e+00 1.476015691372969119e-01
2.479999999999999982e+00 8.986934336237246967e-02
2.495999999999999996e+00 1.770100327052783265e-02
