0.000000000000000000e+00 4.130510862180996412e+01
1.600000000000000033e-02 4.045189065829742248e+01
3.200000000000000067e-02 3.809828049560903906e+01
4.800000000000000100e-02 3.472533969871844306e+01
6.400000000000000133e-02 3.088140938629156551e+01
8.000000000000000167e-02 2.700444436495145695e+01
9.600000000000000200e-02 2.336597122313302677e+01
1.120000000000000023e-01 2.009541937092218333e+01
1.280000000000000027e-01 1.722178973590641249e+01
1.440000000000000169e-01 1.471678889475701979e+01
1.600000000000000033e-01 1.254036467939900135e+01
1.759999999999999898e-01 1.066886182796726068e+01
1.920000000000000040e-01 9.089755852695487803e+00
2.080000000000000182e-01 7.781152835606428120e+00
2.240000000000000047e-01 6.704821419376549407e+00
2.399999999999999911e-01 5.813996967910378899e+00
2.560000000000000053e-01 5.058328729263102730e+00
2.720000000000000195e-01 4.384401031430411599e+00
2.880000000000000338e-01 3.747022085624598375e+00
3.039999999999999925e-01 3.130040772540677363e+00
3.200000000000000067e-01 2.550342674098965645e+00
3.360000000000000209e-01 2.031444945917927125e+00
3.519999999999999796e-01 1.574104533449186993e+00
3.679999999999999938e-01 1.158788653799319279e+00
3.840000000000000080e-01 7.713017909954638096e-01
4.000000000000000222e-01 4.128318335927206872e-01
4.160000000000000364e-01 8.497188435476810131e-02
4.319999999999999951e-01 -2.210950971591899017e-01
4.480000000000000093e-01 -5.146877144647279412e-01
4.640000000000000235e-01 -7.941222740524008783e-01
4.799999999999999822e-01 -1.051558465568801282e+00
4.959999999999999964e-01 -1.282979188935158721e+00
5.120000000000000107e-01 -1.486606125273341128e+00
5.280000000000000249e-01 -1.657045390946104479e+00
5.440000000000000391e-01 -1.792116588715091385e+00
5.600000000000000533e-01 -1.905168710331672344e+00
5.760000000000000675e-01 -2.017371301673981598e+00
5.919999999999999707e-01 -2.130285758007230079e+00
6.079999999999999849e-01 -2.215618497151152333e+00
6.239999999999999991e-01 -2.243423347070817364e+00
6.400000000000000133e-01 -2.215854883583715740e+00
6.560000000000000275e-01 -2.162438088688786397e+00
6.720000000000000417e-01 -2.105536149864223106e+00
6.880000000000000560e-01 -2.043253715244066626e+00
7.039999999999999591e-01 -1.966932332905521275e+00
7.199999999999999734e-01 -1.882975715243850878e+00
7.359999999999999876e-01 -1.812193484302607516e+00
7.520000000000000018e-01 -1.775298933093256259e+00
7.680000000000000160e-01 -1.782181149085676264e+00
7.840000000000000302e-01 -1.826144858662305026e+00
8.000000000000000444e-01 -1.882636279409068081e+00
8.160000000000000586e-01 -1.921531694144347435e+00
8.320000000000000728e-01 -1.929198263824678294e+00
8.479999999999999760e-01 -1.913764884933573551e+00
8.639999999999999902e-01 -1.881008728408041453e+00
8.800000000000000044e-01 -1.811985378387023893e+00
8.960000000000000187e-01 -1.680044267460980345e+00
9.120000000000000329e-01 -1.491495501917666999e+00
9.280000000000000471e-01 -1.293765802116692232e+00
9.440000000000000613e-01 -1.133552002124190272e+00
9.599999999999999645e-01 -1.015382789359890126e+00
9.759999999999999787e-01 -9.090268112267966272e-01
9.919999999999999929e-01 -7.865796099639849048e-01
1.008000000000000007e+00 -6.383883285110416583e-01
1.024000000000000021e+00 -4.605062600929726857e-01
1.040000000000000036e+00 -2.477119443576838997e-01
1.056000000000000050e+00 -3.900576784836063543e-03
1.072000000000000064e+00 2.557748464071408767e-01
1.088000000000000078e+00 5.222446031518710452e-01
1.104000000000000092e+00 8.008875166817042146e-01
1.120000000000000107e+00 1.089546813591494079e+00
1.136000000000000121e+00 1.354800900190255231e+00
1.152000000000000135e+00 1.548366430650137682e+00
1.167999999999999927e+00 1.651601970143613762e+00
1.183999999999999941e+00 1.691824549350690043e+00
1.199999999999999956e+00 1.710851267579925450e+00
1.215999999999999970e+00 1.730722739422659640e+00
1.231999999999999984e+00 1.755362050912958827e+00
1.247999999999999998e+00 1.787116361918194452e+00
1.264000000000000012e+00 1.824180676076831098e+00
1.280000000000000027e+00 1.850516228937459928e+00
1.296000000000000041e+00 1.847202631812623119e+00
1.312000000000000055e+00 1.814744224764850866e+00
1.328000000000000069e+00 1.771581595605846715e+00
1.344000000000000083e+00 1.728914268948174904e+00
1.360000000000000098e+00 1.680263199488244652e+00
1.376000000000000112e+00 1.621703281438691580e+00
1.392000000000000126e+00 1.567669429871007880e+00
1.407999999999999918e+00 1.532395355534762249e+00
1.423999999999999932e+00 1.506510480511181305e+00
1.439999999999999947e+00 1.472443239128166326e+00
1.455999999999999961e+00 1.437897495123045877e+00
1.471999999999999975e+00 1.428820402610226026e+00
1.487999999999999989e+00 1.444241934363085900e+00
1.504000000000000004e+00 1.441649578439673673e+00
1.520000000000000018e+00 1.382192331192989787e+00
1.536000000000000032e+00 1.276912373759564900e+00
1.552000000000000046e+00 1.172672265906532729e+00
1.568000000000000060e+00 1.100173143202528792e+00
1.584000000000000075e+00 1.051640624070115049e+00
1.600000000000000089e+00 1.005991289001778366e+00
1.616000000000000103e+00 9.575285043665239249e-01
1.632000000000000117e+00 9.149864484283177779e-01
1.648000000000000131e+00 8.881982811756669038e-01
1.664000000000000146e+00 8.872847775765125844e-01
1.679999999999999938e+00 9.232643655885909295e-01
1.695999999999999952e+00 9.910543221415915038e-01
1.711999999999999966e+00 1.053794112108001002e+00
1.727999999999999980e+00 1.061978583957609912e+00
1.743999999999999995e+00 9.952916623170838806e-01
1.760000000000000009e+00 8.772199815144018364e-01
1.776000000000000023e+00 7.473636824942543333e-01
1.792000000000000037e+00 6.333432730465529126e-01
1.808000000000000052e+00 5.555270250834269952e-01
1.824000000000000066e+00 5.409542576158168359e-01
1.840000000000000080e+00 6.105286063988176748e-01
1.856000000000000094e+00 7.529165871757051987e-01
1.872000000000000108e+00 9.267558004617271195e-01
1.888000000000000123e+00 1.093054928624090927e+00
1.904000000000000137e+00 1.235335501844617268e+00
1.919999999999999929e+00 1.346045056815598384e+00
1.935999999999999943e+00 1.409231361042247110e+00
1.951999999999999957e+00 1.409758893210990793e+00
1.967999999999999972e+00 1.351789061575494610e+00
1.983999999999999986e+00 1.254130889442198749e+00
2.000000000000000000e+00 1.130570530589023015e+00
2.016000000000000014e+00 9.880380334908995810e-01
2.032000000000000028e+00 8.417801937584529215e-01
2.048000000000000043e+00 7.142426717318047791e-01
2.064000000000000057e+00 6.113195548106020727e-01
2.080000000000000071e+00 5.119935850073503714e-01
2.096000000000000085e+00 3.937383113480042995e-01
2.112000000000000099e+00 2.647782563882830620e-01
2.128000000000000114e+00 1.617765937247825359e-01
2.144000000000000128e+00 1.158917590117413549e-01
2.160000000000000142e+00 1.289696655591691388e-01
2.176000000000000156e+00 1.828381258367507700e-01
2.192000000000000171e+00 2.594297815271674468e-01
2.208000000000000185e+00 3.446418427003223872e-01
2.224000000000000199e+00 4.235840830452975991e-01
2.240000000000000213e+00 4.859086520885703142e-01
2.256000000000000227e+00 5.333294019040617506e-01
2.272000000000000242e+00 5.728985132872400632e-01
2.288000000000000256e+00 6.058215036833258793e-01
2.304000000000000270e+00 6.303068972898745459e-01
2.319999999999999840e+00 6.499841422326603224e-01
2.335999999999999854e+00 6.676667300546862416e-01
2.351999999999999869e+00 6.716312620777601383e-01
2.367999999999999883e+00 6.403913338053229820e-01
2.383999999999999897e+00 5.663961918521880357e-01
2.399999999999999911e+00 4.674115059751082213e-01
2.415999999999999925e+00 3.679922630963352037e-01
2.431999999999999940e+00 2.753450428495217706e-01
2.447999999999999954e+00 1.824150661102555693e-01
2.463999999999999968e+00 9.201121504015881414e-02
2.479999999999999982e+00 2.517425599688902921e-02
2.495999999999999996e+00 -2.541459063583388929e-05
