0.000000000000000000e+00 4.033574036762837522e+01
1.600000000000000033e-02 3.954604977135694099e+01
3.200000000000000067e-02 3.736683865317590403e+01
4.800000000000000100e-02 3.420760969502894255e+01
6.400000000000000133e-02 3.055241849399763154e+01
8.000000000000000167e-02 2.681471170235598223e+01
9.600000000000000200e-02 2.327402946327944022e+01
1.120000000000000023e-01 2.007419208774703279e+01
1.280000000000000027e-01 1.725543513399455264e+01
1.440000000000000169e-01 1.480458981125734930e+01
1.600000000000000033e-01 1.269536253549927984e+01
1.759999999999999898e-01 1.089557897060325153e+01
1.920000000000000040e-01 9.358426772922728176e+00
2.080000000000000182e-01 8.031035940120354155e+00
2.240000000000000047e-01 6.876582210200504086e+00
2.399999999999999911e-01 5.877848669217444311e+00
2.560000000000000053e-01 5.019146034152663916e+00
2.720000000000000195e-01 4.278504850050170560e+00
2.880000000000000338e-01 3.640983424509026456e+00
3.039999999999999925e-01 3.102688462312456874e+00
3.200000000000000067e-01 2.647913790061350081e+00
3.360000000000000209e-01 2.232134480126220399e+00
3.519999999999999796e-01 1.805441842574774247e+00
3.679999999999999938e-01 1.352193875829163616e+00
3.840000000000000080e-01 8.936800050282311947e-01
4.000000000000000222e-01 4.519509244729488229e-01
4.160000000000000364e-01 2.837882420566446157e-02
4.319999999999999951e-01 -3.762290342425946843e-01
4.480000000000000093e-01 -7.398754152164164211e-01
4.640000000000000235e-01 -1.037081472810702065e+00
4.799999999999999822e-01 -1.271644880416773260e+00
4.959999999999999964e-01 -1.472835757354981734e+00
5.120000000000000107e-01 -1.658495382416411701e+00
5.280000000000000249e-01 -1.819409913814593160e+00
5.440000000000000391e-01 -1.946554376697600341e+00
5.600000000000000533e-01 -2.057891983219509058e+00
5.760000000000000675e-01 -2.183451789877546290e+00
5.919999999999999707e-01 -2.329320953080466605e+00
6.079999999999999849e-01 -2.468294527667412197e+00
6.239999999999999991e-01 -2.564776405931705305e+00
6.400000000000000133e-01 -2.601403645055165637e+00
6.560000000000000275e-01 -2.584941721563486006e+00
6.720000000000000417e-01 -2.537088467755655774e+00
6.880000000000000560e-01 -2.481404079928009043e+00
7.039999999999999591e-01 -2.431732846445940233e+00
7.199999999999999734e-01 -2.388365533258839601e+00
7.359999999999999876e-01 -2.344463558227556366e+00
7.520000000000000018e-01 -2.293462652446900396e+00
7.680000000000000160e-01 -2.228804092978311058e+00
7.840000000000000302e-01 -2.141657516897563784e+00
8.000000000000000444e-01 -2.024805690476767062e+00
8.160000000000000586e-01 -1.877863269401044199e+00
8.320000000000000728e-01 -1.705727481265117973e+00
8.479999999999999760e-01 -1.514581790698688923e+00
8.639999999999999902e-01 -1.314600678078455820e+00
8.800000000000000044e-01 -1.126223161948294527e+00
8.960000000000000187e-01 -9.771897842861684280e-01
9.120000000000000329e-01 -8.865310938132413554e-01
9.280000000000000471e-01 -8.487049486710241952e-01
9.440000000000000613e-01 -8.340975857493249102e-01
9.599999999999999645e-01 -8.058836030031990560e-01
9.759999999999999787e-01 -7.374502502913237167e-01
9.919999999999999929e-01 -6.191056927560361078e-01
1.008000000000000007e+00 -4.580887931365579813e-01
1.024000000000000021e+00 -2.771143358316300875e-01
1.040000000000000036e+00 -1.060869532023842043e-01
1.056000000000000050e+00 3.505289753191675323e-02
1.072000000000000064e+00 1.476991776077938856e-01
1.088000000000000078e+00 2.467364778791502344e-01
1.104000000000000092e+00 3.440224267516666656e-01
1.120000000000000107e+00 4.433075592534619358e-01
1.136000000000000121e+00 5.454185551458574643e-01
1.152000000000000135e+00 6.472044244721059103e-01
1.167999999999999927e+00 7.361373271739521940e-01
1.183999999999999941e+00 8.003494539773783334e-01
1.199999999999999956e+00 8.515153353889008958e-01
1.215999999999999970e+00 9.268106692476647535e-01
1.231999999999999984e+00 1.055227971403533083e+00
1.247999999999999998e+00 1.224736555992601117e+00
1.264000000000000012e+00 1.391480412157645175e+00
1.280000000000000027e+00 1.517964128199291940e+00
1.296000000000000041e+00 1.593729130530106008e+00
1.312000000000000055e+00 1.624626768292567691e+00
1.328000000000000069e+00 1.618273975897390748e+00
1.344000000000000083e+00 1.584718471212827717e+00
1.360000000000000098e+00 1.540826324245575307e+00
1.376000000000000112e+00 1.505223199908299447e+00
1.392000000000000126e+00 1.488613525631045542e+00
1.407999999999999918e+00 1.488909205501897093e+00
1.423999999999999932e+00 1.494307506769447125e+00
1.439999999999999947e+00 1.494147744047781723e+00
1.455999999999999961e+00 1.490732502670164550e+00
1.471999999999999975e+00 1.497726611784480966e+00
1.487999999999999989e+00 1.522829456720134589e+00
1.504000000000000004e+00 1.556015470416664215e+00
1.520000000000000018e+00 1.580516262260139193e+00
1.536000000000000032e+00 1.590643946886800109e+00
1.552000000000000046e+00 1.589763763014104159e+00
1.568000000000000060e+00 1.573691340428215568e+00
1.584000000000000075e+00 1.528755858664666567e+00
1.600000000000000089e+00 1.449258817687601342e+00
1.616000000000000103e+00 1.345897634625314865e+00
1.632000000000000117e+00 1.230766073756245804e+00
1.648000000000000131e+00 1.103199527766013599e+00
1.664000000000000146e+00 9.593743339732035968e-01
1.679999999999999938e+00 8.095821354416365967e-01
1.695999999999999952e+00 6.759147899547525151e-01
1.711999999999999966e+00 5.762198726107672364e-01
1.727999999999999980e+00 5.187487967705088909e-01
1.743999999999999995e+00 5.068065766583138565e-01
1.760000000000000009e+00 5.343535863832252764e-01
1.776000000000000023e+00 5.773431198768372852e-01
1.792000000000000037e+00 6.050776702515943128e-01
1.808000000000000052e+00 6.073896516028131076e-01
1.824000000000000066e+00 6.012119501751047590e-01
1.840000000000000080e+00 6.040027180350023839e-01
1.856000000000000094e+00 6.098490319210905231e-01
1.872000000000000108e+00 6.002679222300536521e-01
1.888000000000000123e+00 5.701417054080889502e-01
1.904000000000000137e+00 5.300086330215362240e-01
1.919999999999999929e+00 4.866014913473060144e-01
1.935999999999999943e+00 4.367166623405706605e-01
1.951999999999999957e+00 3.831450440976944538e-01
1.967999999999999972e+00 3.416411387428285873e-01
1.983999999999999986e+00 3.214772287346232549e-01
2.000000000000000000e+00 3.065556326103305862e-01
2.016000000000000014e+00 2.664410987440595791e-01
2.032000000000000028e+00 1.846530634367092027e-01
2.048000000000000043e+00 7.243710132615187314e-02
2.064000000000000057e+00 -3.817680394141314409e-02
2.080000000000000071e+00 -1.079216388542034305e-01
2.096000000000000085e+00 -1.056486249505486502e-01
2.112000000000000099e+00 -2.478232920565606040e-02
2.128000000000000114e+00 1.125537193072714964e-01
2.144000000000000128e+00 2.708696027703442200e-01
2.160000000000000142e+00 4.171801674635911006e-01
2.176000000000000156e+00 5.210354481764980505e-01
2.192000000000000171e+00 5.548022802591053848e-01
2.208000000000000185e+00 5.120378939329730539e-01
2.224000000000000199e+00 4.226433386678816739e-01
2.240000000000000213e+00 3.336122638047805400e-01
2.256000000000000227e+00 2.710712416923506951e-01
2.272000000000000242e+00 2.300165117134702897e-01
2.288000000000000256e+00 1.990537230551664705e-01
2.304000000000000270e+00 1.778999508778381367e-01
2.319999999999999840e+00 1.631546504231658756e-01
2.335999999999999854e+00 1.331436270729902116e-01
2.351999999999999869e+00 6.654402940338807748e-02
2.367999999999999883e+00 -2.496879599511708445e-02
2.383999999999999897e+00 -9.775180648767869962e-02
2.399999999999999911e+00 -1.154711567068524986e-01
2.415999999999999925e+00 -7.998444739961294014e-02
2.431999999999999940e+00 -2.119175576794725402e-02
2.447999999999999954e+00 3.221481325439973925e-02
2.463999999999999968e+00 6.359473672136120581e-02
2.479999999999999982e+00 6.080222947282851176e-02
2.495999999999999996e+00 1.672419554143363823e-02
