0.000000000000000000e+00 4.122037762403031280e+01
1.600000000000000033e-02 4.038589872052637730e+01
3.200000000000000067e-02 3.805806715244882099e+01
4.800000000000000100e-02 3.466914680548251937e+01
6.400000000000000133e-02 3.073510340405281127e+01
8.000000000000000167e-02 2.670312153266175415e+01
9.600000000000000200e-02 2.288648094405182576e+01
1.120000000000000023e-01 1.946254002375277281e+01
1.280000000000000027e-01 1.649561926325257133e+01
1.440000000000000169e-01 1.397462017572778059e+01
1.600000000000000033e-01 1.185773959402583877e+01
1.759999999999999898e-01 1.009989874358939232e+01
1.920000000000000040e-01 8.651725715103022907e+00
2.080000000000000182e-01 7.453188468856605020e+00
2.240000000000000047e-01 6.445298107866073600e+00
2.399999999999999911e-01 5.588468283879322485e+00
2.560000000000000053e-01 4.860962640461251816e+00
2.720000000000000195e-01 4.236742942045899518e+00
2.880000000000000338e-01 3.670807531892314568e+00
3.039999999999999925e-01 3.112848539364557077e+00
3.200000000000000067e-01 2.536985400319235140e+00
3.360000000000000209e-01 1.957973143832809626e+00
3.519999999999999796e-01 1.418780158647244161e+00
3.679999999999999938e-01 9.597410502657179876e-01
3.840000000000000080e-01 5.935012585845984567e-01
4.000000000000000222e-01 3.037134389643160182e-01
4.160000000000000364e-01 6.286943091156665941e-02
4.319999999999999951e-01 -1.509910086745921143e-01
4.480000000000000093e-01 -3.503291028366631310e-01
4.640000000000000235e-01 -5.414109571141573207e-01
4.799999999999999822e-01 -7.260539940912557055e-01
4.959999999999999964e-01 -9.015596249011438301e-01
5.120000000000000107e-01 -1.063578297347419488e+00
5.280000000000000249e-01 -1.211170342908139519e+00
5.440000000000000391e-01 -1.346909285753660868e+00
5.600000000000000533e-01 -1.470136381328090547e+00
5.760000000000000675e-01 -1.572292359173486975e+00
5.919999999999999707e-01 -1.642642808624975359e+00
6.079999999999999849e-01 -1.679718646257956527e+00
6.239999999999999991e-01 -1.695130016533568318e+00
6.400000000000000133e-01 -1.704560590825133559e+00
6.560000000000000275e-01 -1.716182836835579595e+00
6.720000000000000417e-01 -1.728067808281339213e+00
6.880000000000000560e-01 -1.733127932527673609e+00
7.039999999999999591e-01 -1.724149500647385480e+00
7.199999999999999734e-01 -1.697540794384208462e+00
7.359999999999999876e-01 -1.657020390013211664e+00
7.520000000000000018e-01 -1.614143820984009992e+00
7.680000000000000160e-01 -1.582575226750529529e+00
7.840000000000000302e-01 -1.569907813583987233e+00
8.000000000000000444e-01 -1.574410282096246005e+00
8.160000000000000586e-01 -1.588024935039818120e+00
8.320000000000000728e-01 -1.600460133747225511e+00
8.479999999999999760e-01 -1.602744163792420240e+00
8.639999999999999902e-01 -1.592976400130515335e+00
8.800000000000000044e-01 -1.579886132808055343e+00
8.960000000000000187e-01 -1.574262946299145760e+00
9.120000000000000329e-01 -1.571930770887212558e+00
9.280000000000000471e-01 -1.548668999540671498e+00
9.440000000000000613e-01 -1.477577635983708726e+00
9.599999999999999645e-01 -1.351077561002756111e+00
9.759999999999999787e-01 -1.183651161733417778e+00
9.919999999999999929e-01 -9.974466268508356270e-01
1.008000000000000007e+00 -8.113070638599680917e-01
1.024000000000000021e+00 -6.393466681066712898e-01
1.040000000000000036e+00 -4.879078588343156442e-01
1.056000000000000050e+00 -3.499629297832336228e-01
1.072000000000000064e+00 -2.110704839076441575e-01
1.088000000000000078e+00 -6.790027947661764207e-02
1.104000000000000092e+00 6.279970301846636571e-02
1.120000000000000107e+00 1.589000322673580490e-01
1.136000000000000121e+00 2.129811698451172519e-01
1.152000000000000135e+00 2.326764328152265970e-01
1.167999999999999927e+00 2.276728448768585156e-01
1.183999999999999941e+00 2.091405619334990307e-01
1.199999999999999956e+00 2.013672170164005626e-01
1.215999999999999970e+00 2.377352788407490480e-01
1.231999999999999984e+00 3.337483522301742389e-01
1.247999999999999998e+00 4.684914941697688739e-01
1.264000000000000012e+00 6.006196791967197690e-01
1.280000000000000027e+00 7.019370832771516522e-01
1.296000000000000041e+00 7.726030296874265568e-01
1.312000000000000055e+00 8.289260872722808982e-01
1.328000000000000069e+00 8.846664895247742244e-01
1.344000000000000083e+00 9.432259523052143324e-01
1.360000000000000098e+00 9.992039949690608713e-01
1.376000000000000112e+00 1.043979890628687901e+00
1.392000000000000126e+00 1.074630995203015527e+00
1.407999999999999918e+00 1.100435681943515709e+00
1.423999999999999932e+00 1.136543905105486418e+00
1.439999999999999947e+00 1.187139407407053371e+00
1.455999999999999961e+00 1.237327324944690332e+00
1.471999999999999975e+00 1.266367084696270906e+00
1.487999999999999989e+00 1.268085899567158670e+00
1.504000000000000004e+00 1.253865576129656434e+00
1.520000000000000018e+00 1.235508186941986386e+00
1.536000000000000032e+00 1.209192499553290778e+00
1.552000000000000046e+00 1.158460925407573949e+00
1.568000000000000060e+00 1.073219952463517091e+00
1.584000000000000075e+00 9.661217310489964571e-01
1.600000000000000089e+00 8.687549543268987540e-01
1.616000000000000103e+00 8.078829534969782511e-01
1.632000000000000117e+00 7.824785200379494876e-01
1.648000000000000131e+00 7.644762210213787990e-01
1.664000000000000146e+00 7.247972452627791107e-01
1.679999999999999938e+00 6.604699484788068009e-01
1.695999999999999952e+00 5.965662838084994091e-01
1.711999999999999966e+00 5.633877497600857653e-01
1.727999999999999980e+00 5.738225282164221008e-01
1.743999999999999995e+00 6.198944112377267057e-01
1.760000000000000009e+00 6.839766881266388099e-01
1.776000000000000023e+00 7.490330748657455517e-01
1.792000000000000037e+00 8.013521935887040204e-01
1.808000000000000052e+00 8.314044488664723564e-01
1.824000000000000066e+00 8.366956364052393624e-01
1.840000000000000080e+00 8.218747569081479298e-01
1.856000000000000094e+00 7.937490546263124003e-01
1.872000000000000108e+00 7.574488559969178025e-01
1.888000000000000123e+00 7.179261983365746724e-01
1.904000000000000137e+00 6.817159991840922029e-01
1.919999999999999929e+00 6.526503657130440228e-01
1.935999999999999943e+00 6.248533376650718951e-01
1.951999999999999957e+00 5.840522404949950452e-01
1.967999999999999972e+00 5.202760077878660905e-01
1.983999999999999986e+00 4.399080720057316207e-01
2.000000000000000000e+00 3.649168735153588417e-01
2.016000000000000014e+00 3.201208388557668649e-01
2.032000000000000028e+00 3.174825381770327026e-01
2.048000000000000043e+00 3.478377845942912105e-01
2.064000000000000057e+00 3.878112875610161270e-01
2.080000000000000071e+00 4.177507636441748495e-01
2.096000000000000085e+00 4.330138171174702788e-01
2.112000000000000099e+00 4.354751208948862695e-01
2.128000000000000114e+00 4.162428804747177469e-01
2.144000000000000128e+00 3.555106031231405894e-01
2.160000000000000142e+00 2.445446187299979424e-01
2.176000000000000156e+00 1.022410148633573629e-01
2.192000000000000171e+00 -3.507727240697851995e-02
2.208000000000000185e+00 -1.351762264899763477e-01
2.224000000000000199e+00 -1.781700398129027751e-01
2.240000000000000213e+00 -1.547899997366230518e-01
2.256000000000000227e+00 -7.152692336506159820e-02
2.272000000000000242e+00 4.306795639541797366e-02
2.288000000000000256e+00 1.516895475311173525e-01
2.304000000000000270e+00 2.347059407429892830e-01
2.319999999999999840e+00 2.959089657619678460e-01
2.335999999999999854e+00 3.403885989282208202e-01
2.351999999999999869e+00 3.604542054100399739e-01
2.367999999999999883e+00 3.521527729721386502e-01
2.383999999999999897e+00 3.342253031347069969e-01
2.399999999999999911e+00 3.339203403724125829e-01
2.415999999999999925e+00 3.526795797910483588e-01
2.431999999999999940e+00 3.580088422967062645e-01
2.447999999999999954e+00 3.158946907625873046e-01
2.463999999999999968e+00 2.251384400289776766e-01
2.479999999999999982e+00 1.155810813555579464e-01
2.495999999999999996e+00 1.969580118335827190e-02
