0.000000000000000000e+00 4.928588647438735393e+01
1.600000000000000033e-02 4.825020314263976928e+01
3.200000000000000067e-02 4.542059027077058175e+01
4.800000000000000100e-02 4.134590472618679513e+01
6.400000000000000133e-02 3.664913863709583808e+01
8.000000000000000167e-02 3.185878116266538740e+01
9.600000000000000200e-02 2.734628466143727366e+01
1.120000000000000023e-01 2.332163164109149633e+01
1.280000000000000027e-01 1.985831099673966804e+01
1.440000000000000169e-01 1.693007571296728386e+01
1.600000000000000033e-01 1.445185399941211557e+01
1.759999999999999898e-01 1.232755608627076427e+01
1.920000000000000040e-01 1.048810141023592379e+01
2.080000000000000182e-01 8.892179531332677911e+00
2.240000000000000047e-01 7.505565855375890827e+00
2.399999999999999911e-01 6.299836901825099922e+00
2.560000000000000053e-01 5.265577181869093515e+00
2.720000000000000195e-01 4.408446901402824913e+00
2.880000000000000338e-01 3.725886206530664602e+00
3.039999999999999925e-01 3.184805178104535450e+00
3.200000000000000067e-01 2.722514018117547341e+00
3.360000000000000209e-01 2.278139777268762600e+00
3.519999999999999796e-01 1.827515589369894666e+00
3.679999999999999938e-01 1.382688115812670260e+00
3.840000000000000080e-01 9.551971729901715946e-01
4.000000000000000222e-01 5.305462353686402066e-01
4.160000000000000364e-01 9.141279366967332287e-02
4.319999999999999951e-01 -3.416799829033516644e-01
4.480000000000000093e-01 -7.140845339899729582e-01
4.640000000000000235e-01 -9.865353832663933398e-01
4.799999999999999822e-01 -1.167766792038739787e+00
4.959999999999999964e-01 -1.296125039020008529e+00
5.120000000000000107e-01 -1.405743574454824563e+00
5.280000000000000249e-01 -1.514076429294964443e+00
5.440000000000000391e-01 -1.623819060371004763e+00
5.600000000000000533e-01 -1.724976897016532451e+00
5.760000000000000675e-01 -1.798051417280370545e+00
5.919999999999999707e-01 -1.821195452203587140e+00
6.079999999999999849e-01 -1.780766338574496066e+00
6.239999999999999991e-01 -1.683167270139203531e+00
6.400000000000000133e-01 -1.561062709619266631e+00
6.560000000000000275e-01 -1.461029479216570559e+00
6.720000000000000417e-01 -1.414116329420950890e+00
6.880000000000000560e-01 -1.416579622260083049e+00
7.039999999999999591e-01 -1.440006139824153930e+00
7.199999999999999734e-01 -1.458184277484940727e+00
7.359999999999999876e-01 -1.462750355156300142e+00
7.520000000000000018e-01 -1.453950882840092440e+00
7.680000000000000160e-01 -1.427172782144487062e+00
7.840000000000000302e-01 -1.377197495860132292e+00
8.000000000000000444e-01 -1.305386544954482364e+00
8.160000000000000586e-01 -1.213111056573829671e+00
8.320000000000000728e-01 -1.093672695262634553e+00
8.479999999999999760e-01 -9.407690127672704294e-01
8.639999999999999902e-01 -7.685121090785289599e-01
8.800000000000000044e-01 -6.112595871078383425e-01
8.960000000000000187e-01 -4.948324725838565419e-01
9.120000000000000329e-01 -4.195821367290079040e-01
9.280000000000000471e-01 -3.732000014057527126e-01
9.440000000000000613e-01 -3.425825336308745972e-01
9.599999999999999645e-01 -3.112472330566249390e-01
9.759999999999999787e-01 -2.601154321627804356e-01
9.919999999999999929e-01 -1.782376678545091464e-01
1.008000000000000007e+00 -6.964971540294040420e-02
1.024000000000000021e+00 5.137622758139555323e-02
1.040000000000000036e+00 1.691642374175676145e-01
1.056000000000000050e+00 2.759820210109336092e-01
1.072000000000000064e+00 3.790945108540501041e-01
1.088000000000000078e+00 4.922409214665086630e-01
1.104000000000000092e+00 6.134867509295900412e-01
1.120000000000000107e+00 7.167529200845069726e-01
1.136000000000000121e+00 7.754378133097836745e-01
1.152000000000000135e+00 7.971653867576026231e-01
1.167999999999999927e+00 8.249062460016061138e-01
1.183999999999999941e+00 8.971309887147266293e-01
1.199999999999999956e+00 1.014904939196792810e+00
1.215999999999999970e+00 1.151075600684497768e+00
1.231999999999999984e+00 1.279782944128166067e+00
1.247999999999999998e+00 1.387027193135458525e+00
1.264000000000000012e+00 1.458624502004020940e+00
1.280000000000000027e+00 1.475487114783551990e+00
1.296000000000000041e+00 1.431631404788927142e+00
1.312000000000000055e+00 1.353144828162901936e+00
1.328000000000000069e+00 1.289207260587807324e+00
1.344000000000000083e+00 1.276504262955628466e+00
1.360000000000000098e+00 1.311905742349280146e+00
1.376000000000000112e+00 1.362922013545244004e+00
1.392000000000000126e+00 1.402691359555256367e+00
1.407999999999999918e+00 1.428152322838389443e+00
1.423999999999999932e+00 1.443126881011506990e+00
1.439999999999999947e+00 1.436539760462090642e+00
1.455999999999999961e+00 1.391643019144292781e+00
1.471999999999999975e+00 1.315048934978981121e+00
1.487999999999999989e+00 1.245452624456349078e+00
1.504000000000000004e+00 1.224269162330279048e+00
1.520000000000000018e+00 1.256148630717337067e+00
1.536000000000000032e+00 1.305950239079305630e+00
1.552000000000000046e+00 1.333502320987001388e+00
1.568000000000000060e+00 1.320524104569620771e+00
1.584000000000000075e+00 1.266469912902785211e+00
1.600000000000000089e+00 1.173076502841300606e+00
1.616000000000000103e+00 1.042297693463579256e+00
1.632000000000000117e+00 8.876555144261577546e-01
1.648000000000000131e+00 7.393836150068766599e-01
1.664000000000000146e+00 6.315527390716486611e-01
1.679999999999999938e+00 5.768039998714020733e-01
1.695999999999999952e+00 5.523339411167973445e-01
1.711999999999999966e+00 5.233924394880949960e-01
1.727999999999999980e+00 4.805431834057884988e-01
1.743999999999999995e+00 4.377246140457969892e-01
1.760000000000000009e+00 3.993805998827626991e-01
1.776000000000000023e+00 3.487805097363999574e-01
1.792000000000000037e+00 2.694805073043496368e-01
1.808000000000000052e+00 1.678922519126836987e-01
1.824000000000000066e+00 6.854387147162276095e-02
1.840000000000000080e+00 -1.154909685308603065e-02
1.856000000000000094e+00 -7.830524132808927562e-02
1.872000000000000108e+00 -1.478044446291336411e-01
1.888000000000000123e+00 -2.200100791727854777e-01
1.904000000000000137e+00 -2.729795719515313857e-01
1.919999999999999929e+00 -2.888490877164398007e-01
1.935999999999999943e+00 -2.773136102217103605e-01
1.951999999999999957e+00 -2.619311051736994966e-01
1.967999999999999972e+00 -2.442313098285079365e-01
1.983999999999999986e+00 -1.954145375147842423e-01
2.000000000000000000e+00 -9.562917031667483858e-02
2.016000000000000014e+00 2.795750127181281797e-02
2.032000000000000028e+00 1.184945724749510015e-01
2.048000000000000043e+00 1.407535783482584124e-01
2.064000000000000057e+00 1.062914857878551333e-01
2.080000000000000071e+00 5.527692109085181882e-02
2.096000000000000085e+00 2.431648156929455337e-02
2.112000000000000099e+00 3.003010269950181707e-02
2.128000000000000114e+00 7.295789384890191687e-02
2.144000000000000128e+00 1.478997262415653602e-01
2.160000000000000142e+00 2.461531249959354739e-01
2.176000000000000156e+00 3.508868485717752672e-01
2.192000000000000171e+00 4.407639661251467333e-01
2.208000000000000185e+00 5.054367720400101405e-01
2.224000000000000199e+00 5.563680666577460743e-01
2.240000000000000213e+00 6.174134495756378183e-01
2.256000000000000227e+00 7.006326807101980192e-01
2.272000000000000242e+00 7.917998762000927337e-01
2.288000000000000256e+00 8.608187791609401840e-01
2.304000000000000270e+00 8.843373037724190366e-01
2.319999999999999840e+00 8.565920381749571044e-01
2.335999999999999854e+00 7.806501868360257168e-01
2.351999999999999869e+00 6.611403483209065124e-01
2.367999999999999883e+00 5.136773113356631892e-01
2.383999999999999897e+00 3.647486855031059072e-01
2.399999999999999911e+00 2.285848699467148970e-01
2.415999999999999925e+00 9.877296519061107283e-02
2.431999999999999940e+00 -2.659189616720224886e-02
2.447999999999999954e+00 -1.232939401829653836e-01
2.463999999999999968e+00 -1.564629535233269253e-01
2.479999999999999982e+00 -1.152178189400450969e-01
2.495999999999999996e+00 -2.505182966811536627e-02
