0.000000000000000000e+00 4.116340397112194438e+01
1.600000000000000033e-02 4.032277187490790027e+01
3.200000000000000067e-02 3.798571278146059171e+01
4.800000000000000100e-02 3.458975072419706720e+01
6.400000000000000133e-02 3.066091047267643077e+01
8.000000000000000167e-02 2.665079089976858739e+01
9.600000000000000200e-02 2.285876421623463983e+01
1.120000000000000023e-01 1.943674481524535835e+01
1.280000000000000027e-01 1.643310519457091345e+01
1.440000000000000169e-01 1.383780147756784018e+01
1.600000000000000033e-01 1.161561399571970732e+01
1.759999999999999898e-01 9.729243774740801598e+00
1.920000000000000040e-01 8.151479874096827061e+00
2.080000000000000182e-01 6.862244614064646697e+00
2.240000000000000047e-01 5.835060030440557988e+00
2.399999999999999911e-01 5.027155231916547784e+00
2.560000000000000053e-01 4.382775963870537694e+00
2.720000000000000195e-01 3.845703304113163856e+00
2.880000000000000338e-01 3.369905220524323397e+00
3.039999999999999925e-01 2.921482973371686054e+00
3.200000000000000067e-01 2.474586918519269041e+00
3.360000000000000209e-01 2.009684363288886555e+00
3.519999999999999796e-01 1.518676416687660513e+00
3.679999999999999938e-01 1.011863488803668831e+00
3.840000000000000080e-01 5.174324924397409875e-01
4.000000000000000222e-01 6.997942421368666399e-02
4.160000000000000364e-01 -3.052442647512533247e-01
4.319999999999999951e-01 -6.013844941500112729e-01
4.480000000000000093e-01 -8.279562404256078922e-01
4.640000000000000235e-01 -1.003607135903074488e+00
4.799999999999999822e-01 -1.150716096598993321e+00
4.959999999999999964e-01 -1.291245420806564015e+00
5.120000000000000107e-01 -1.440341357934630917e+00
5.280000000000000249e-01 -1.599778696200911732e+00
5.440000000000000391e-01 -1.756598336940689897e+00
5.600000000000000533e-01 -1.888697225387145240e+00
5.760000000000000675e-01 -1.975611494453342276e+00
5.919999999999999707e-01 -2.011104658655185951e+00
6.079999999999999849e-01 -2.010637082882899218e+00
6.239999999999999991e-01 -2.005484045149581451e+00
6.400000000000000133e-01 -2.023458165148207311e+00
6.560000000000000275e-01 -2.069057467905171865e+00
6.720000000000000417e-01 -2.119688743482395665e+00
6.880000000000000560e-01 -2.143130764913795172e+00
7.039999999999999591e-01 -2.123116549104595574e+00
7.199999999999999734e-01 -2.071357788888989582e+00
7.359999999999999876e-01 -2.015303786328277891e+00
7.520000000000000018e-01 -1.973043680670247380e+00
7.680000000000000160e-01 -1.939112865613368264e+00
7.840000000000000302e-01 -1.894548769961574397e+00
8.000000000000000444e-01 -1.830557238310054124e+00
8.160000000000000586e-01 -1.761465894697114010e+00
8.320000000000000728e-01 -1.713834551873142154e+00
8.479999999999999760e-01 -1.702961457029039227e+00
8.639999999999999902e-01 -1.719263755926703663e+00
8.800000000000000044e-01 -1.734620506236156157e+00
8.960000000000000187e-01 -1.719430247383374466e+00
9.120000000000000329e-01 -1.656071322351701403e+00
9.280000000000000471e-01 -1.543820894458657778e+00
9.440000000000000613e-01 -1.397826947237890582e+00
9.599999999999999645e-01 -1.242809079255213556e+00
9.759999999999999787e-01 -1.100483166932949119e+00
9.919999999999999929e-01 -9.762594970819477025e-01
1.008000000000000007e+00 -8.565071683118458123e-01
1.024000000000000021e+00 -7.206412437624805101e-01
1.040000000000000036e+00 -5.580325602554847553e-01
1.056000000000000050e+00 -3.748079493556932262e-01
1.072000000000000064e+00 -1.858377231110121264e-01
1.088000000000000078e+00 -1.870068378307766527e-03
1.104000000000000092e+00 1.743345349642191067e-01
1.120000000000000107e+00 3.403305018237939850e-01
1.136000000000000121e+00 4.860100816072644436e-01
1.152000000000000135e+00 5.962442506819530808e-01
1.167999999999999927e+00 6.621951625508769590e-01
1.183999999999999941e+00 6.906906358465236817e-01
1.199999999999999956e+00 7.042213985746500482e-01
1.215999999999999970e+00 7.318000817664654933e-01
1.231999999999999984e+00 7.960439547345864453e-01
1.247999999999999998e+00 9.028981979175876305e-01
1.264000000000000012e+00 1.037988483878319101e+00
1.280000000000000027e+00 1.171423716041075425e+00
1.296000000000000041e+00 1.272188360333844415e+00
1.312000000000000055e+00 1.327457978411284323e+00
1.328000000000000069e+00 1.352463753544857372e+00
1.344000000000000083e+00 1.379506300647274530e+00
1.360000000000000098e+00 1.434154360672603046e+00
1.376000000000000112e+00 1.519453030402635463e+00
1.392000000000000126e+00 1.619159810931771526e+00
1.407999999999999918e+00 1.712667257713448965e+00
1.423999999999999932e+00 1.786651170305289194e+00
1.439999999999999947e+00 1.834629620452091991e+00
1.455999999999999961e+00 1.849040780153406338e+00
1.471999999999999975e+00 1.819487426405334896e+00
1.487999999999999989e+00 1.743199935353569208e+00
1.504000000000000004e+00 1.635898406228685209e+00
1.520000000000000018e+00 1.526961974824590840e+00
1.536000000000000032e+00 1.440011380632402638e+00
1.552000000000000046e+00 1.377717991939839459e+00
1.568000000000000060e+00 1.326505976424618316e+00
1.584000000000000075e+00 1.275987219979066278e+00
1.600000000000000089e+00 1.231775051953161837e+00
1.616000000000000103e+00 1.207515306056651472e+00
1.632000000000000117e+00 1.206067514375935845e+00
1.648000000000000131e+00 1.212398230253901144e+00
1.664000000000000146e+00 1.206160745571277504e+00
1.679999999999999938e+00 1.178590560021062661e+00
1.695999999999999952e+00 1.134449393858969923e+00
1.711999999999999966e+00 1.078505522205108758e+00
1.727999999999999980e+00 1.004639116667423115e+00
1.743999999999999995e+00 9.019772870532424269e-01
1.760000000000000009e+00 7.705083858473025238e-01
1.776000000000000023e+00 6.263153895845953167e-01
1.792000000000000037e+00 4.901978979854362262e-01
1.808000000000000052e+00 3.737152195060493565e-01
1.824000000000000066e+00 2.770849163416223004e-01
1.840000000000000080e+00 1.975529872292223210e-01
1.856000000000000094e+00 1.366591607823152421e-01
1.872000000000000108e+00 9.864649331484960648e-02
1.888000000000000123e+00 8.306677376260024337e-02
1.904000000000000137e+00 8.193485156262708680e-02
1.919999999999999929e+00 8.707009146037242298e-02
1.935999999999999943e+00 9.996008326833365210e-02
1.951999999999999957e+00 1.316035689218166271e-01
1.967999999999999972e+00 1.908240348379036389e-01
1.983999999999999986e+00 2.720986053364529700e-01
2.000000000000000000e+00 3.538690999209629373e-01
2.016000000000000014e+00 4.088865796874255887e-01
2.032000000000000028e+00 4.192086694259238300e-01
2.048000000000000043e+00 3.856993355820254044e-01
2.064000000000000057e+00 3.269181797930937328e-01
2.080000000000000071e+00 2.702837935067448627e-01
2.096000000000000085e+00 2.412507318533524403e-01
2.112000000000000099e+00 2.540942388029174825e-01
2.128000000000000114e+00 3.066621912332774813e-01
2.144000000000000128e+00 3.807331967986541943e-01
2.160000000000000142e+00 4.468901063524398642e-01
2.176000000000000156e+00 4.720624030344561239e-01
2.192000000000000171e+00 4.304677054953448545e-01
2.208000000000000185e+00 3.171936145006030161e-01
2.224000000000000199e+00 1.564510178204415458e-01
2.240000000000000213e+00 -5.384851589963476903e-03
2.256000000000000227e+00 -1.218003946303697765e-01
2.272000000000000242e+00 -1.702260758349800895e-01
2.288000000000000256e+00 -1.620900480413360323e-01
2.304000000000000270e+00 -1.319875187275444117e-01
2.319999999999999840e+00 -1.139758997208834834e-01
2.335999999999999854e+00 -1.227341933710316690e-01
2.351999999999999869e+00 -1.522141968674678436e-01
2.367999999999999883e+00 -1.872602429236099597e-01
2.383999999999999897e+00 -2.132564799169258674e-01
2.399999999999999911e+00 -2.177726763830210854e-01
2.415999999999999925e+00 -1.920493493698120779e-01
2.431999999999999940e+00 -1.376917785732581501e-01
2.447999999999999954e+00 -7.088891669395452899e-02
2.463999999999999968e+00 -1.545226363997886584e-02
2.479999999999999982e+00 1.097795016052564507e-02
2.495999999999999996e+00 5.430226897913929644e-03
