0.000000000000000000e+00 3.957684310894578772e+01
1.600000000000000033e-02 3.872906778578459353e+01
3.200000000000000067e-02 3.640059156576974431e+01
4.800000000000000100e-02 3.305321556962119445e+01
6.400000000000000133e-02 2.922735831162523112e+01
8.000000000000000167e-02 2.536792878904295989e+01
9.600000000000000200e-02 2.175851759144800468e+01
1.120000000000000023e-01 1.854532726789253516e+01
1.280000000000000027e-01 1.578385816684392040e+01
1.440000000000000169e-01 1.346822642948805360e+01
1.600000000000000033e-01 1.154876980677228637e+01
1.759999999999999898e-01 9.955074005621924016e+00
1.920000000000000040e-01 8.621013907636523754e+00
2.080000000000000182e-01 7.494603457477364117e+00
2.240000000000000047e-01 6.529817464845376840e+00
2.399999999999999911e-01 5.678985654814564299e+00
2.560000000000000053e-01 4.901039882337103748e+00
2.720000000000000195e-01 4.176195255403658990e+00
2.880000000000000338e-01 3.505649637610437797e+00
3.039999999999999925e-01 2.892390613377913144e+00
3.200000000000000067e-01 2.323506085158503431e+00
3.360000000000000209e-01 1.774476129281765013e+00
3.519999999999999796e-01 1.230905236617684473e+00
3.679999999999999938e-01 7.023035862361850512e-01
3.840000000000000080e-01 2.114367520414646151e-01
4.000000000000000222e-01 -2.277783785233637448e-01
4.160000000000000364e-01 -6.173970642244119844e-01
4.319999999999999951e-01 -9.619887791836252422e-01
4.480000000000000093e-01 -1.256296493591294805e+00
4.640000000000000235e-01 -1.491952331263880938e+00
4.799999999999999822e-01 -1.673225457240858249e+00
4.959999999999999964e-01 -1.819930342870074602e+00
5.120000000000000107e-01 -1.953728534336750755e+00
5.280000000000000249e-01 -2.083695060540001975e+00
5.440000000000000391e-01 -2.203930460622184118e+00
5.600000000000000533e-01 -2.300753557874652966e+00
5.760000000000000675e-01 -2.360980349439015580e+00
5.919999999999999707e-01 -2.378020202126497562e+00
6.079999999999999849e-01 -2.356683589557289960e+00
6.239999999999999991e-01 -2.314768866594000940e+00
6.400000000000000133e-01 -2.276571859952500443e+00
6.560000000000000275e-01 -2.259204613338615886e+00
6.720000000000000417e-01 -2.263003805509655741e+00
6.880000000000000560e-01 -2.276747684201674726e+00
7.039999999999999591e-01 -2.292234214157494510e+00
7.199999999999999734e-01 -2.310501458279949905e+00
7.359999999999999876e-01 -2.332505514278572445e+00
7.520000000000000018e-01 -2.347954322915989156e+00
7.680000000000000160e-01 -2.338282193542528642e+00
7.840000000000000302e-01 -2.290273416349372759e+00
8.000000000000000444e-01 -2.203003661784831202e+00
8.160000000000000586e-01 -2.081078247342913912e+00
8.320000000000000728e-01 -1.926481508503745887e+00
8.479999999999999760e-01 -1.742894573860520602e+00
8.639999999999999902e-01 -1.547245597466819111e+00
8.800000000000000044e-01 -1.369105116430270108e+00
8.960000000000000187e-01 -1.231162143743751214e+00
9.120000000000000329e-01 -1.130196461388120355e+00
9.280000000000000471e-01 -1.042179454020912166e+00
9.440000000000000613e-01 -9.476253385300157372e-01
9.599999999999999645e-01 -8.481775518628160704e-01
9.759999999999999787e-01 -7.562138330923440233e-01
9.919999999999999929e-01 -6.722859973746186935e-01
1.008000000000000007e+00 -5.785496113750455693e-01
1.024000000000000021e+00 -4.556136871689913104e-01
1.040000000000000036e+00 -3.029866808551840429e-01
1.056000000000000050e+00 -1.407603731199238151e-01
1.072000000000000064e+00 7.659367393306689559e-03
1.088000000000000078e+00 1.317831022435600463e-01
1.104000000000000092e+00 2.334334756200467376e-01
1.120000000000000107e+00 3.154319357591966466e-01
1.136000000000000121e+00 3.772121694900434918e-01
1.152000000000000135e+00 4.219417500142262911e-01
1.167999999999999927e+00 4.615251207122527122e-01
1.183999999999999941e+00 5.085975094128533103e-01
1.199999999999999956e+00 5.639735090756250457e-01
1.215999999999999970e+00 6.162886027196681216e-01
1.231999999999999984e+00 6.561101534444189198e-01
1.247999999999999998e+00 6.884636676232047670e-01
1.264000000000000012e+00 7.287447934581106068e-01
1.280000000000000027e+00 7.864038030325939399e-01
1.296000000000000041e+00 8.553723514496567315e-01
1.312000000000000055e+00 9.219212142317635417e-01
1.328000000000000069e+00 9.793224836069576167e-01
1.344000000000000083e+00 1.031480496008490011e+00
1.360000000000000098e+00 1.083605929967176307e+00
1.376000000000000112e+00 1.134707967517690985e+00
1.392000000000000126e+00 1.181743926643828546e+00
1.407999999999999918e+00 1.227503650442920646e+00
1.423999999999999932e+00 1.279044643252870150e+00
1.439999999999999947e+00 1.336591577216160065e+00
1.455999999999999961e+00 1.385901675627907670e+00
1.471999999999999975e+00 1.404064502402353254e+00
1.487999999999999989e+00 1.374071194700443366e+00
1.504000000000000004e+00 1.294740488910810061e+00
1.520000000000000018e+00 1.179419075297113428e+00
1.536000000000000032e+00 1.049196467055652393e+00
1.552000000000000046e+00 9.272812717099685464e-01
1.568000000000000060e+00 8.323243304084977368e-01
1.584000000000000075e+00 7.684554863752858234e-01
1.600000000000000089e+00 7.214581577669431089e-01
1.616000000000000103e+00 6.714762878118001321e-01
1.632000000000000117e+00 6.131667325471543695e-01
1.648000000000000131e+00 5.603834575288856312e-01
1.664000000000000146e+00 5.286319284799850804e-01
1.679999999999999938e+00 5.161317730059825637e-01
1.695999999999999952e+00 5.061774986159958134e-01
1.711999999999999966e+00 4.868878549520473942e-01
1.727999999999999980e+00 4.637787509153022958e-01
1.743999999999999995e+00 4.506683655226881302e-01
1.760000000000000009e+00 4.511449303189411508e-01
1.776000000000000023e+00 4.534559197574275502e-01
1.792000000000000037e+00 4.443045257459785069e-01
1.808000000000000052e+00 4.239633716336500546e-01
1.824000000000000066e+00 4.050440715746583265e-01
1.840000000000000080e+00 3.986927242007330952e-01
1.856000000000000094e+00 4.059936644545323325e-01
1.872000000000000108e+00 4.225196239516353924e-01
1.888000000000000123e+00 4.465532340832851221e-01
1.904000000000000137e+00 4.794434497309379428e-01
1.919999999999999929e+00 5.193408019836247558e-01
1.935999999999999943e+00 5.588467450485610222e-01
1.951999999999999957e+00 5.913806035424118424e-01
1.967999999999999972e+00 6.175789149522941113e-01
1.983999999999999986e+00 6.401452393992062007e-01
2.000000000000000000e+00 6.511497377311791235e-01
2.016000000000000014e+00 6.311239532708613487e-01
2.032000000000000028e+00 5.684040258003502100e-01
2.048000000000000043e+00 4.782130210075030696e-01
2.064000000000000057e+00 3.946062878366839444e-01
2.080000000000000071e+00 3.398962229784932565e-01
2.096000000000000085e+00 3.061710079145502639e-01
2.112000000000000099e+00 2.705560464427166356e-01
2.128000000000000114e+00 2.254208420919857070e-01
2.144000000000000128e+00 1.876855070893143351e-01
2.160000000000000142e+00 1.770676095555587526e-01
2.176000000000000156e+00 1.892710776182381649e-01
2.192000000000000171e+00 1.952653189703066894e-01
2.208000000000000185e+00 1.675915922032866767e-01
2.224000000000000199e+00 1.045429935823025125e-01
2.240000000000000213e+00 2.777124830726716148e-02
2.256000000000000227e+00 -3.920025240400424466e-02
2.272000000000000242e+00 -8.570292794230340017e-02
2.288000000000000256e+00 -1.115490300409515551e-01
2.304000000000000270e+00 -1.208259466992956527e-01
2.319999999999999840e+00 -1.243807778914018114e-01
2.335999999999999854e+00 -1.441002017613600694e-01
2.351999999999999869e+00 -2.044372452604988066e-01
2.367999999999999883e+00 -3.119392248819786162e-01
2.383999999999999897e+00 -4.419259921109052747e-01
2.399999999999999911e+00 -5.489277432904956511e-01
2.415999999999999925e+00 -5.941866205465936579e-01
2.431999999999999940e+00 -5.654099012521566214e-01
2.447999999999999954e+00 -4.737844631627246561e-01
2.463999999999999968e+00 -3.393709981515533602e-01
2.479999999999999982e+00 -1.841735579188656657e-01
2.495999999999999996e+00 -3.373578215803542391e-02
