0.000000000000000000e+00 3.977352917290877343e+01
1.600000000000000033e-02 3.898275994268512079e+01
3.200000000000000067e-02 3.675316914336809759e+01
4.800000000000000100e-02 3.348018588526731065e+01
6.400000000000000133e-02 2.966847070445911783e+01
8.000000000000000167e-02 2.577965175508162687e+01
9.600000000000000200e-02 2.213514448303719107e+01
1.120000000000000023e-01 1.889696762803225027e+01
1.280000000000000027e-01 1.610385166164709503e+01
1.440000000000000169e-01 1.372266182978409965e+01
1.600000000000000033e-01 1.168930843504197803e+01
1.759999999999999898e-01 9.936246080132301373e+00
1.920000000000000040e-01 8.410883996594334278e+00
2.080000000000000182e-01 7.082469109471251301e+00
2.240000000000000047e-01 5.935524653621466307e+00
2.399999999999999911e-01 4.959251835274637088e+00
2.560000000000000053e-01 4.143295550278202732e+00
2.720000000000000195e-01 3.475571445569585194e+00
2.880000000000000338e-01 2.933498486868105104e+00
3.039999999999999925e-01 2.477274408456379806e+00
3.200000000000000067e-01 2.061768173026705675e+00
3.360000000000000209e-01 1.660411786516943211e+00
3.519999999999999796e-01 1.273375008701234323e+00
3.679999999999999938e-01 9.110617413275027276e-01
3.840000000000000080e-01 5.768895258336351750e-01
4.000000000000000222e-01 2.689588131604681021e-01
4.160000000000000364e-01 -1.233509402907710488e-02
4.319999999999999951e-01 -2.695622996403013727e-01
4.480000000000000093e-01 -5.171874745552660357e-01
4.640000000000000235e-01 -7.742041614059046450e-01
4.799999999999999822e-01 -1.046511006250544717e+00
4.959999999999999964e-01 -1.322726052563985011e+00
5.120000000000000107e-01 -1.586199870189507477e+00
5.280000000000000249e-01 -1.822374150844951135e+00
5.440000000000000391e-01 -2.013126845403619303e+00
5.600000000000000533e-01 -2.135174456075605409e+00
5.760000000000000675e-01 -2.174792857665825974e+00
5.919999999999999707e-01 -2.144145404722451520e+00
6.079999999999999849e-01 -2.077781026914650830e+00
6.239999999999999991e-01 -2.010568182216777799e+00
6.400000000000000133e-01 -1.958296997252319427e+00
6.560000000000000275e-01 -1.916797905209626229e+00
6.720000000000000417e-01 -1.876276673236092041e+00
6.880000000000000560e-01 -1.835834335320439603e+00
7.039999999999999591e-01 -1.805817659548003995e+00
7.199999999999999734e-01 -1.797429881521644290e+00
7.359999999999999876e-01 -1.810276449092105722e+00
7.520000000000000018e-01 -1.829835033597292160e+00
7.680000000000000160e-01 -1.836936400240094303e+00
7.840000000000000302e-01 -1.820319557038392988e+00
8.000000000000000444e-01 -1.781825807981578746e+00
8.160000000000000586e-01 -1.731475549790223445e+00
8.320000000000000728e-01 -1.678104440796920560e+00
8.479999999999999760e-01 -1.623700323925900024e+00
8.639999999999999902e-01 -1.565305479020224766e+00
8.800000000000000044e-01 -1.501750517627765680e+00
8.960000000000000187e-01 -1.439344476769637282e+00
9.120000000000000329e-01 -1.391882668277890200e+00
9.280000000000000471e-01 -1.372574020474399248e+00
9.440000000000000613e-01 -1.379708357301956623e+00
9.599999999999999645e-01 -1.387152487207792273e+00
9.759999999999999787e-01 -1.355241417474673637e+00
9.919999999999999929e-01 -1.261036078969132834e+00
1.008000000000000007e+00 -1.119844639422579613e+00
1.024000000000000021e+00 -9.709275047222248878e-01
1.040000000000000036e+00 -8.397966208637164254e-01
1.056000000000000050e+00 -7.192660773306808197e-01
1.072000000000000064e+00 -5.876262161643763804e-01
1.088000000000000078e+00 -4.361298446705802467e-01
1.104000000000000092e+00 -2.736879197174515443e-01
1.120000000000000107e+00 -1.141622306044094287e-01
1.136000000000000121e+00 2.981594264069739250e-02
1.152000000000000135e+00 1.449348141070061491e-01
1.167999999999999927e+00 2.226703618753063940e-01
1.183999999999999941e+00 2.699076467578598315e-01
1.199999999999999956e+00 3.061918036544276633e-01
1.215999999999999970e+00 3.472115979781551509e-01
1.231999999999999984e+00 3.964568914039020564e-01
1.247999999999999998e+00 4.540063543470199137e-01
1.264000000000000012e+00 5.240906104419875700e-01
1.280000000000000027e+00 6.066888614074018582e-01
1.296000000000000041e+00 6.861987078057474321e-01
1.312000000000000055e+00 7.371494826706374015e-01
1.328000000000000069e+00 7.436141827624732636e-01
1.344000000000000083e+00 7.114457889231646792e-01
1.360000000000000098e+00 6.625947833225259709e-01
1.376000000000000112e+00 6.198388582232920996e-01
1.392000000000000126e+00 5.952238395104049173e-01
1.407999999999999918e+00 5.879068625870677023e-01
1.423999999999999932e+00 5.891360239048074599e-01
1.439999999999999947e+00 5.887108974516849225e-01
1.455999999999999961e+00 5.785083186085796525e-01
1.471999999999999975e+00 5.532896822656679925e-01
1.487999999999999989e+00 5.118459022733438113e-01
1.504000000000000004e+00 4.587640875098170645e-01
1.520000000000000018e+00 4.036280008023925836e-01
1.536000000000000032e+00 3.566196490209191938e-01
1.552000000000000046e+00 3.241424891453326684e-01
1.568000000000000060e+00 3.080706604676256566e-01
1.584000000000000075e+00 3.078219370641563368e-01
1.600000000000000089e+00 3.216098159336965301e-01
1.616000000000000103e+00 3.450175767016454564e-01
1.632000000000000117e+00 3.696219125001001249e-01
1.648000000000000131e+00 3.864343232010318818e-01
1.664000000000000146e+00 3.931245937745978525e-01
1.679999999999999938e+00 3.951860867326574822e-01
1.695999999999999952e+00 3.948678488846601442e-01
1.711999999999999966e+00 3.797812857727506097e-01
1.727999999999999980e+00 3.299920795730666989e-01
1.743999999999999995e+00 2.400889718769350922e-01
1.760000000000000009e+00 1.288076872993486888e-01
1.776000000000000023e+00 2.244007409349247847e-02
1.792000000000000037e+00 -6.604873891272007580e-02
1.808000000000000052e+00 -1.364931977242419270e-01
1.824000000000000066e+00 -1.881420504181548214e-01
1.840000000000000080e+00 -2.190540670420899338e-01
1.856000000000000094e+00 -2.376108453837541268e-01
1.872000000000000108e+00 -2.623179390221762053e-01
1.888000000000000123e+00 -3.053117262044042768e-01
1.904000000000000137e+00 -3.621019627511325445e-01
1.919999999999999929e+00 -4.188374562448980432e-01
1.935999999999999943e+00 -4.610041490119275442e-01
1.951999999999999957e+00 -4.721916334788788805e-01
1.967999999999999972e+00 -4.363485838711090858e-01
1.983999999999999986e+00 -3.533896717038680912e-01
2.000000000000000000e+00 -2.499899415901804811e-01
2.016000000000000014e+00 -1.652776422421650404e-01
2.032000000000000028e+00 -1.233321479139700139e-01
2.048000000000000043e+00 -1.219803547957569040e-01
2.064000000000000057e+00 -1.450802750146652775e-01
2.080000000000000071e+00 -1.788820540768482348e-01
2.096000000000000085e+00 -2.171486866300410823e-01
2.112000000000000099e+00 -2.590474569904879787e-01
2.128000000000000114e+00 -3.079008746270651686e-01
2.144000000000000128e+00 -3.696817249753508450e-01
2.160000000000000142e+00 -4.477323700262798578e-01
2.176000000000000156e+00 -5.367577744841643961e-01
2.192000000000000171e+00 -6.219678843138239932e-01
2.208000000000000185e+00 -6.845242114702626557e-01
2.224000000000000199e+00 -7.092544041198324267e-01
2.240000000000000213e+00 -6.897304558701581323e-01
2.256000000000000227e+00 -6.285242079154300665e-01
2.272000000000000242e+00 -5.344355677760713741e-01
2.288000000000000256e+00 -4.205471140175950362e-01
2.304000000000000270e+00 -3.046910823681235891e-01
2.319999999999999840e+00 -2.094288910070675191e-01
2.335999999999999854e+00 -1.569716150096944485e-01
2.351999999999999869e+00 -1.582744787051769686e-01
2.367999999999999883e+00 -2.028813167017067820e-01
2.383999999999999897e+00 -2.601997313406125834e-01
2.399999999999999911e+00 -2.957322570582255339e-01
2.415999999999999925e+00 -2.904034834277192667e-01
2.431999999999999940e+00 -2.460779271578641680e-01
2.447999999999999954e+00 -1.762825035592922307e-01
2.463999999999999968e+00 -9.793623982155759411e-02
2.479999999999999982e+00 -3.193536566417314038e-02
2.495999999999999996e+00 -6.898273894084247298e-04
