0.000000000000000000e+00 4.062758398720078645e+01
1.600000000000000033e-02 3.975253429597739796e+01
3.200000000000000067e-02 3.735283710831604509e+01
4.800000000000000100e-02 3.391804581080912584e+01
6.400000000000000133e-02 3.002103644282432526e+01
8.000000000000000167e-02 2.612260597754813674e+01
9.600000000000000200e-02 2.248849573859543582e+01
1.120000000000000023e-01 1.922232736848443579e+01
1.280000000000000027e-01 1.634922516380677493e+01
1.440000000000000169e-01 1.387541797112170094e+01
1.600000000000000033e-01 1.179787656318575095e+01
1.759999999999999898e-01 1.009010410767869104e+01
1.920000000000000040e-01 8.697233501240505760e+00
2.080000000000000182e-01 7.548247746210436482e+00
2.240000000000000047e-01 6.573819460414942029e+00
2.399999999999999911e-01 5.720818144289539831e+00
2.560000000000000053e-01 4.960640275414987421e+00
2.720000000000000195e-01 4.281507006920358904e+00
2.880000000000000338e-01 3.662088619161215419e+00
3.039999999999999925e-01 3.057735239157416185e+00
3.200000000000000067e-01 2.429125612817315982e+00
3.360000000000000209e-01 1.782287247868050706e+00
3.519999999999999796e-01 1.162765810124556820e+00
3.679999999999999938e-01 6.097990277231221112e-01
3.840000000000000080e-01 1.320404255093156620e-01
4.000000000000000222e-01 -2.743808933843182585e-01
4.160000000000000364e-01 -6.117378726567787028e-01
4.319999999999999951e-01 -8.968047577495573686e-01
4.480000000000000093e-01 -1.164614220721851279e+00
4.640000000000000235e-01 -1.431465149830772221e+00
4.799999999999999822e-01 -1.670358442237713792e+00
4.959999999999999964e-01 -1.847278956386728899e+00
5.120000000000000107e-01 -1.969296763383058257e+00
5.280000000000000249e-01 -2.074487883812755395e+00
5.440000000000000391e-01 -2.185690777464753154e+00
5.600000000000000533e-01 -2.296465608466113029e+00
5.760000000000000675e-01 -2.393347236147456147e+00
5.919999999999999707e-01 -2.467041157544308749e+00
6.079999999999999849e-01 -2.504412794791614605e+00
6.239999999999999991e-01 -2.494835064727811247e+00
6.400000000000000133e-01 -2.449959392265173008e+00
6.560000000000000275e-01 -2.397206622462860093e+00
6.720000000000000417e-01 -2.347369428545536874e+00
6.880000000000000560e-01 -2.286466463055532472e+00
7.039999999999999591e-01 -2.205271299569660393e+00
7.199999999999999734e-01 -2.118504877210614978e+00
7.359999999999999876e-01 -2.046468637998325235e+00
7.520000000000000018e-01 -1.993046847632257146e+00
7.680000000000000160e-01 -1.951264102692343405e+00
7.840000000000000302e-01 -1.918324159329757084e+00
8.000000000000000444e-01 -1.894811987803453723e+00
8.160000000000000586e-01 -1.877302271560988833e+00
8.320000000000000728e-01 -1.861003807303347912e+00
8.479999999999999760e-01 -1.844343094647304060e+00
8.639999999999999902e-01 -1.823789966701605536e+00
8.800000000000000044e-01 -1.787493961316808377e+00
8.960000000000000187e-01 -1.719165727320565162e+00
9.120000000000000329e-01 -1.608169511449351941e+00
9.280000000000000471e-01 -1.456358101243747649e+00
9.440000000000000613e-01 -1.278825598957044729e+00
9.599999999999999645e-01 -1.099699969413054479e+00
9.759999999999999787e-01 -9.422093703418288335e-01
9.919999999999999929e-01 -8.145978193900156317e-01
1.008000000000000007e+00 -7.046360140370852010e-01
1.024000000000000021e+00 -5.940250992533243624e-01
1.040000000000000036e+00 -4.782697954430130127e-01
1.056000000000000050e+00 -3.675281251042518127e-01
1.072000000000000064e+00 -2.721919251248692273e-01
1.088000000000000078e+00 -1.951513352128327050e-01
1.104000000000000092e+00 -1.339701635706427307e-01
1.120000000000000107e+00 -8.119582764972087252e-02
1.136000000000000121e+00 -2.024522591850989525e-02
1.152000000000000135e+00 7.407963258877130197e-02
1.167999999999999927e+00 2.204933381041109808e-01
1.183999999999999941e+00 4.069450849696480965e-01
1.199999999999999956e+00 5.847091366330313678e-01
1.215999999999999970e+00 6.990166792840539767e-01
1.231999999999999984e+00 7.316019802297000219e-01
1.247999999999999998e+00 7.128006667926388706e-01
1.264000000000000012e+00 6.946701238414102475e-01
1.280000000000000027e+00 7.154901191783381575e-01
1.296000000000000041e+00 7.830581365652692361e-01
1.312000000000000055e+00 8.753974375816740983e-01
1.328000000000000069e+00 9.518817817046230090e-01
1.344000000000000083e+00 9.803603984811477545e-01
1.360000000000000098e+00 9.663138861041336014e-01
1.376000000000000112e+00 9.437714748220287220e-01
1.392000000000000126e+00 9.289489225294813579e-01
1.407999999999999918e+00 8.994273477042390441e-01
1.423999999999999932e+00 8.311280236417351031e-01
1.439999999999999947e+00 7.391697604895909324e-01
1.455999999999999961e+00 6.637905427988639584e-01
1.471999999999999975e+00 6.251628087148869417e-01
1.487999999999999989e+00 6.118848166387959031e-01
1.504000000000000004e+00 6.083957642374150376e-01
1.520000000000000018e+00 6.078162355412789486e-01
1.536000000000000032e+00 5.955747668013217089e-01
1.552000000000000046e+00 5.488796406184670573e-01
1.568000000000000060e+00 4.640309414920940068e-01
1.584000000000000075e+00 3.647979118287512645e-01
1.600000000000000089e+00 2.762276256963377974e-01
1.616000000000000103e+00 2.067032891993334509e-01
1.632000000000000117e+00 1.592071628185844079e-01
1.648000000000000131e+00 1.415352913998886852e-01
1.664000000000000146e+00 1.567912226898918460e-01
1.679999999999999938e+00 1.970896015385900368e-01
1.695999999999999952e+00 2.564282320490923195e-01
1.711999999999999966e+00 3.379879800064737871e-01
1.727999999999999980e+00 4.356457917454336637e-01
1.743999999999999995e+00 5.202078534973320068e-01
1.760000000000000009e+00 5.635672609146161749e-01
1.776000000000000023e+00 5.704857997069675557e-01
1.792000000000000037e+00 5.686895589547329433e-01
1.808000000000000052e+00 5.720608129949282805e-01
1.824000000000000066e+00 5.691932508539445656e-01
1.840000000000000080e+00 5.441486033011370127e-01
1.856000000000000094e+00 4.927753337997979322e-01
1.872000000000000108e+00 4.181958326306677853e-01
1.888000000000000123e+00 3.232263623613031434e-01
1.904000000000000137e+00 2.115838070295974482e-01
1.919999999999999929e+00 8.853860446485961599e-02
1.935999999999999943e+00 -4.253355322730737603e-02
1.951999999999999957e+00 -1.766409934343323163e-01
1.967999999999999972e+00 -2.983140407690538787e-01
1.983999999999999986e+00 -3.859010717807159208e-01
2.000000000000000000e+00 -4.306033314805199352e-01
2.016000000000000014e+00 -4.460811758168520269e-01
2.032000000000000028e+00 -4.537112018558437931e-01
2.048000000000000043e+00 -4.599509828437821635e-01
2.064000000000000057e+00 -4.519584100086576628e-01
2.080000000000000071e+00 -4.148510505439491625e-01
2.096000000000000085e+00 -3.500534012606163481e-01
2.112000000000000099e+00 -2.784629607234098136e-01
2.128000000000000114e+00 -2.320766306376399746e-01
2.144000000000000128e+00 -2.421859764208347254e-01
2.160000000000000142e+00 -3.237441686027260901e-01
2.176000000000000156e+00 -4.592358489228454133e-01
2.192000000000000171e+00 -5.992756131670131658e-01
2.208000000000000185e+00 -6.916402610858589650e-01
2.224000000000000199e+00 -7.179145000711379954e-01
2.240000000000000213e+00 -6.985269587926755674e-01
2.256000000000000227e+00 -6.606443582427610206e-01
2.272000000000000242e+00 -6.108920557206328761e-01
2.288000000000000256e+00 -5.442297987505146928e-01
2.304000000000000270e+00 -4.652915514098909799e-01
2.319999999999999840e+00 -3.859363347174557535e-01
2.335999999999999854e+00 -3.098050612916797286e-01
2.351999999999999869e+00 -2.374959690425275660e-01
2.367999999999999883e+00 -1.831880827622376362e-01
2.383999999999999897e+00 -1.645977018144766935e-01
2.399999999999999911e+00 -1.739059139665458387e-01
2.415999999999999925e+00 -1.778652690776705014e-01
2.431999999999999940e+00 -1.514741040891650625e-01
2.447999999999999954e+00 -9.794575067823847736e-02
2.463999999999999968e+00 -3.730456775110028989e-02
2.479999999999999982e+00 6.662164523490787110e-03
2.495999999999999996e+00 8.498046892343761802e-03
