0.000000000000000000e+00 4.907362186076788646e+01
1.600000000000000033e-02 4.804903398661056713e+01
3.200000000000000067e-02 4.522538214216544361e+01
4.800000000000000100e-02 4.116160225701740671e+01
6.400000000000000133e-02 3.647370108006463596e+01
8.000000000000000167e-02 3.167404064205656056e+01
9.600000000000000200e-02 2.711999292384345495e+01
1.120000000000000023e-01 2.301133705990480038e+01
1.280000000000000027e-01 1.942273679287736954e+01
1.440000000000000169e-01 1.635477088095277409e+01
1.600000000000000033e-01 1.377093942570270180e+01
1.759999999999999898e-01 1.161418753711028806e+01
1.920000000000000040e-01 9.815922045370427895e+00
2.080000000000000182e-01 8.312004067852548417e+00
2.240000000000000047e-01 7.050639039589016832e+00
2.399999999999999911e-01 5.982659788567231018e+00
2.560000000000000053e-01 5.055284602147032125e+00
2.720000000000000195e-01 4.219589137659064626e+00
2.880000000000000338e-01 3.440953060653254791e+00
3.039999999999999925e-01 2.700455489939261433e+00
3.200000000000000067e-01 1.990467437011571361e+00
3.360000000000000209e-01 1.306810516007973710e+00
3.519999999999999796e-01 6.512264093974370338e-01
3.679999999999999938e-01 3.580505329867811337e-02
3.840000000000000080e-01 -5.206409830714003872e-01
4.000000000000000222e-01 -9.938353923811890089e-01
4.160000000000000364e-01 -1.364453711998365737e+00
4.319999999999999951e-01 -1.628364362411244493e+00
4.480000000000000093e-01 -1.797255398311947028e+00
4.640000000000000235e-01 -1.898849750047628904e+00
4.799999999999999822e-01 -1.972309236370544117e+00
4.959999999999999964e-01 -2.048672953431026400e+00
5.120000000000000107e-01 -2.137551099023854206e+00
5.280000000000000249e-01 -2.233863133416244651e+00
5.440000000000000391e-01 -2.324552228398138798e+00
5.600000000000000533e-01 -2.398278153415760450e+00
5.760000000000000675e-01 -2.452511728863859819e+00
5.919999999999999707e-01 -2.484869965240900314e+00
6.079999999999999849e-01 -2.488930131166360304e+00
6.239999999999999991e-01 -2.479230341550846983e+00
6.400000000000000133e-01 -2.500089694395865259e+00
6.560000000000000275e-01 -2.582112495589347745e+00
6.720000000000000417e-01 -2.706973398186888424e+00
6.880000000000000560e-01 -2.817418589331635026e+00
7.039999999999999591e-01 -2.856590856975159909e+00
7.199999999999999734e-01 -2.803426894742039099e+00
7.359999999999999876e-01 -2.680997308601790863e+00
7.520000000000000018e-01 -2.541623053746794536e+00
7.680000000000000160e-01 -2.439006272514965268e+00
7.840000000000000302e-01 -2.400198064014627430e+00
8.000000000000000444e-01 -2.412102298652036403e+00
8.160000000000000586e-01 -2.433210536334497132e+00
8.320000000000000728e-01 -2.420123070022981437e+00
8.479999999999999760e-01 -2.351167965340299926e+00
8.639999999999999902e-01 -2.229037299821909901e+00
8.800000000000000044e-01 -2.070658802854566716e+00
8.960000000000000187e-01 -1.902917369061833952e+00
9.120000000000000329e-01 -1.752501888541157626e+00
9.280000000000000471e-01 -1.628341981018903928e+00
9.440000000000000613e-01 -1.513794658142498140e+00
9.599999999999999645e-01 -1.381245562028952101e+00
9.759999999999999787e-01 -1.213307414280673457e+00
9.919999999999999929e-01 -1.013202483005037680e+00
1.008000000000000007e+00 -8.039024805955083952e-01
1.024000000000000021e+00 -6.164129181921579326e-01
1.040000000000000036e+00 -4.774406162060255143e-01
1.056000000000000050e+00 -3.931776111942884011e-01
1.072000000000000064e+00 -3.382290015999872557e-01
1.088000000000000078e+00 -2.770316618341200909e-01
1.104000000000000092e+00 -2.009859135580197020e-01
1.120000000000000107e+00 -1.282339226625510142e-01
1.136000000000000121e+00 -6.631035342013569256e-02
1.152000000000000135e+00 1.388979375151880953e-03
1.167999999999999927e+00 9.689568920147904885e-02
1.183999999999999941e+00 2.372495977406959833e-01
1.199999999999999956e+00 4.319973209459675445e-01
1.215999999999999970e+00 6.624728842642026994e-01
1.231999999999999984e+00 8.758572787892117129e-01
1.247999999999999998e+00 1.027412140637497417e+00
1.264000000000000012e+00 1.120209846851336177e+00
1.280000000000000027e+00 1.191008269977874345e+00
1.296000000000000041e+00 1.257940990985045415e+00
1.312000000000000055e+00 1.301347825747401155e+00
1.328000000000000069e+00 1.296971846733750544e+00
1.344000000000000083e+00 1.250106448745627041e+00
1.360000000000000098e+00 1.194213054844632582e+00
1.376000000000000112e+00 1.156130016639669966e+00
1.392000000000000126e+00 1.135268434509550284e+00
1.407999999999999918e+00 1.120054913529207941e+00
1.423999999999999932e+00 1.104373116495316332e+00
1.439999999999999947e+00 1.083180557788247178e+00
1.455999999999999961e+00 1.059531738712471860e+00
1.471999999999999975e+00 1.050574240036988627e+00
1.487999999999999989e+00 1.063784735616825516e+00
1.504000000000000004e+00 1.083716373541142364e+00
1.520000000000000018e+00 1.087980883924921427e+00
1.536000000000000032e+00 1.068124475239304649e+00
1.552000000000000046e+00 1.037609323271567296e+00
1.568000000000000060e+00 1.019567039044840584e+00
1.584000000000000075e+00 1.011417231601595024e+00
1.600000000000000089e+00 9.789790635588764278e-01
1.616000000000000103e+00 9.048475342565889257e-01
1.632000000000000117e+00 8.061268290701493200e-01
1.648000000000000131e+00 6.966452734752722753e-01
1.664000000000000146e+00 5.633602526357933682e-01
1.679999999999999938e+00 3.897323359917172492e-01
1.695999999999999952e+00 1.845681752755253258e-01
1.711999999999999966e+00 -1.599752463276622044e-02
1.727999999999999980e+00 -1.703672002697579901e-01
1.743999999999999995e+00 -2.595251170294151644e-01
1.760000000000000009e+00 -2.901820206722376949e-01
1.776000000000000023e+00 -2.761285555296757455e-01
1.792000000000000037e+00 -2.323300817034163190e-01
1.808000000000000052e+00 -1.881951601601446478e-01
1.824000000000000066e+00 -1.748159168971788746e-01
1.840000000000000080e+00 -1.903541476891718598e-01
1.856000000000000094e+00 -2.035171628992986925e-01
1.872000000000000108e+00 -1.920926849159183269e-01
1.888000000000000123e+00 -1.584709276002835288e-01
1.904000000000000137e+00 -1.062329547361926668e-01
1.919999999999999929e+00 -2.493732302030370052e-02
1.935999999999999943e+00 9.887259552035429500e-02
1.951999999999999957e+00 2.524698699311404004e-01
1.967999999999999972e+00 3.790805707000381441e-01
1.983999999999999986e+00 4.212450601325765098e-01
2.000000000000000000e+00 3.782693551341292371e-01
2.016000000000000014e+00 2.940848033123981131e-01
2.032000000000000028e+00 2.066758675555067370e-01
2.048000000000000043e+00 1.323445178135663203e-01
2.064000000000000057e+00 7.797064979787746153e-02
2.080000000000000071e+00 5.311356348855464371e-02
2.096000000000000085e+00 7.306276266352933202e-02
2.112000000000000099e+00 1.431914844885095461e-01
2.128000000000000114e+00 2.419859771699305329e-01
2.144000000000000128e+00 3.277147923114666628e-01
2.160000000000000142e+00 3.682977144213190335e-01
2.176000000000000156e+00 3.610691353766060652e-01
2.192000000000000171e+00 3.262602350635505633e-01
2.208000000000000185e+00 2.899508158525669899e-01
2.224000000000000199e+00 2.697074924918374528e-01
2.240000000000000213e+00 2.729498856847993871e-01
2.256000000000000227e+00 2.996179606364849923e-01
2.272000000000000242e+00 3.437441284301092081e-01
2.288000000000000256e+00 3.935786530130311878e-01
2.304000000000000270e+00 4.349537410101392831e-01
2.319999999999999840e+00 4.542024538034805103e-01
2.335999999999999854e+00 4.295892234177482449e-01
2.351999999999999869e+00 3.436805332929392942e-01
2.367999999999999883e+00 2.205553159840514532e-01
2.383999999999999897e+00 1.209381714214154968e-01
2.399999999999999911e+00 7.935191585003607828e-02
2.415999999999999925e+00 7.366956681958619635e-02
2.431999999999999940e+00 6.382608720726511142e-02
2.447999999999999954e+00 3.677570865614464279e-02
2.463999999999999968e+00 1.064811644862167020e-02
2.479999999999999982e+00 2.136730146819379450e-03
2.495999999999999996e+00 1.690757098737440296e-03
