0.000000000000000000e+00 4.123796079813047299e+01
1.600000000000000033e-02 4.038122772189975507e+01
3.200000000000000067e-02 3.801728178015751070e+01
4.800000000000000100e-02 3.458439273183233098e+01
6.400000000000000133e-02 3.060157107851176406e+01
8.000000000000000167e-02 2.655193108850332706e+01
9.600000000000000200e-02 2.278422964593305977e+01
1.120000000000000023e-01 1.947276246709409619e+01
1.280000000000000027e-01 1.664255814619623308e+01
1.440000000000000169e-01 1.424446910780086739e+01
1.600000000000000033e-01 1.223140079472670472e+01
1.759999999999999898e-01 1.054092457465028865e+01
1.920000000000000040e-01 9.091769925837761335e+00
2.080000000000000182e-01 7.852499415198260557e+00
2.240000000000000047e-01 6.808746957478415851e+00
2.399999999999999911e-01 5.904728648916520051e+00
2.560000000000000053e-01 5.116340643579904146e+00
2.720000000000000195e-01 4.467422717323113801e+00
2.880000000000000338e-01 3.934816708923497774e+00
3.039999999999999925e-01 3.463423808327739106e+00
3.200000000000000067e-01 3.040005448343143346e+00
3.360000000000000209e-01 2.656256988344098513e+00
3.519999999999999796e-01 2.272522894108755853e+00
3.679999999999999938e-01 1.865756031892228162e+00
3.840000000000000080e-01 1.446592850458471080e+00
4.000000000000000222e-01 1.030768124339672465e+00
4.160000000000000364e-01 6.342703634025061987e-01
4.319999999999999951e-01 2.716219615234286011e-01
4.480000000000000093e-01 -4.912858994853047667e-02
4.640000000000000235e-01 -3.222118287455883467e-01
4.799999999999999822e-01 -5.668781334675765393e-01
4.959999999999999964e-01 -8.213387585848189731e-01
5.120000000000000107e-01 -1.070566311850333685e+00
5.280000000000000249e-01 -1.266204313092232248e+00
5.440000000000000391e-01 -1.416463927109315346e+00
5.600000000000000533e-01 -1.538495565900348527e+00
5.760000000000000675e-01 -1.607492524472802220e+00
5.919999999999999707e-01 -1.636085168997164052e+00
6.079999999999999849e-01 -1.669429704626605560e+00
6.239999999999999991e-01 -1.711167978905989040e+00
6.400000000000000133e-01 -1.755583012384143604e+00
6.560000000000000275e-01 -1.822015953320902826e+00
6.720000000000000417e-01 -1.926790431009687721e+00
6.880000000000000560e-01 -2.060348531691043483e+00
7.039999999999999591e-01 -2.188752129913241085e+00
7.199999999999999734e-01 -2.286561085831988915e+00
7.359999999999999876e-01 -2.338636340787296319e+00
7.520000000000000018e-01 -2.320668174886935109e+00
7.680000000000000160e-01 -2.243742059413442735e+00
7.840000000000000302e-01 -2.152891225225289418e+00
8.000000000000000444e-01 -2.057468228996139459e+00
8.160000000000000586e-01 -1.945056146875857372e+00
8.320000000000000728e-01 -1.821137095849038712e+00
8.479999999999999760e-01 -1.697073024514248685e+00
8.639999999999999902e-01 -1.573029481068738855e+00
8.800000000000000044e-01 -1.423258959729580164e+00
8.960000000000000187e-01 -1.234391367731305422e+00
9.120000000000000329e-01 -1.042159305105705869e+00
9.280000000000000471e-01 -8.615314711071391240e-01
9.440000000000000613e-01 -6.755023683658827327e-01
9.599999999999999645e-01 -5.118923199862711604e-01
9.759999999999999787e-01 -3.978551714796589867e-01
9.919999999999999929e-01 -3.017840498576842556e-01
1.008000000000000007e+00 -2.080386293606452386e-01
1.024000000000000021e+00 -1.334693904003920462e-01
1.040000000000000036e+00 -6.083135429643559550e-02
1.056000000000000050e+00 3.305002427607187099e-02
1.072000000000000064e+00 1.357592603119940067e-01
1.088000000000000078e+00 2.536154889278727786e-01
1.104000000000000092e+00 4.173109913335339982e-01
1.120000000000000107e+00 6.085686739273749035e-01
1.136000000000000121e+00 7.700941669766558917e-01
1.152000000000000135e+00 8.703912384498160293e-01
1.167999999999999927e+00 9.030856075404383176e-01
1.183999999999999941e+00 8.780316699759070920e-01
1.199999999999999956e+00 8.300209205531524637e-01
1.215999999999999970e+00 7.934396704844122183e-01
1.231999999999999984e+00 7.900540618210778465e-01
1.247999999999999998e+00 8.236323531140826715e-01
1.264000000000000012e+00 8.572609851891668242e-01
1.280000000000000027e+00 8.655892966026980107e-01
1.296000000000000041e+00 8.815121396425954492e-01
1.312000000000000055e+00 9.240753996509402102e-01
1.328000000000000069e+00 9.800517975557175854e-01
1.344000000000000083e+00 1.061356016412256853e+00
1.360000000000000098e+00 1.175334032009598628e+00
1.376000000000000112e+00 1.296661844831748622e+00
1.392000000000000126e+00 1.405839561390599846e+00
1.407999999999999918e+00 1.496260428138644016e+00
1.423999999999999932e+00 1.559764475637563486e+00
1.439999999999999947e+00 1.582785715591107811e+00
1.455999999999999961e+00 1.561762189427950309e+00
1.471999999999999975e+00 1.516888939530585345e+00
1.487999999999999989e+00 1.453476663976645877e+00
1.504000000000000004e+00 1.359385694737843764e+00
1.520000000000000018e+00 1.248656854204013067e+00
1.536000000000000032e+00 1.128477446211841873e+00
1.552000000000000046e+00 9.826626396078922410e-01
1.568000000000000060e+00 8.287340181803294348e-01
1.584000000000000075e+00 7.047127981645870953e-01
1.600000000000000089e+00 6.190498782763387275e-01
1.616000000000000103e+00 5.541796631821378494e-01
1.632000000000000117e+00 4.838232826049544966e-01
1.648000000000000131e+00 4.052614541569476425e-01
1.664000000000000146e+00 3.438186728442098605e-01
1.679999999999999938e+00 2.980911237678596226e-01
1.695999999999999952e+00 2.542947684889331761e-01
1.711999999999999966e+00 2.374276649215118218e-01
1.727999999999999980e+00 2.541025348476737000e-01
1.743999999999999995e+00 2.621040644762201999e-01
1.760000000000000009e+00 2.547408179959019248e-01
1.776000000000000023e+00 2.608512733426084917e-01
1.792000000000000037e+00 2.678866329965136073e-01
1.808000000000000052e+00 2.586275751265767475e-01
1.824000000000000066e+00 2.564244626085118162e-01
1.840000000000000080e+00 2.567020427306181962e-01
1.856000000000000094e+00 2.266773881420214021e-01
1.872000000000000108e+00 1.959947211770073916e-01
1.888000000000000123e+00 2.212561053875302663e-01
1.904000000000000137e+00 2.978295097872341590e-01
1.919999999999999929e+00 3.955196961588552940e-01
1.935999999999999943e+00 4.946382518094764036e-01
1.951999999999999957e+00 5.617553989796737479e-01
1.967999999999999972e+00 5.641121609688457550e-01
1.983999999999999986e+00 4.916823826396016783e-01
2.000000000000000000e+00 3.703040430983355891e-01
2.016000000000000014e+00 2.585175990239950150e-01
2.032000000000000028e+00 1.818607157028013510e-01
2.048000000000000043e+00 1.298237851816624322e-01
2.064000000000000057e+00 1.219512723101197071e-01
2.080000000000000071e+00 1.689754234220785800e-01
2.096000000000000085e+00 2.316318887984534780e-01
2.112000000000000099e+00 2.827958685874669142e-01
2.128000000000000114e+00 3.244740367710540196e-01
2.144000000000000128e+00 3.449938775310191219e-01
2.160000000000000142e+00 3.133305301042131896e-01
2.176000000000000156e+00 2.205014348474302610e-01
2.192000000000000171e+00 1.053437039651663326e-01
2.208000000000000185e+00 -2.069667015096870663e-03
2.224000000000000199e+00 -1.021826397350704130e-01
2.240000000000000213e+00 -1.632331975372738608e-01
2.256000000000000227e+00 -1.536217900039843209e-01
2.272000000000000242e+00 -9.703965801206507202e-02
2.288000000000000256e+00 -1.459502290148132105e-02
2.304000000000000270e+00 8.796779503904783581e-02
2.319999999999999840e+00 1.880707323092583871e-01
2.335999999999999854e+00 2.783445650042167263e-01
2.351999999999999869e+00 3.679666987406422507e-01
2.367999999999999883e+00 4.547369108586782893e-01
2.383999999999999897e+00 5.338908183288130216e-01
2.399999999999999911e+00 5.872100992991433621e-01
2.415999999999999925e+00 5.849240461845996997e-01
2.431999999999999940e+00 5.279862993023597406e-01
2.447999999999999954e+00 4.305454503363974061e-01
2.463999999999999968e+00 2.883715630968478050e-01
2.479999999999999982e+00 1.291133156305695473e-01
2.495999999999999996e+00 1.714936133167524468e-02
