0.000000000000000000e+00 1.137764470662880001e+00 -9.663666985490197703e-03 1.053267565921244420e-03
8.000000000000000167e-03 1.091795769630472535e+00 -8.509268221299893728e-03 7.627258671447249621e-04
1.600000000000000033e-02 9.703415404569445402e-01 -6.437871249557245053e-03 4.212570943509627748e-04
2.400000000000000050e-02 7.943339827615315540e-01 -3.940565747586267237e-03 4.592118397234648129e-05
3.200000000000000067e-02 5.903262830185819210e-01 -1.610930068304277166e-03 -3.440312668848860035e-04
4.000000000000000083e-02 3.848303037573449492e-01 9.443919112138061153e-05 -7.294767329587189533e-04
4.800000000000000100e-02 2.000363034248083260e-01 9.867548666397313924e-04 -1.091726468879882297e-03
5.600000000000000117e-02 5.031319841375812146e-02 1.057798266585032029e-03 -1.399003853601554683e-03
6.400000000000000133e-02 -5.952707509721625462e-02 5.873679201479648643e-04 -1.598260827739120520e-03
7.200000000000000844e-02 -1.331499582365524570e-01 4.107386795730248708e-04 -1.637240420750289954e-03
8.000000000000000167e-02 -1.786164839104902036e-01 1.266130795111711140e-03 -1.503003383792487959e-03
8.799999999999999489e-02 -2.037378260156885446e-01 2.929677977913107152e-03 -1.234665005073315490e-03
9.600000000000000200e-02 -2.136961860932676815e-01 4.665000241969766148e-03 -8.940151911260277220e-04
1.040000000000000091e-01 -2.102965488670209271e-01 6.131189704048273237e-03 -5.251204135496021289e-04
1.120000000000000023e-01 -1.922062806892756159e-01 7.424163057882411654e-03 -1.428854423288533800e-04
1.199999999999999956e-01 -1.576312227559687473e-01 8.587299200681023509e-03 2.458950524737794885e-04
1.280000000000000027e-01 -1.079354913086024159e-01 9.361046865779314163e-03 6.197065674031784028e-04
1.360000000000000098e-01 -4.843403810146232336e-02 9.420888190898327186e-03 9.416362598136637828e-04
1.440000000000000169e-01 1.339725639812209407e-02 8.689559920933540710e-03 1.172242782673745031e-03
1.519999999999999962e-01 6.946640411287904882e-02 7.324210904458858772e-03 1.276084289968801820e-03
1.600000000000000033e-01 1.122698795388043791e-01 5.682815281443505569e-03 1.224339386635383284e-03
1.680000000000000104e-01 1.367049370614336901e-01 4.275188168116587570e-03 1.010060989242917741e-03
1.759999999999999898e-01 1.413249755869460111e-01 3.428303710099456832e-03 6.698671271866821816e-04
1.839999999999999969e-01 1.279325939215020247e-01 3.104496919973299789e-03 2.824361856884218913e-04
1.920000000000000040e-01 1.001106168453132911e-01 3.119223512528416370e-03 -6.575020910558248481e-05
2.000000000000000111e-01 6.186176679150515167e-02 3.274126930498123898e-03 -3.168335461388299408e-04
2.080000000000000182e-01 1.750970969137711358e-02 3.227391147278493248e-03 -4.480025133247944797e-04
2.159999999999999976e-01 -2.750160369722535678e-02 2.669309602138061552e-03 -4.562453741071471501e-04
2.240000000000000047e-01 -6.715576816101864743e-02 1.960166771950160210e-03 -3.539638329348559066e-04
2.320000000000000118e-01 -9.714668039699221602e-02 2.063065245282159378e-03 -1.815961350309384036e-04
2.399999999999999911e-01 -1.161739068218646392e-01 3.275355952760033822e-03 -7.318995956331162651e-06
2.479999999999999982e-01 -1.246038367366517491e-01 4.513133371168059731e-03 1.052556040865807466e-04
2.560000000000000053e-01 -1.225846902002214467e-01 4.465379821222904139e-03 1.349752469134007102e-04
2.640000000000000124e-01 -1.103664310446760832e-01 3.087445610811534024e-03 1.057434209758472879e-04
2.720000000000000195e-01 -8.982945215060297861e-02 1.438911901475659711e-03 5.366628580079374098e-05
2.800000000000000266e-01 -6.435716663750475075e-02 5.057177228669552417e-04 7.266975112764198184e-07
2.880000000000000338e-01 -3.741286033422631940e-02 5.836255238774944957e-04 -3.793757568344266782e-05
2.959999999999999853e-01 -1.180697629282754200e-02 1.274794028511996901e-03 -3.888360684175627550e-05
3.039999999999999925e-01 1.040481826794644425e-02 1.907965596056714151e-03 1.186184352408998073e-05
3.119999999999999996e-01 2.775587660347196214e-02 2.192192836649432385e-03 7.775723258288435625e-05
3.200000000000000067e-01 3.889786406333985147e-02 2.230875616317990352e-03 6.446215388233912939e-05
3.280000000000000138e-01 4.290424285985906111e-02 2.115716589611346850e-03 -1.256544598198166358e-04
3.360000000000000209e-01 4.023694320014806203e-02 1.896284120704310296e-03 -5.219532525616059826e-04
3.440000000000000280e-01 3.216663299978231999e-02 1.435442873354197653e-03 -1.062509303989581447e-03
3.519999999999999796e-01 1.913440815146114429e-02 2.326561919050669004e-04 -1.631062647499057156e-03
3.599999999999999867e-01 1.628701477552082708e-03 -1.881116339442390380e-03 -2.108988564689089334e-03
3.679999999999999938e-01 -1.724790759486491062e-02 -4.123879245159912769e-03 -2.401683043788306257e-03
3.760000000000000009e-01 -3.296640865696169598e-02 -5.425086231278188412e-03 -2.444919898526193812e-03
3.840000000000000080e-01 -4.382191059097189506e-02 -5.250648126343854770e-03 -2.220913906370882568e-03
3.920000000000000151e-01 -5.099357494606140961e-02 -3.583089417176772533e-03 -1.786069024584279212e-03
4.000000000000000222e-01 -5.436391420773537680e-02 -8.037582200804394526e-04 -1.272140472521149108e-03
4.080000000000000293e-01 -5.222108757931798878e-02 2.170638371871026935e-03 -8.311536442728012898e-04
4.160000000000000364e-01 -4.536823850542133496e-02 4.039595785469805508e-03 -5.522566360168806475e-04
4.239999999999999880e-01 -3.703965517920185246e-02 3.682355690986544028e-03 -4.174341524037632764e-04
4.319999999999999951e-01 -2.827114638835548366e-02 9.888160548727701737e-04 -3.326300952816119648e-04
4.400000000000000022e-01 -1.801043376950162492e-02 -2.540396313339252435e-03 -2.033625478135929997e-04
4.480000000000000093e-01 -7.688539831438618785e-03 -4.640366235552803760e-03 8.189738355309902277e-06
4.560000000000000164e-01 -5.633277340433297774e-04 -4.183377964907301905e-03 2.774566330947317847e-04
4.640000000000000235e-01 2.801237195176972932e-03 -1.777468652692870384e-03 5.461795524945428897e-04
4.720000000000000306e-01 3.626769194344955233e-03 1.228642781639464584e-03 7.534982938269191906e-04
4.799999999999999822e-01 1.273262742574034646e-03 3.628280288044151685e-03 8.589374124645446622e-04
4.879999999999999893e-01 -4.896525064389743200e-03 4.753724283134778614e-03 8.637483054013275026e-04
4.959999999999999964e-01 -1.212996649421647574e-02 4.631521432258490709e-03 8.257463501263285696e-04
5.040000000000000036e-01 -1.703658573714969884e-02 3.735120364052578641e-03 8.462548059024904180e-04
5.120000000000000107e-01 -2.019857938552482857e-02 2.595865399000925333e-03 1.020497260228482627e-03
5.200000000000000178e-01 -2.488855471038366879e-02 1.565859775333259358e-03 1.380710480974417249e-03
5.280000000000000249e-01 -3.235626931905617037e-02 6.811872411839917053e-04 1.879383411525897222e-03
5.360000000000000320e-01 -4.040884798964868019e-02 -2.925625278228828488e-04 2.427170350341981749e-03
5.440000000000000391e-01 -4.584599516734435415e-02 -1.502407227415748434e-03 2.947233010381014682e-03
5.520000000000000462e-01 -4.718279195526357134e-02 -2.770495553693007231e-03 3.396857621960958085e-03
5.600000000000000533e-01 -4.510703369132148394e-02 -3.876677066521964834e-03 3.749873270294170214e-03
5.680000000000000604e-01 -4.066050985203330248e-02 -4.749039590620807508e-03 3.974765382705003000e-03
5.760000000000000675e-01 -3.381177675477846367e-02 -5.239935573207371577e-03 4.036216143827682859e-03
5.839999999999999636e-01 -2.443596452179557649e-02 -5.079825380216393578e-03 3.911332770395485256e-03
5.919999999999999707e-01 -1.400347421747386543e-02 -3.962385059262314366e-03 3.597181986910358200e-03
5.999999999999999778e-01 -5.300054468228457966e-03 -1.563413184703654540e-03 3.105729915693510382e-03
6.079999999999999849e-01 -2.794873398635327457e-04 2.141930935022357506e-03 2.461004631318810306e-03
6.159999999999999920e-01 1.112771172940361496e-03 6.672938129163769744e-03 1.706224316905094072e-03
6.239999999999999991e-01 -4.525330821320100948e-04 1.141954363202192166e-02 9.136733809000825712e-04
6.320000000000000062e-01 -4.890957846835434705e-03 1.596411924746566138e-02 1.908864561855921243e-04
6.400000000000000133e-01 -1.152492399361354329e-02 1.999674375759085548e-02 -3.176902087511168453e-04
6.480000000000000204e-01 -1.862720005403096027e-02 2.314730330577748768e-02 -4.442834165728950634e-04
6.560000000000000275e-01 -2.545081510033593911e-02 2.506472282669043247e-02 -4.751291313053332622e-05
6.640000000000000346e-01 -3.282148398379789583e-02 2.576835131965116155e-02 9.044252553439009051e-04
6.720000000000000417e-01 -4.093950985600308679e-02 2.561552738301006368e-02 2.269977709295604735e-03
6.800000000000000488e-01 -4.839919999504644493e-02 2.495421276015869286e-02 3.761014403136667735e-03
6.880000000000000560e-01 -5.337807907458504142e-02 2.423252003171807653e-02 5.074783527801091272e-03
6.960000000000000631e-01 -5.447590039041314697e-02 2.393576777639516706e-02 6.050836126071918938e-03
7.039999999999999591e-01 -5.143252471158680367e-02 2.406354027516321298e-02 6.731492772212803628e-03
7.119999999999999662e-01 -4.597680275690433499e-02 2.415548632725814104e-02 7.269537695054942815e-03
7.199999999999999734e-01 -4.083811325689046257e-02 2.363347490189463343e-02 7.749548332767296557e-03
7.279999999999999805e-01 -3.789000378069166258e-02 2.198424542661947881e-02 8.062008123309365171e-03
7.359999999999999876e-01 -3.770622790962310095e-02 1.917242947193951649e-02 7.931221957752809804e-03
7.439999999999999947e-01 -3.956920745665037931e-02 1.572842794980573028e-02 7.087075214491237243e-03
7.520000000000000018e-01 -4.139178983096804265e-02 1.217715377799401429e-02 5.473109116286761777e-03
7.600000000000000089e-01 -4.062178488936986354e-02 8.844155333265039942e-03 3.356850843774418156e-03
7.680000000000000160e-01 -3.561216447979449057e-02 6.056196898487175954e-03 1.260549132840259757e-03
7.760000000000000231e-01 -2.664758060220969588e-02 3.932583352781528728e-03 -2.652517671740952320e-04
7.840000000000000302e-01 -1.604845659248223602e-02 2.278075983463386748e-03 -9.011117608346406365e-04
7.920000000000000373e-01 -6.601025377963250923e-03 9.499687705477600748e-04 -6.959061708963694718e-04
