0.000000000000000000e+00 4.089843798385587803e+01
1.600000000000000033e-02 4.000550722156048522e+01
3.200000000000000067e-02 3.754708657116652404e+01
4.800000000000000100e-02 3.403853040248928608e+01
6.400000000000000133e-02 3.005506148639054231e+01
8.000000000000000167e-02 2.604257910638478890e+01
9.600000000000000200e-02 2.227212786125233990e+01
1.120000000000000023e-01 1.888176805201406694e+01
1.280000000000000027e-01 1.592067833720044590e+01
1.440000000000000169e-01 1.337907911853113241e+01
1.600000000000000033e-01 1.122430922581318669e+01
1.759999999999999898e-01 9.426662815337957468e+00
1.920000000000000040e-01 7.950666507812310435e+00
2.080000000000000182e-01 6.740401631948624406e+00
2.240000000000000047e-01 5.735355734088812163e+00
2.399999999999999911e-01 4.895514045638991618e+00
2.560000000000000053e-01 4.196342827115105756e+00
2.720000000000000195e-01 3.603863864827552721e+00
2.880000000000000338e-01 3.070200876085193542e+00
3.039999999999999925e-01 2.554017997000637585e+00
3.200000000000000067e-01 2.032287581667938881e+00
3.360000000000000209e-01 1.493274577708135764e+00
3.519999999999999796e-01 9.370294735549999920e-01
3.679999999999999938e-01 3.904399384318893440e-01
3.840000000000000080e-01 -9.358102029277698408e-02
4.000000000000000222e-01 -4.718197089053620674e-01
4.160000000000000364e-01 -7.529929212699724150e-01
4.319999999999999951e-01 -9.967292341044461379e-01
4.480000000000000093e-01 -1.261628832139028544e+00
4.640000000000000235e-01 -1.558239731342258461e+00
4.799999999999999822e-01 -1.856080408519703351e+00
4.959999999999999964e-01 -2.120228181140936918e+00
5.120000000000000107e-01 -2.327264263777485187e+00
5.280000000000000249e-01 -2.463256175914041890e+00
5.440000000000000391e-01 -2.534089856121595208e+00
5.600000000000000533e-01 -2.576923622701342342e+00
5.760000000000000675e-01 -2.637303666507709643e+00
5.919999999999999707e-01 -2.724242026537311734e+00
6.079999999999999849e-01 -2.800175636551365255e+00
6.239999999999999991e-01 -2.821602403418781435e+00
6.400000000000000133e-01 -2.777751500162220832e+00
6.560000000000000275e-01 -2.688700047210211608e+00
6.720000000000000417e-01 -2.585955371035294714e+00
6.880000000000000560e-01 -2.502066808581405066e+00
7.039999999999999591e-01 -2.461526325200263265e+00
7.199999999999999734e-01 -2.466406525365230973e+00
7.359999999999999876e-01 -2.492219889224806195e+00
7.520000000000000018e-01 -2.508022973356205831e+00
7.680000000000000160e-01 -2.506408575475710165e+00
7.840000000000000302e-01 -2.507549977265240315e+00
8.000000000000000444e-01 -2.528942921328212634e+00
8.160000000000000586e-01 -2.561317834346109379e+00
8.320000000000000728e-01 -2.582841791016352584e+00
8.479999999999999760e-01 -2.586626209049456282e+00
8.639999999999999902e-01 -2.580276609872977467e+00
8.800000000000000044e-01 -2.565025728478036449e+00
8.960000000000000187e-01 -2.535506938034474356e+00
9.120000000000000329e-01 -2.499280235341377665e+00
9.280000000000000471e-01 -2.469998254172039776e+00
9.440000000000000613e-01 -2.431622123113092115e+00
9.599999999999999645e-01 -2.333101811510202239e+00
9.759999999999999787e-01 -2.135930519119885407e+00
9.919999999999999929e-01 -1.856700594301885943e+00
1.008000000000000007e+00 -1.552095119141604807e+00
1.024000000000000021e+00 -1.270407019529695258e+00
1.040000000000000036e+00 -1.027899107659240752e+00
1.056000000000000050e+00 -8.231611061634263038e-01
1.072000000000000064e+00 -6.539937564252368274e-01
1.088000000000000078e+00 -5.162571996316325240e-01
1.104000000000000092e+00 -4.025707246856288779e-01
1.120000000000000107e+00 -3.113673117818915870e-01
1.136000000000000121e+00 -2.469276307542520588e-01
1.152000000000000135e+00 -2.012387289593696171e-01
1.167999999999999927e+00 -1.437873851581932816e-01
1.183999999999999941e+00 -4.382571600629419500e-02
1.199999999999999956e+00 9.689284165670628002e-02
1.215999999999999970e+00 2.482071344315790740e-01
1.231999999999999984e+00 3.899302386180498736e-01
1.247999999999999998e+00 5.244179943270314004e-01
1.264000000000000012e+00 6.440723240578410946e-01
1.280000000000000027e+00 7.142123093458987437e-01
1.296000000000000041e+00 7.085334540761576427e-01
1.312000000000000055e+00 6.455553384834807895e-01
1.328000000000000069e+00 5.700197693102980745e-01
1.344000000000000083e+00 5.069398712945147878e-01
1.360000000000000098e+00 4.533074884095102952e-01
1.376000000000000112e+00 4.087755217788180961e-01
1.392000000000000126e+00 3.884746006380417338e-01
1.407999999999999918e+00 3.997299815198516737e-01
1.423999999999999932e+00 4.244070355364020775e-01
1.439999999999999947e+00 4.335201722187496665e-01
1.455999999999999961e+00 4.126910662232052274e-01
1.471999999999999975e+00 3.702089021897732590e-01
1.487999999999999989e+00 3.285297298001705335e-01
1.504000000000000004e+00 3.188525326905151669e-01
1.520000000000000018e+00 3.777730206624538289e-01
1.536000000000000032e+00 5.223171820132940235e-01
1.552000000000000046e+00 7.151470289668505620e-01
1.568000000000000060e+00 8.761048059305256430e-01
1.584000000000000075e+00 9.512994583455097741e-01
1.600000000000000089e+00 9.639722303806717019e-01
1.616000000000000103e+00 9.806189862156992065e-01
1.632000000000000117e+00 1.032623810989067970e+00
1.648000000000000131e+00 1.088537431601182215e+00
1.664000000000000146e+00 1.096965560808872642e+00
1.679999999999999938e+00 1.030260171843587313e+00
1.695999999999999952e+00 8.852598871411407888e-01
1.711999999999999966e+00 6.747424361957934380e-01
1.727999999999999980e+00 4.364386195130930957e-01
1.743999999999999995e+00 2.289204792508806319e-01
1.760000000000000009e+00 9.424760441398745414e-02
1.776000000000000023e+00 2.693067761510015493e-02
1.792000000000000037e+00 -8.516609915928926092e-03
1.808000000000000052e+00 -3.247599873335142023e-02
1.824000000000000066e+00 -3.585568110773472428e-02
1.840000000000000080e+00 -1.006011947976270804e-02
1.856000000000000094e+00 2.800417053946728171e-02
1.872000000000000108e+00 5.217216445577475825e-02
1.888000000000000123e+00 5.569957765620874718e-02
1.904000000000000137e+00 4.855759294983860719e-02
1.919999999999999929e+00 3.342581008276132581e-02
1.935999999999999943e+00 6.581521925975245164e-03
1.951999999999999957e+00 -1.495517016183513584e-02
1.967999999999999972e+00 5.219650241068319110e-03
1.983999999999999986e+00 7.932244500437098111e-02
2.000000000000000000e+00 1.728714095363683700e-01
2.016000000000000014e+00 2.371707459929414119e-01
2.032000000000000028e+00 2.470574916812707800e-01
2.048000000000000043e+00 2.018140696658624333e-01
2.064000000000000057e+00 1.128834029166607966e-01
2.080000000000000071e+00 7.085382721781064916e-03
2.096000000000000085e+00 -7.237541041461699465e-02
2.112000000000000099e+00 -9.325019989505897722e-02
2.128000000000000114e+00 -6.854185173199026093e-02
2.144000000000000128e+00 -4.969675257138875257e-02
2.160000000000000142e+00 -7.692719443621140463e-02
2.176000000000000156e+00 -1.416270821533187341e-01
2.192000000000000171e+00 -2.012635982534775880e-01
2.208000000000000185e+00 -2.234407683953917034e-01
2.224000000000000199e+00 -2.066636075517595539e-01
2.240000000000000213e+00 -1.634097362959780475e-01
2.256000000000000227e+00 -1.001887236063646464e-01
2.272000000000000242e+00 -1.897243164616852634e-02
2.288000000000000256e+00 7.781741772991090933e-02
2.304000000000000270e+00 1.908733129654224259e-01
2.319999999999999840e+00 3.165644035072358031e-01
2.335999999999999854e+00 4.285561706786279457e-01
2.351999999999999869e+00 4.843302598326770791e-01
2.367999999999999883e+00 4.632232342621698806e-01
2.383999999999999897e+00 3.888052321585883098e-01
2.399999999999999911e+00 3.037551166738330921e-01
2.415999999999999925e+00 2.319992823363113965e-01
2.431999999999999940e+00 1.769161583429091356e-01
2.447999999999999954e+00 1.419008850178194725e-01
2.463999999999999968e+00 1.260132707897999860e-01
2.479999999999999982e+00 1.022808476714320014e-01
2.495999999999999996e+00 2.874957842080130485e-02
