0.000000000000000000e+00 4.098355555088219404e+01
1.600000000000000033e-02 4.011932741890807819e+01
3.200000000000000067e-02 3.776455201887413438e+01
4.800000000000000100e-02 3.440221912860000231e+01
6.400000000000000133e-02 3.058054158716939952e+01
8.000000000000000167e-02 2.672888579275563714e+01
9.600000000000000200e-02 2.309824027820814862e+01
1.120000000000000023e-01 1.980161235772432704e+01
1.280000000000000027e-01 1.687811934362685307e+01
1.440000000000000169e-01 1.433041977529106425e+01
1.600000000000000033e-01 1.213711507720280203e+01
1.759999999999999898e-01 1.026329756915458269e+01
1.920000000000000040e-01 8.674174981436763687e+00
2.080000000000000182e-01 7.339016388789020517e+00
2.240000000000000047e-01 6.223336771697274727e+00
2.399999999999999911e-01 5.283560381837932418e+00
2.560000000000000053e-01 4.473418643455707944e+00
2.720000000000000195e-01 3.755582191350768539e+00
2.880000000000000338e-01 3.106931501156643627e+00
3.039999999999999925e-01 2.514216730185906190e+00
3.200000000000000067e-01 1.968619479359368762e+00
3.360000000000000209e-01 1.468449916493485663e+00
3.519999999999999796e-01 1.023539829467504214e+00
3.679999999999999938e-01 6.448374694013023767e-01
3.840000000000000080e-01 3.214639528042493866e-01
4.000000000000000222e-01 1.312215162738723968e-02
4.160000000000000364e-01 -3.239089964705986202e-01
4.319999999999999951e-01 -6.981741047721303772e-01
4.480000000000000093e-01 -1.071848060572714090e+00
4.640000000000000235e-01 -1.390887560174110194e+00
4.799999999999999822e-01 -1.627964504224810760e+00
4.959999999999999964e-01 -1.796457675416787581e+00
5.120000000000000107e-01 -1.924922040466731099e+00
5.280000000000000249e-01 -2.023894665255006942e+00
5.440000000000000391e-01 -2.081956564211413507e+00
5.600000000000000533e-01 -2.090327108270138901e+00
5.760000000000000675e-01 -2.062758563532039346e+00
5.919999999999999707e-01 -2.028056198136442667e+00
6.079999999999999849e-01 -2.007105883769502608e+00
6.239999999999999991e-01 -2.001605243732641259e+00
6.400000000000000133e-01 -2.004283165394145971e+00
6.560000000000000275e-01 -2.013685203366709420e+00
6.720000000000000417e-01 -2.032673332538248889e+00
6.880000000000000560e-01 -2.054922727336270682e+00
7.039999999999999591e-01 -2.064130655016533034e+00
7.199999999999999734e-01 -2.053146595087002702e+00
7.359999999999999876e-01 -2.037277022120716374e+00
7.520000000000000018e-01 -2.038746323171894748e+00
7.680000000000000160e-01 -2.057446805921030464e+00
7.840000000000000302e-01 -2.064030090091171221e+00
8.000000000000000444e-01 -2.027134108636146070e+00
8.160000000000000586e-01 -1.946756719207918707e+00
8.320000000000000728e-01 -1.856414233935147040e+00
8.479999999999999760e-01 -1.790219271556748870e+00
8.639999999999999902e-01 -1.751062828807568694e+00
8.800000000000000044e-01 -1.713722782532251854e+00
8.960000000000000187e-01 -1.653904127892552145e+00
9.120000000000000329e-01 -1.566905435060272689e+00
9.280000000000000471e-01 -1.460239417748758095e+00
9.440000000000000613e-01 -1.338984357893709953e+00
9.599999999999999645e-01 -1.205295861728294060e+00
9.759999999999999787e-01 -1.068014074671155056e+00
9.919999999999999929e-01 -9.424196988249257112e-01
1.008000000000000007e+00 -8.344254649439429850e-01
1.024000000000000021e+00 -7.287654596143972041e-01
1.040000000000000036e+00 -6.013162401382080580e-01
1.056000000000000050e+00 -4.452695851422445172e-01
1.072000000000000064e+00 -2.784444909841458649e-01
1.088000000000000078e+00 -1.199470582367374444e-01
1.104000000000000092e+00 3.442889836594005548e-02
1.120000000000000107e+00 2.037934419582411727e-01
1.136000000000000121e+00 3.891300365228361757e-01
1.152000000000000135e+00 5.592921897290378253e-01
1.167999999999999927e+00 6.782175435160023858e-01
1.183999999999999941e+00 7.423150427506074456e-01
1.199999999999999956e+00 7.815305927268659802e-01
1.215999999999999970e+00 8.222760710945549167e-01
1.231999999999999984e+00 8.588096530494915282e-01
1.247999999999999998e+00 8.689743987761303634e-01
1.264000000000000012e+00 8.531414648586431726e-01
1.280000000000000027e+00 8.448580122452854502e-01
1.296000000000000041e+00 8.776066984570772833e-01
1.312000000000000055e+00 9.480431936605111520e-01
1.328000000000000069e+00 1.020101048253391651e+00
1.344000000000000083e+00 1.063020195963698011e+00
1.360000000000000098e+00 1.076843918690550961e+00
1.376000000000000112e+00 1.079094183541513763e+00
1.392000000000000126e+00 1.076029872682282784e+00
1.407999999999999918e+00 1.057130764524738309e+00
1.423999999999999932e+00 1.016460377386194436e+00
1.439999999999999947e+00 9.678699151671189549e-01
1.455999999999999961e+00 9.305325745785366642e-01
1.471999999999999975e+00 9.030799662284276774e-01
1.487999999999999989e+00 8.622775692566542194e-01
1.504000000000000004e+00 7.909888216812626105e-01
1.520000000000000018e+00 7.006178143648036372e-01
1.536000000000000032e+00 6.190028408284330430e-01
1.552000000000000046e+00 5.597490828312343680e-01
1.568000000000000060e+00 5.128666118602743795e-01
1.584000000000000075e+00 4.670994338925376632e-01
1.600000000000000089e+00 4.318880283235564943e-01
1.616000000000000103e+00 4.278101289197909773e-01
1.632000000000000117e+00 4.562523364702147921e-01
1.648000000000000131e+00 4.877256455550592618e-01
1.664000000000000146e+00 4.869160019510564985e-01
1.679999999999999938e+00 4.466210706947541520e-01
1.695999999999999952e+00 3.898229548250534138e-01
1.711999999999999966e+00 3.374056420412837043e-01
1.727999999999999980e+00 2.812414474390005914e-01
1.743999999999999995e+00 1.956802898368490418e-01
1.760000000000000009e+00 7.375508290673458978e-02
1.776000000000000023e+00 -5.562546625100839304e-02
1.792000000000000037e+00 -1.514826562367713458e-01
1.808000000000000052e+00 -1.992390389313049015e-01
1.824000000000000066e+00 -2.198282367709827601e-01
1.840000000000000080e+00 -2.411904843827916145e-01
1.856000000000000094e+00 -2.689545513077443717e-01
1.872000000000000108e+00 -2.900047990395225872e-01
1.888000000000000123e+00 -2.984993826411285744e-01
1.904000000000000137e+00 -3.080335851069783137e-01
1.919999999999999929e+00 -3.349791845210376984e-01
1.935999999999999943e+00 -3.752700966097690660e-01
1.951999999999999957e+00 -4.055425524639458823e-01
1.967999999999999972e+00 -4.102539869170910847e-01
1.983999999999999986e+00 -4.027502505747705408e-01
2.000000000000000000e+00 -4.126285625127907308e-01
2.016000000000000014e+00 -4.521009157580552773e-01
2.032000000000000028e+00 -4.996968342234901495e-01
2.048000000000000043e+00 -5.183265992881671558e-01
2.064000000000000057e+00 -4.860568275322532661e-01
2.080000000000000071e+00 -4.085891342097643375e-01
2.096000000000000085e+00 -3.071114772329219256e-01
2.112000000000000099e+00 -2.010165028800513509e-01
2.128000000000000114e+00 -1.041004035209544543e-01
2.144000000000000128e+00 -3.032731031058811047e-02
2.160000000000000142e+00 8.151505624694738508e-03
2.176000000000000156e+00 1.345729078797895141e-02
2.192000000000000171e+00 6.362011694491742642e-03
2.208000000000000185e+00 9.976752853330855819e-03
2.224000000000000199e+00 2.812275839143080561e-02
2.240000000000000213e+00 4.396832253340361707e-02
2.256000000000000227e+00 4.098437922579810377e-02
2.272000000000000242e+00 2.135543176751170460e-02
2.288000000000000256e+00 1.608765132141396523e-04
2.304000000000000270e+00 -1.741283287120482318e-02
2.319999999999999840e+00 -4.709095031345138932e-02
2.335999999999999854e+00 -1.077249662050258211e-01
2.351999999999999869e+00 -1.923033173601944035e-01
2.367999999999999883e+00 -2.626268410078691495e-01
2.383999999999999897e+00 -2.782284584511490744e-01
2.399999999999999911e+00 -2.311794173281729037e-01
2.415999999999999925e+00 -1.514286323075432483e-01
2.431999999999999940e+00 -7.944041543499388847e-02
2.447999999999999954e+00 -3.589927783978975190e-02
2.463999999999999968e+00 -1.641446485009170203e-02
2.479999999999999982e+00 -8.011134886044169942e-03
2.495999999999999996e+00 -1.979680031739258946e-03
