0.000000000000000000e+00 3.933996721110035821e+01
1.600000000000000033e-02 3.857715981568061636e+01
3.200000000000000067e-02 3.643595251459713324e+01
4.800000000000000100e-02 3.330811816260552405e+01
6.400000000000000133e-02 2.966845870614512748e+01
8.000000000000000167e-02 2.593789541801526966e+01
9.600000000000000200e-02 2.241854571714740629e+01
1.120000000000000023e-01 1.927825795857237523e+01
1.280000000000000027e-01 1.655919284239933020e+01
1.440000000000000169e-01 1.421716344500128493e+01
1.600000000000000033e-01 1.218543722077917124e+01
1.759999999999999898e-01 1.041886378307277816e+01
1.920000000000000040e-01 8.889790625294093473e+00
2.080000000000000182e-01 7.566647840409260084e+00
2.240000000000000047e-01 6.418897727502958617e+00
2.399999999999999911e-01 5.438009356391414251e+00
2.560000000000000053e-01 4.630939717210273088e+00
2.720000000000000195e-01 3.983848631236950322e+00
2.880000000000000338e-01 3.442868315633731413e+00
3.039999999999999925e-01 2.938642801114163206e+00
3.200000000000000067e-01 2.424847274157783339e+00
3.360000000000000209e-01 1.890530190983599423e+00
3.519999999999999796e-01 1.345995427876184758e+00
3.679999999999999938e-01 8.073451109952890503e-01
3.840000000000000080e-01 2.903705684500291206e-01
4.000000000000000222e-01 -1.928375826411190541e-01
4.160000000000000364e-01 -6.367763840541740272e-01
4.319999999999999951e-01 -1.039968776043567855e+00
4.480000000000000093e-01 -1.398172708837746692e+00
4.640000000000000235e-01 -1.701384324867769138e+00
4.799999999999999822e-01 -1.938111105959397618e+00
4.959999999999999964e-01 -2.102295047323043953e+00
5.120000000000000107e-01 -2.196817479383932348e+00
5.280000000000000249e-01 -2.232285379354461696e+00
5.440000000000000391e-01 -2.225184903777382761e+00
5.600000000000000533e-01 -2.198998973328234907e+00
5.760000000000000675e-01 -2.183614759660259086e+00
5.919999999999999707e-01 -2.203953636708819719e+00
6.079999999999999849e-01 -2.261138913388009986e+00
6.239999999999999991e-01 -2.326174242921251523e+00
6.400000000000000133e-01 -2.359390844129231724e+00
6.560000000000000275e-01 -2.340544634231685794e+00
6.720000000000000417e-01 -2.280616448876204405e+00
6.880000000000000560e-01 -2.206547576881236594e+00
7.039999999999999591e-01 -2.138621258015345639e+00
7.199999999999999734e-01 -2.083319143283748787e+00
7.359999999999999876e-01 -2.043199331181734468e+00
7.520000000000000018e-01 -2.026909737628949326e+00
7.680000000000000160e-01 -2.045603991115732434e+00
7.840000000000000302e-01 -2.100147971370827094e+00
8.000000000000000444e-01 -2.174472194669738290e+00
8.160000000000000586e-01 -2.241790106238015667e+00
8.320000000000000728e-01 -2.275799520713610136e+00
8.479999999999999760e-01 -2.258990721175675453e+00
8.639999999999999902e-01 -2.189450234183287769e+00
8.800000000000000044e-01 -2.085264562953657030e+00
8.960000000000000187e-01 -1.976853518767230700e+00
9.120000000000000329e-01 -1.886648238335006722e+00
9.280000000000000471e-01 -1.815310416796455995e+00
9.440000000000000613e-01 -1.749026241904245715e+00
9.599999999999999645e-01 -1.674665221495259981e+00
9.759999999999999787e-01 -1.582952551679911668e+00
9.919999999999999929e-01 -1.465103625223427741e+00
1.008000000000000007e+00 -1.319960591660920279e+00
1.024000000000000021e+00 -1.164654482456246809e+00
1.040000000000000036e+00 -1.026089353777077662e+00
1.056000000000000050e+00 -9.159585490454924539e-01
1.072000000000000064e+00 -8.194246765754705786e-01
1.088000000000000078e+00 -7.112966144158838766e-01
1.104000000000000092e+00 -5.786182504455966713e-01
1.120000000000000107e+00 -4.267541517941675910e-01
1.136000000000000121e+00 -2.716967081390903593e-01
1.152000000000000135e+00 -1.310153365369084444e-01
1.167999999999999927e+00 -1.511744175863919890e-02
1.183999999999999941e+00 8.015879266501260703e-02
1.199999999999999956e+00 1.688423402582824306e-01
1.215999999999999970e+00 2.564275812706510727e-01
1.231999999999999984e+00 3.294345300692149703e-01
1.247999999999999998e+00 3.704912390112150011e-01
1.264000000000000012e+00 3.811401732705892997e-01
1.280000000000000027e+00 3.805379540432856089e-01
1.296000000000000041e+00 3.820928814608120505e-01
1.312000000000000055e+00 3.822518869489068272e-01
1.328000000000000069e+00 3.754609780320473655e-01
1.344000000000000083e+00 3.687773672752577281e-01
1.360000000000000098e+00 3.734877478880100354e-01
1.376000000000000112e+00 3.905279181502087638e-01
1.392000000000000126e+00 4.142180186942048814e-01
1.407999999999999918e+00 4.436560259985450894e-01
1.423999999999999932e+00 4.771153050997885003e-01
1.439999999999999947e+00 4.986669947579035478e-01
1.455999999999999961e+00 4.870168315422159777e-01
1.471999999999999975e+00 4.412056474041423093e-01
1.487999999999999989e+00 3.832808360138038051e-01
1.504000000000000004e+00 3.288931295531105636e-01
1.520000000000000018e+00 2.689492968873764545e-01
1.536000000000000032e+00 1.915965032848082894e-01
1.552000000000000046e+00 1.109668483319505433e-01
1.568000000000000060e+00 5.767602783420583412e-02
1.584000000000000075e+00 4.574371359993308073e-02
1.600000000000000089e+00 6.553938389602866066e-02
1.616000000000000103e+00 1.077273210113309510e-01
1.632000000000000117e+00 1.741502774123441510e-01
1.648000000000000131e+00 2.575176950057989078e-01
1.664000000000000146e+00 3.268805232429006780e-01
1.679999999999999938e+00 3.488272881231249123e-01
1.695999999999999952e+00 3.181313318500613718e-01
1.711999999999999966e+00 2.569009695042071550e-01
1.727999999999999980e+00 1.878285828802979118e-01
1.743999999999999995e+00 1.195339817573646823e-01
1.760000000000000009e+00 5.569519803339757075e-02
1.776000000000000023e+00 3.537611619573239469e-03
1.792000000000000037e+00 -3.412309276605186154e-02
1.808000000000000052e+00 -6.739058087564517296e-02
1.824000000000000066e+00 -1.102983961896303461e-01
1.840000000000000080e+00 -1.641984148723789616e-01
1.856000000000000094e+00 -2.164948763796167852e-01
1.872000000000000108e+00 -2.564759817528719510e-01
1.888000000000000123e+00 -2.862151790601050183e-01
1.904000000000000137e+00 -3.126260947365305798e-01
1.919999999999999929e+00 -3.345485434881148579e-01
1.935999999999999943e+00 -3.451328421859475304e-01
1.951999999999999957e+00 -3.451244737253569839e-01
1.967999999999999972e+00 -3.447642220717256900e-01
1.983999999999999986e+00 -3.496428993924030060e-01
2.000000000000000000e+00 -3.523541472438569966e-01
2.016000000000000014e+00 -3.449019066983055049e-01
2.032000000000000028e+00 -3.356752935272312444e-01
2.048000000000000043e+00 -3.466766865508442708e-01
2.064000000000000057e+00 -3.935764193499555197e-01
2.080000000000000071e+00 -4.731126863977665464e-01
2.096000000000000085e+00 -5.697299603931268441e-01
2.112000000000000099e+00 -6.675999339043618974e-01
2.128000000000000114e+00 -7.514576139580861902e-01
2.144000000000000128e+00 -8.003302972894260625e-01
2.160000000000000142e+00 -7.910112394018441462e-01
2.176000000000000156e+00 -7.143412700646508684e-01
2.192000000000000171e+00 -5.860034607389768002e-01
2.208000000000000185e+00 -4.367913453214056774e-01
2.224000000000000199e+00 -2.937916538571169189e-01
2.240000000000000213e+00 -1.747597465949634332e-01
2.256000000000000227e+00 -9.437400900896593392e-02
2.272000000000000242e+00 -6.071229290262197126e-02
2.288000000000000256e+00 -6.062648212025222721e-02
2.304000000000000270e+00 -6.203824235984958801e-02
2.319999999999999840e+00 -4.365773330822237536e-02
2.335999999999999854e+00 -1.755746542970123072e-02
2.351999999999999869e+00 -1.181766390153634987e-02
2.367999999999999883e+00 -3.499632509706397665e-02
2.383999999999999897e+00 -6.931697392463216645e-02
2.399999999999999911e+00 -9.557512029509361573e-02
2.415999999999999925e+00 -1.093584678936690285e-01
2.431999999999999940e+00 -1.108326588568184640e-01
2.447999999999999954e+00 -9.530342209603441528e-02
2.463999999999999968e+00 -6.365807749501831148e-02
2.479999999999999982e+00 -3.007529726621058913e-02
2.495999999999999996e+00 -5.517344027119844979e-03
