0.000000000000000000e+00 3.955195725804136231e+01
1.600000000000000033e-02 3.871744675280928760e+01
3.200000000000000067e-02 3.642696651641266925e+01
4.800000000000000100e-02 3.312777572475651056e+01
6.400000000000000133e-02 2.936014457355408780e+01
8.000000000000000167e-02 2.558502493735705130e+01
9.600000000000000200e-02 2.209124090883305414e+01
1.120000000000000023e-01 1.899516551156181876e+01
1.280000000000000027e-01 1.629691017259397512e+01
1.440000000000000169e-01 1.394849329319564291e+01
1.600000000000000033e-01 1.190486703888888798e+01
1.759999999999999898e-01 1.014457078621608765e+01
1.920000000000000040e-01 8.659980286471894217e+00
2.080000000000000182e-01 7.432914972750592320e+00
2.240000000000000047e-01 6.420690945637608671e+00
2.399999999999999911e-01 5.565633912946554851e+00
2.560000000000000053e-01 4.815473692775774417e+00
2.720000000000000195e-01 4.132412242612582887e+00
2.880000000000000338e-01 3.487091660175358321e+00
3.039999999999999925e-01 2.854510601898597066e+00
3.200000000000000067e-01 2.223134702208873215e+00
3.360000000000000209e-01 1.605454855884163479e+00
3.519999999999999796e-01 1.031850080336086384e+00
3.679999999999999938e-01 5.287123592400824190e-01
3.840000000000000080e-01 9.987381209434521845e-02
4.000000000000000222e-01 -2.742797234822533237e-01
4.160000000000000364e-01 -6.226709948061800448e-01
4.319999999999999951e-01 -9.656205167522128319e-01
4.480000000000000093e-01 -1.302380900356786997e+00
4.640000000000000235e-01 -1.610520123662391390e+00
4.799999999999999822e-01 -1.859972759358063943e+00
4.959999999999999964e-01 -2.034113111481451686e+00
5.120000000000000107e-01 -2.140322130563403480e+00
5.280000000000000249e-01 -2.199717549221841484e+00
5.440000000000000391e-01 -2.227715821809595820e+00
5.600000000000000533e-01 -2.227691291059415768e+00
5.760000000000000675e-01 -2.203100921745078988e+00
5.919999999999999707e-01 -2.169199596538534447e+00
6.079999999999999849e-01 -2.145858623900367856e+00
6.239999999999999991e-01 -2.138087500087812565e+00
6.400000000000000133e-01 -2.128259563964548740e+00
6.560000000000000275e-01 -2.092072098443953809e+00
6.720000000000000417e-01 -2.024165879380937838e+00
6.880000000000000560e-01 -1.948926171940342122e+00
7.039999999999999591e-01 -1.906405555838377675e+00
7.199999999999999734e-01 -1.925608773523159511e+00
7.359999999999999876e-01 -2.006337252487845113e+00
7.520000000000000018e-01 -2.120813618388767807e+00
7.680000000000000160e-01 -2.229348051653218477e+00
7.840000000000000302e-01 -2.296497840253689304e+00
8.000000000000000444e-01 -2.299870686490739669e+00
8.160000000000000586e-01 -2.232815763680087606e+00
8.320000000000000728e-01 -2.104161680131777068e+00
8.479999999999999760e-01 -1.934699893121723635e+00
8.639999999999999902e-01 -1.749852147647253497e+00
8.800000000000000044e-01 -1.571926150423855084e+00
8.960000000000000187e-01 -1.416353813686633378e+00
9.120000000000000329e-01 -1.291723319798188108e+00
9.280000000000000471e-01 -1.199949801280971506e+00
9.440000000000000613e-01 -1.135559260500835554e+00
9.599999999999999645e-01 -1.086837924565213109e+00
9.759999999999999787e-01 -1.039964059729332924e+00
9.919999999999999929e-01 -9.830808538522444184e-01
1.008000000000000007e+00 -9.079699181412288489e-01
1.024000000000000021e+00 -8.113990191930354756e-01
1.040000000000000036e+00 -6.981170589264391602e-01
1.056000000000000050e+00 -5.821607370182381169e-01
1.072000000000000064e+00 -4.819974367503054302e-01
1.088000000000000078e+00 -4.116714201989640221e-01
1.104000000000000092e+00 -3.748566339806830294e-01
1.120000000000000107e+00 -3.642134460911574667e-01
1.136000000000000121e+00 -3.626488641687111714e-01
1.152000000000000135e+00 -3.457077905032483467e-01
1.167999999999999927e+00 -2.893990024057246369e-01
1.183999999999999941e+00 -1.836519480900536683e-01
1.199999999999999956e+00 -4.200116365062690760e-02
1.215999999999999970e+00 1.027448642061279810e-01
1.231999999999999984e+00 2.164794219626673122e-01
1.247999999999999998e+00 2.842832317354582194e-01
1.264000000000000012e+00 3.198383674723253578e-01
1.280000000000000027e+00 3.560333177760666157e-01
1.296000000000000041e+00 4.213152536654576341e-01
1.312000000000000055e+00 5.191370214938546557e-01
1.328000000000000069e+00 6.277324096558882793e-01
1.344000000000000083e+00 7.193831546958370238e-01
1.360000000000000098e+00 7.801007402145858638e-01
1.376000000000000112e+00 8.135925904881620152e-01
1.392000000000000126e+00 8.321500544275625133e-01
1.407999999999999918e+00 8.471085265111302220e-01
1.423999999999999932e+00 8.645129152200885514e-01
1.439999999999999947e+00 8.834661884290153644e-01
1.455999999999999961e+00 8.966036388671149160e-01
1.471999999999999975e+00 8.950487816579465461e-01
1.487999999999999989e+00 8.747952286648967846e-01
1.504000000000000004e+00 8.365867239925924848e-01
1.520000000000000018e+00 7.786375793026478753e-01
1.536000000000000032e+00 6.929609644758858433e-01
1.552000000000000046e+00 5.736072391028627093e-01
1.568000000000000060e+00 4.291362131162592686e-01
1.584000000000000075e+00 2.835804733548655254e-01
1.600000000000000089e+00 1.625624972698213322e-01
1.616000000000000103e+00 7.868781800727854547e-02
1.632000000000000117e+00 3.011171254750107107e-02
1.648000000000000131e+00 9.527213769887335829e-03
1.664000000000000146e+00 1.033700439336937560e-02
1.679999999999999938e+00 2.464612071255973397e-02
1.695999999999999952e+00 4.063770461177774324e-02
1.711999999999999966e+00 4.686737946788926273e-02
1.727999999999999980e+00 3.995973207399627913e-02
1.743999999999999995e+00 2.656711695312315158e-02
1.760000000000000009e+00 1.719676554595810092e-02
1.776000000000000023e+00 1.846027905884007128e-02
1.792000000000000037e+00 3.039922649521282702e-02
1.808000000000000052e+00 4.894249477616569033e-02
1.824000000000000066e+00 6.948357651264128187e-02
1.840000000000000080e+00 8.890206498264618951e-02
1.856000000000000094e+00 1.055830973132421829e-01
1.872000000000000108e+00 1.173586085903178394e-01
1.888000000000000123e+00 1.181470871264271444e-01
1.904000000000000137e+00 9.670564971169830215e-02
1.919999999999999929e+00 4.153272139870668733e-02
1.935999999999999943e+00 -4.914010497249476223e-02
1.951999999999999957e+00 -1.606070812056873687e-01
1.967999999999999972e+00 -2.668560226439530281e-01
1.983999999999999986e+00 -3.458192960077760558e-01
2.000000000000000000e+00 -3.911707103481936731e-01
2.016000000000000014e+00 -4.093050933415480208e-01
2.032000000000000028e+00 -4.069189188762664111e-01
2.048000000000000043e+00 -3.859544683353790528e-01
2.064000000000000057e+00 -3.517191399209591007e-01
2.080000000000000071e+00 -3.200189418753084936e-01
2.096000000000000085e+00 -3.093287351973234567e-01
2.112000000000000099e+00 -3.259290683887810514e-01
2.128000000000000114e+00 -3.611441534528269659e-01
2.144000000000000128e+00 -4.025380501626399932e-01
2.160000000000000142e+00 -4.418293246544071629e-01
2.176000000000000156e+00 -4.711059194909706926e-01
2.192000000000000171e+00 -4.799999102012149632e-01
2.208000000000000185e+00 -4.643760089564455407e-01
2.224000000000000199e+00 -4.354116629338996014e-01
2.240000000000000213e+00 -4.132350254195104600e-01
2.256000000000000227e+00 -4.104948628386188569e-01
2.272000000000000242e+00 -4.256097331490820701e-01
2.288000000000000256e+00 -4.515336722056818020e-01
2.304000000000000270e+00 -4.853708259302424999e-01
2.319999999999999840e+00 -5.258068532810968865e-01
2.335999999999999854e+00 -5.635832757040467600e-01
2.351999999999999869e+00 -5.790050754761782992e-01
2.367999999999999883e+00 -5.511532149689231108e-01
2.383999999999999897e+00 -4.708475391353963424e-01
2.399999999999999911e+00 -3.473415097264785922e-01
2.415999999999999925e+00 -2.054738800395248255e-01
2.431999999999999940e+00 -7.632169364439712889e-02
2.447999999999999954e+00 1.396109484140529641e-02
2.463999999999999968e+00 5.314273707341717751e-02
2.479999999999999982e+00 4.620772213049132576e-02
2.495999999999999996e+00 1.082067285964275621e-02
