0.000000000000000000e+00 4.091210587938827814e+01
1.600000000000000033e-02 4.006044369555493745e+01
3.200000000000000067e-02 3.773386825770604247e+01
4.800000000000000100e-02 3.440230424031593515e+01
6.400000000000000133e-02 3.057765201724505033e+01
8.000000000000000167e-02 2.667686566465672371e+01
9.600000000000000200e-02 2.298487577152919670e+01
1.120000000000000023e-01 1.965429129344362380e+01
1.280000000000000027e-01 1.673063281547530323e+01
1.440000000000000169e-01 1.420347117405160731e+01
1.600000000000000033e-01 1.204551653491808416e+01
1.759999999999999898e-01 1.021773246465773255e+01
1.920000000000000040e-01 8.674229787524629032e+00
2.080000000000000182e-01 7.379973174113512613e+00
2.240000000000000047e-01 6.310966604820440473e+00
2.399999999999999911e-01 5.428424789952586593e+00
2.560000000000000053e-01 4.669576755120959710e+00
2.720000000000000195e-01 3.984544182028385784e+00
2.880000000000000338e-01 3.361947820552720234e+00
3.039999999999999925e-01 2.807632534081717868e+00
3.200000000000000067e-01 2.329128600317047493e+00
3.360000000000000209e-01 1.928479133884984931e+00
3.519999999999999796e-01 1.579654021603093872e+00
3.679999999999999938e-01 1.232859879995201524e+00
3.840000000000000080e-01 8.567358333947114879e-01
4.000000000000000222e-01 4.628566523166628977e-01
4.160000000000000364e-01 8.015040108379378747e-02
4.319999999999999951e-01 -2.825353420196833887e-01
4.480000000000000093e-01 -6.331022848252225721e-01
4.640000000000000235e-01 -9.685475605739977123e-01
4.799999999999999822e-01 -1.272173452479732347e+00
4.959999999999999964e-01 -1.537703602894624044e+00
5.120000000000000107e-01 -1.772835283787791871e+00
5.280000000000000249e-01 -1.970693010110126542e+00
5.440000000000000391e-01 -2.111895213936030302e+00
5.600000000000000533e-01 -2.195724872645052006e+00
5.760000000000000675e-01 -2.233056509865976924e+00
5.919999999999999707e-01 -2.223603905184182050e+00
6.079999999999999849e-01 -2.160811365116911631e+00
6.239999999999999991e-01 -2.047387345084763499e+00
6.400000000000000133e-01 -1.906914245192838919e+00
6.560000000000000275e-01 -1.777684267617427816e+00
6.720000000000000417e-01 -1.687535803633316123e+00
6.880000000000000560e-01 -1.638959914561641140e+00
7.039999999999999591e-01 -1.616670703128093578e+00
7.199999999999999734e-01 -1.603697006086934218e+00
7.359999999999999876e-01 -1.592053158514344702e+00
7.520000000000000018e-01 -1.585178694963935930e+00
7.680000000000000160e-01 -1.589196850941300587e+00
7.840000000000000302e-01 -1.600854910641900108e+00
8.000000000000000444e-01 -1.610703412339188567e+00
8.160000000000000586e-01 -1.603467074221484712e+00
8.320000000000000728e-01 -1.551699990852105193e+00
8.479999999999999760e-01 -1.435852557878414260e+00
8.639999999999999902e-01 -1.262139492539085861e+00
8.800000000000000044e-01 -1.048901127127412680e+00
8.960000000000000187e-01 -8.228077735033569873e-01
9.120000000000000329e-01 -6.263290516922491724e-01
9.280000000000000471e-01 -4.993968907220159292e-01
9.440000000000000613e-01 -4.506954794442157297e-01
9.599999999999999645e-01 -4.564958332799206597e-01
9.759999999999999787e-01 -4.846596754509664429e-01
9.919999999999999929e-01 -5.086064434155302960e-01
1.008000000000000007e+00 -5.032616654832073877e-01
1.024000000000000021e+00 -4.478455118190884376e-01
1.040000000000000036e+00 -3.403823697397922454e-01
1.056000000000000050e+00 -2.029621012768570154e-01
1.072000000000000064e+00 -6.349234714894284870e-02
1.088000000000000078e+00 6.306990117584827804e-02
1.104000000000000092e+00 1.726522035524409304e-01
1.120000000000000107e+00 2.747744349391799679e-01
1.136000000000000121e+00 3.923045907712978675e-01
1.152000000000000135e+00 5.304912705343596269e-01
1.167999999999999927e+00 6.676955884853731371e-01
1.183999999999999941e+00 7.933293845634780128e-01
1.199999999999999956e+00 9.245721817930990793e-01
1.215999999999999970e+00 1.078578324115571307e+00
1.231999999999999984e+00 1.252637156421410491e+00
1.247999999999999998e+00 1.433269775546170965e+00
1.264000000000000012e+00 1.596798423434497627e+00
1.280000000000000027e+00 1.698311187211393625e+00
1.296000000000000041e+00 1.696815078038995228e+00
1.312000000000000055e+00 1.602169100568693993e+00
1.328000000000000069e+00 1.474748902896301006e+00
1.344000000000000083e+00 1.369266762318160469e+00
1.360000000000000098e+00 1.296697550624234418e+00
1.376000000000000112e+00 1.254551480220025717e+00
1.392000000000000126e+00 1.252558956864402440e+00
1.407999999999999918e+00 1.280047106185010941e+00
1.423999999999999932e+00 1.295698563622643906e+00
1.439999999999999947e+00 1.265904800643970596e+00
1.455999999999999961e+00 1.181879617158050344e+00
1.471999999999999975e+00 1.049434787939696800e+00
1.487999999999999989e+00 8.892720331613974682e-01
1.504000000000000004e+00 7.427742691279316523e-01
1.520000000000000018e+00 6.522635999992014710e-01
1.536000000000000032e+00 6.251279176121435910e-01
1.552000000000000046e+00 6.300727380063515515e-01
1.568000000000000060e+00 6.330122328793966746e-01
1.584000000000000075e+00 6.299154937113293773e-01
1.600000000000000089e+00 6.393207189760138354e-01
1.616000000000000103e+00 6.727721391549785768e-01
1.632000000000000117e+00 7.244888846626795775e-01
1.648000000000000131e+00 7.693861740785434833e-01
1.664000000000000146e+00 7.743196748426610654e-01
1.679999999999999938e+00 7.418778354776248696e-01
1.695999999999999952e+00 7.165655589947824700e-01
1.711999999999999966e+00 7.255381864019573301e-01
1.727999999999999980e+00 7.478491625496066497e-01
1.743999999999999995e+00 7.508279771246547662e-01
1.760000000000000009e+00 7.277371099854356151e-01
1.776000000000000023e+00 6.861547675256265411e-01
1.792000000000000037e+00 6.205020536190674063e-01
1.808000000000000052e+00 5.236362585453545604e-01
1.824000000000000066e+00 4.152424792547275700e-01
1.840000000000000080e+00 3.290406557185312497e-01
1.856000000000000094e+00 2.712889415258475934e-01
1.872000000000000108e+00 2.194488650789138684e-01
1.888000000000000123e+00 1.601094072489718523e-01
1.904000000000000137e+00 9.134756197161159053e-02
1.919999999999999929e+00 2.455951798678947251e-03
1.935999999999999943e+00 -1.069471896812108080e-01
1.951999999999999957e+00 -2.084229464332216231e-01
1.967999999999999972e+00 -2.683787319312508357e-01
1.983999999999999986e+00 -2.769021591131405335e-01
2.000000000000000000e+00 -2.550895121966660350e-01
2.016000000000000014e+00 -2.399579828581608620e-01
2.032000000000000028e+00 -2.565394680658552029e-01
2.048000000000000043e+00 -3.010095161763160498e-01
2.064000000000000057e+00 -3.487124959192299811e-01
2.080000000000000071e+00 -3.784829850086970371e-01
2.096000000000000085e+00 -3.865574237698314319e-01
2.112000000000000099e+00 -3.794377581500837926e-01
2.128000000000000114e+00 -3.652945399495797218e-01
2.144000000000000128e+00 -3.543522932246758739e-01
2.160000000000000142e+00 -3.553999147697088357e-01
2.176000000000000156e+00 -3.567562792052437759e-01
2.192000000000000171e+00 -3.236215378088083683e-01
2.208000000000000185e+00 -2.423476611097688527e-01
2.224000000000000199e+00 -1.468103164426144414e-01
2.240000000000000213e+00 -7.874243390105327423e-02
2.256000000000000227e+00 -5.009162444609416981e-02
2.272000000000000242e+00 -5.092328163160740606e-02
2.288000000000000256e+00 -7.172103926814128727e-02
2.304000000000000270e+00 -1.139099132029825073e-01
2.319999999999999840e+00 -1.820701896943700271e-01
2.335999999999999854e+00 -2.694753717756766531e-01
2.351999999999999869e+00 -3.557741551722074513e-01
2.367999999999999883e+00 -4.216150188006747013e-01
2.383999999999999897e+00 -4.606115007490648172e-01
2.399999999999999911e+00 -4.695063983799124818e-01
2.415999999999999925e+00 -4.396122855250415573e-01
2.431999999999999940e+00 -3.682719879462426626e-01
2.447999999999999954e+00 -2.723941157647578604e-01
2.463999999999999968e+00 -1.816721766104664459e-01
2.479999999999999982e+00 -1.055121699563339455e-01
2.495999999999999996e+00 -2.343771529480822430e-02
