0.000000000000000000e+00 4.922127289694839192e+01
1.600000000000000033e-02 4.819436688219459342e+01
3.200000000000000067e-02 4.535784333848156535e+01
4.800000000000000100e-02 4.124551227109175500e+01
6.400000000000000133e-02 3.646497737380955328e+01
8.000000000000000167e-02 3.153933721864009954e+01
9.600000000000000200e-02 2.685454491991856329e+01
1.120000000000000023e-01 2.265199753266482929e+01
1.280000000000000027e-01 1.903886626454564279e+01
1.440000000000000169e-01 1.600909860606916624e+01
1.600000000000000033e-01 1.347688631128379733e+01
1.759999999999999898e-01 1.132819089036479099e+01
1.920000000000000040e-01 9.475290238213418093e+00
2.080000000000000182e-01 7.881125616927429078e+00
2.240000000000000047e-01 6.540046628264472695e+00
2.399999999999999911e-01 5.443428849442301320e+00
2.560000000000000053e-01 4.564944013855159355e+00
2.720000000000000195e-01 3.862064757126602466e+00
2.880000000000000338e-01 3.276333278788731374e+00
3.039999999999999925e-01 2.738526885702602609e+00
3.200000000000000067e-01 2.188706698994041133e+00
3.360000000000000209e-01 1.604013032539677530e+00
3.519999999999999796e-01 1.012637869371666222e+00
3.679999999999999938e-01 4.722503653749184349e-01
3.840000000000000080e-01 2.411842233564353774e-02
4.000000000000000222e-01 -3.338236236767021525e-01
4.160000000000000364e-01 -6.294984841448105772e-01
4.319999999999999951e-01 -8.803398997371727486e-01
4.480000000000000093e-01 -1.085724861658328821e+00
4.640000000000000235e-01 -1.252383323562922479e+00
4.799999999999999822e-01 -1.409472080207011535e+00
4.959999999999999964e-01 -1.587970201613090326e+00
5.120000000000000107e-01 -1.786102808721548030e+00
5.280000000000000249e-01 -1.962022854398569383e+00
5.440000000000000391e-01 -2.071684847593763479e+00
5.600000000000000533e-01 -2.114491438216177244e+00
5.760000000000000675e-01 -2.131297172512035321e+00
5.919999999999999707e-01 -2.161356335114776428e+00
6.079999999999999849e-01 -2.210961510194151103e+00
6.239999999999999991e-01 -2.254687174940833483e+00
6.400000000000000133e-01 -2.259157881689530356e+00
6.560000000000000275e-01 -2.214768326823969069e+00
6.720000000000000417e-01 -2.149308033286594366e+00
6.880000000000000560e-01 -2.105891420429784944e+00
7.039999999999999591e-01 -2.105338956023184327e+00
7.199999999999999734e-01 -2.133770003499722012e+00
7.359999999999999876e-01 -2.164893147318849298e+00
7.520000000000000018e-01 -2.182913190470695763e+00
7.680000000000000160e-01 -2.185523712941979557e+00
7.840000000000000302e-01 -2.180624017108489188e+00
8.000000000000000444e-01 -2.180172942847911077e+00
8.160000000000000586e-01 -2.183843301118869817e+00
8.320000000000000728e-01 -2.168521929431436845e+00
8.479999999999999760e-01 -2.102963344399563450e+00
8.639999999999999902e-01 -1.975250880532003483e+00
8.800000000000000044e-01 -1.806764163080948116e+00
8.960000000000000187e-01 -1.640539137466646924e+00
9.120000000000000329e-01 -1.510706377392250888e+00
9.280000000000000471e-01 -1.416207943144674575e+00
9.440000000000000613e-01 -1.322370090163762946e+00
9.599999999999999645e-01 -1.190762852122549065e+00
9.759999999999999787e-01 -1.012372829263098017e+00
9.919999999999999929e-01 -8.185441967049037482e-01
1.008000000000000007e+00 -6.615244131455474408e-01
1.024000000000000021e+00 -5.718497109287372648e-01
1.040000000000000036e+00 -5.260415018490897099e-01
1.056000000000000050e+00 -4.657627979765250337e-01
1.072000000000000064e+00 -3.541832852313001045e-01
1.088000000000000078e+00 -2.069865273509414738e-01
1.104000000000000092e+00 -6.617012553662759977e-02
1.120000000000000107e+00 5.089048811891826868e-02
1.136000000000000121e+00 1.703280744672609759e-01
1.152000000000000135e+00 3.291049137344424502e-01
1.167999999999999927e+00 5.281551207274128856e-01
1.183999999999999941e+00 7.240544657719415467e-01
1.199999999999999956e+00 8.719146539093877157e-01
1.215999999999999970e+00 9.746359083895508313e-01
1.231999999999999984e+00 1.078855446157251485e+00
1.247999999999999998e+00 1.220958161494995586e+00
1.264000000000000012e+00 1.393000894507780307e+00
1.280000000000000027e+00 1.563194974093959466e+00
1.296000000000000041e+00 1.712117852724687417e+00
1.312000000000000055e+00 1.844147390788625440e+00
1.328000000000000069e+00 1.969425302660609001e+00
1.344000000000000083e+00 2.078995083907647867e+00
1.360000000000000098e+00 2.145544085604888629e+00
1.376000000000000112e+00 2.150589400929631356e+00
1.392000000000000126e+00 2.101986439257001127e+00
1.407999999999999918e+00 2.019300464736848877e+00
1.423999999999999932e+00 1.909785456639068402e+00
1.439999999999999947e+00 1.770966907959569347e+00
1.455999999999999961e+00 1.613944188343409136e+00
1.471999999999999975e+00 1.466763728082903340e+00
1.487999999999999989e+00 1.348951478268377580e+00
1.504000000000000004e+00 1.256361802393072047e+00
1.520000000000000018e+00 1.179839543269237900e+00
1.536000000000000032e+00 1.128792898511664200e+00
1.552000000000000046e+00 1.122418042256773552e+00
1.568000000000000060e+00 1.155789702968425869e+00
1.584000000000000075e+00 1.183951695963767037e+00
1.600000000000000089e+00 1.145965720470628835e+00
1.616000000000000103e+00 1.007635446317288963e+00
1.632000000000000117e+00 7.881468242122514622e-01
1.648000000000000131e+00 5.452735767888743368e-01
1.664000000000000146e+00 3.288121099068949671e-01
1.679999999999999938e+00 1.510328724271560175e-01
1.695999999999999952e+00 2.220442884513160187e-03
1.711999999999999966e+00 -1.155557828175516749e-01
1.727999999999999980e+00 -1.800840340246543658e-01
1.743999999999999995e+00 -1.763276134417824659e-01
1.760000000000000009e+00 -1.215738900762278057e-01
1.776000000000000023e+00 -5.144861221414054331e-02
1.792000000000000037e+00 1.253635370490879114e-02
1.808000000000000052e+00 6.929151347347414780e-02
1.824000000000000066e+00 1.186985428753706828e-01
1.840000000000000080e+00 1.489636616271015901e-01
1.856000000000000094e+00 1.448242867909101950e-01
1.872000000000000108e+00 1.057539400225553233e-01
1.888000000000000123e+00 5.429332344113153158e-02
1.904000000000000137e+00 2.268738955889909245e-02
1.919999999999999929e+00 2.731002061786811166e-02
1.935999999999999943e+00 5.717170306283308329e-02
1.951999999999999957e+00 9.285012844373816132e-02
1.967999999999999972e+00 1.324050117522588554e-01
1.983999999999999986e+00 1.900013152743998401e-01
2.000000000000000000e+00 2.739992466744035626e-01
2.016000000000000014e+00 3.723514276907300413e-01
2.032000000000000028e+00 4.564497208619578417e-01
2.048000000000000043e+00 4.990001239142214384e-01
2.064000000000000057e+00 4.906630496076602732e-01
2.080000000000000071e+00 4.398074824643558034e-01
2.096000000000000085e+00 3.586527817345308566e-01
2.112000000000000099e+00 2.544716318783379894e-01
2.128000000000000114e+00 1.334418105184011216e-01
2.144000000000000128e+00 3.671717163258777280e-03
2.160000000000000142e+00 -1.312763389529037206e-01
2.176000000000000156e+00 -2.728090145550707835e-01
2.192000000000000171e+00 -4.114369081696671038e-01
2.208000000000000185e+00 -5.159686084034138531e-01
2.224000000000000199e+00 -5.465937271373825235e-01
2.240000000000000213e+00 -4.835058450613500258e-01
2.256000000000000227e+00 -3.513484881325921183e-01
2.272000000000000242e+00 -2.135339442323884729e-01
2.288000000000000256e+00 -1.304140490523553741e-01
2.304000000000000270e+00 -1.179148598366490663e-01
2.319999999999999840e+00 -1.420440584356302827e-01
2.335999999999999854e+00 -1.516476891268111193e-01
2.351999999999999869e+00 -1.258349751047140030e-01
2.367999999999999883e+00 -9.192271189642405027e-02
2.383999999999999897e+00 -9.047899255837768551e-02
2.399999999999999911e+00 -1.265542909002091154e-01
2.415999999999999925e+00 -1.638040934261585091e-01
2.431999999999999940e+00 -1.643165178197862619e-01
2.447999999999999954e+00 -1.257018499249297483e-01
2.463999999999999968e+00 -7.505446773587866327e-02
2.479999999999999982e+00 -3.463387386515404121e-02
2.495999999999999996e+00 -6.090511743348011459e-03
