0.000000000000000000e+00 1.296293482502999872e+01 -3.512848052852715099e-04 1.252474005057142479e-04
8.000000000000000167e-03 1.241710418413377148e+01 -3.017852565116970701e-03 -8.331125683964368529e-05
1.600000000000000033e-02 1.091494783000632474e+01 -4.280039683552341705e-03 -1.092794510499559251e-04
2.400000000000000050e-02 8.732509780392060605e+00 -4.391376835691323220e-03 -2.430488415230729266e-05
3.200000000000000067e-02 6.231347215562076158e+00 -4.421690664268339808e-03 1.139342391980142168e-04
4.000000000000000083e-02 3.762513489245840059e+00 -5.198591707613094658e-03 2.666115213338975326e-04
4.800000000000000100e-02 1.594687956579623478e+00 -6.739103510105191354e-03 3.980022074068360113e-04
5.600000000000000117e-02 -1.196390360513703011e-01 -7.821050054338097787e-03 4.986484936951127590e-04
6.400000000000000133e-02 -1.343197355036181762e+00 -7.250568647439044855e-03 5.882902383705184129e-04
7.200000000000000844e-02 -2.126801745269244481e+00 -5.172889276692450161e-03 6.721579722309811017e-04
8.000000000000000167e-02 -2.564672181416851604e+00 -2.505164504010937414e-03 7.268331947728383455e-04
8.799999999999999489e-02 -2.747908824434003527e+00 -3.987818611581399851e-04 7.360121571050292624e-04
9.600000000000000200e-02 -2.735401728763067641e+00 5.426580154371311816e-04 7.027218427560365157e-04
1.040000000000000091e-01 -2.548957312279826137e+00 1.419899554975325752e-03 6.244442035256580646e-04
1.120000000000000023e-01 -2.187057394266813670e+00 3.355586155918854462e-03 4.920027248834031499e-04
1.199999999999999956e-01 -1.648930134672415226e+00 5.345682364864348841e-03 3.196920553975636536e-04
1.280000000000000027e-01 -9.575033135709901666e-01 6.071742646103952222e-03 1.578492290217883766e-04
1.360000000000000098e-01 -1.707198768377133913e-01 5.833947658410731235e-03 6.550703890383263760e-05
1.440000000000000169e-01 6.213566285928868727e-01 5.407968437995956321e-03 6.061234348709789051e-05
1.519999999999999962e-01 1.313198556119778315e+00 5.026959592794131605e-03 9.321709732171145236e-05
1.600000000000000033e-01 1.810114851712877337e+00 4.422839699659025618e-03 8.406271181805319976e-05
1.680000000000000104e-01 2.050790907059103940e+00 3.136465373567948883e-03 -3.207898451750196982e-06
1.759999999999999898e-01 2.016698767871886844e+00 1.494313114943454646e-03 -1.357748640247820511e-04
1.839999999999999969e-01 1.731931347904653418e+00 3.949626211250397518e-04 -2.446112166961111889e-04
1.920000000000000040e-01 1.255562058585904639e+00 -1.842151323911333182e-04 -2.731524578900783686e-04
2.000000000000000111e-01 6.654285907593321392e-01 -8.466606326049636944e-04 -2.191104614103522624e-04
2.080000000000000182e-01 4.091726504895335653e-02 -1.417753939125950295e-03 -1.425968614446697087e-04
2.159999999999999976e-01 -5.473437078045021442e-01 -1.139248078755276212e-03 -1.158267677835747941e-04
2.240000000000000047e-01 -1.042849869152752129e+00 1.613387720730461133e-04 -1.708614167438730967e-04
2.320000000000000118e-01 -1.406273190765232384e+00 1.282852952439962960e-03 -2.996460431971393712e-04
2.399999999999999911e-01 -1.615610220445805378e+00 7.962041147689837136e-04 -4.444775641824410877e-04
2.479999999999999982e-01 -1.664752898360567279e+00 -7.192062447906789500e-04 -4.616995058237822048e-04
2.560000000000000053e-01 -1.561344919343517157e+00 -1.551146356277991259e-03 -1.918472269145699331e-04
2.640000000000000124e-01 -1.323825577007534671e+00 -1.480333943661565031e-03 3.563058586921346075e-04
2.720000000000000195e-01 -9.797527453419389021e-01 -1.238126426457492784e-03 9.455314485967120748e-04
2.800000000000000266e-01 -5.655491605292943813e-01 -9.844463491392875087e-04 1.281276027697476286e-03
2.880000000000000338e-01 -1.246852288459346370e-01 -7.068101989644426765e-04 1.208043855862887296e-03
2.959999999999999853e-01 2.964637349322301052e-01 -3.035411980466236966e-04 7.627142882056345448e-04
3.039999999999999925e-01 6.542775210143363385e-01 5.406680380733338816e-04 1.423806702703656881e-04
3.119999999999999996e-01 9.144512514388863922e-01 1.575073767518686378e-03 -3.738153767424532044e-04
3.200000000000000067e-01 1.056931312488787578e+00 2.201184735340450550e-03 -5.862386738704417543e-04
3.280000000000000138e-01 1.077618461332319866e+00 2.434382057640861827e-03 -5.159421575548413805e-04
3.360000000000000209e-01 9.881994937271397772e-01 2.732559385436190199e-03 -3.551003477066201814e-04
3.440000000000000280e-01 8.134034512956955787e-01 3.289424607128474225e-03 -2.791169248141966747e-04
3.519999999999999796e-01 5.838068958811764020e-01 3.761775601947281705e-03 -3.253352797725273036e-04
3.599999999999999867e-01 3.280117012099660334e-01 3.556978504641901753e-03 -3.984428228735207244e-04
3.679999999999999938e-01 7.001735451233923047e-02 2.471046825506041742e-03 -3.318709582519777730e-04
3.760000000000000009e-01 -1.697248857647685183e-01 9.200179990333137280e-04 1.041766098740050116e-06
3.840000000000000080e-01 -3.746190667558808030e-01 -4.006978913234685805e-04 5.355580286743021881e-04
3.920000000000000151e-01 -5.322043704962933219e-01 -9.618003533279828252e-04 9.844373821705277618e-04
4.000000000000000222e-01 -6.315334408249229092e-01 -6.950772318604805759e-04 1.051600423535369510e-03
4.080000000000000293e-01 -6.626710779717837063e-01 6.523968978114286557e-05 7.090234399526753424e-04
4.160000000000000364e-01 -6.217514878453057614e-01 9.440313000643321207e-04 2.235979777684825472e-04
4.239999999999999880e-01 -5.144083269211251475e-01 1.830240993841453483e-03 -9.130947680576712651e-05
4.319999999999999951e-01 -3.538808157738306814e-01 2.760966720316147122e-03 -1.164442623573619758e-04
4.400000000000000022e-01 -1.597471153042385739e-01 3.681381572056584024e-03 4.805711793003885322e-05
4.480000000000000093e-01 4.309973747353470358e-02 4.715340236769518210e-03 2.106671258203952207e-04
4.560000000000000164e-01 2.301499117942272243e-01 5.839382553677914013e-03 2.211913010440517513e-04
4.640000000000000235e-01 3.816824911092487893e-01 5.795943796917019802e-03 4.664414707764302922e-05
4.720000000000000306e-01 4.811386260721639552e-01 3.593667606663863284e-03 -2.188806327005153162e-04
4.799999999999999822e-01 5.166261654486340449e-01 1.324570749434923799e-03 -4.159823271612523698e-04
4.879999999999999893e-01 4.881923745888318011e-01 1.805216122020357906e-03 -4.224086694251879019e-04
4.959999999999999964e-01 4.085625476180055338e-01 3.871483990211695408e-03 -2.305577211565404308e-04
5.040000000000000036e-01 2.947270517944656776e-01 4.312537915250870720e-03 4.458889827710980057e-05
5.120000000000000107e-01 1.626770975840563516e-01 2.897404942149420237e-03 2.324393118850650848e-04
5.200000000000000178e-01 2.901671612655291194e-02 1.310260162839931367e-03 2.232257369310424659e-04
5.280000000000000249e-01 -8.936579676269158778e-02 -3.533407004047241836e-04 6.527453177304887958e-05
5.360000000000000320e-01 -1.805034265196917564e-01 -2.590132422943752701e-03 -4.250523113828674028e-05
5.440000000000000391e-01 -2.407339862912350192e-01 -4.728135359146194185e-03 1.211190948544754064e-04
5.520000000000000462e-01 -2.724390077865144755e-01 -6.114223620756120345e-03 6.320092357719617410e-04
5.600000000000000533e-01 -2.795550732281597561e-01 -6.961349346654234320e-03 1.322914931332394139e-03
5.680000000000000604e-01 -2.652517470419155088e-01 -7.812235375024534703e-03 1.838536017171660134e-03
5.760000000000000675e-01 -2.328660603042244093e-01 -9.129154355892333400e-03 1.858301613219727737e-03
5.839999999999999636e-01 -1.875874684680499671e-01 -1.074437076560257748e-02 1.347330780886615018e-03
5.919999999999999707e-01 -1.352728956907828795e-01 -1.230982697773193649e-02 5.910162557895457750e-04
5.999999999999999778e-01 -7.951751171686063935e-02 -1.459603330605513220e-02 -4.731323102991077749e-05
6.079999999999999849e-01 -2.202910895596635679e-02 -1.827998479151132435e-02 -3.925904804991532226e-04
6.159999999999999920e-01 3.452990658621837849e-02 -2.203414077977255969e-02 -5.023386010611837491e-04
6.239999999999999991e-01 8.668471162988737599e-02 -2.402259940252031434e-02 -5.498036077102247746e-04
6.320000000000000062e-01 1.316742272450305562e-01 -2.343204486616459747e-02 -7.264445750481209095e-04
6.400000000000000133e-01 1.658594235311125487e-01 -1.913211065835698776e-02 -1.179038256633943788e-03
6.480000000000000204e-01 1.836667986425104815e-01 -9.656071267059970070e-03 -1.922326564033354553e-03
6.560000000000000275e-01 1.807177586541111325e-01 4.767407575144900871e-03 -2.780253396267362564e-03
6.640000000000000346e-01 1.563788058728214081e-01 2.251331109339273218e-02 -3.442259068295082727e-03
6.720000000000000417e-01 1.132324582933423862e-01 4.270660838643719481e-02 -3.627217404387842944e-03
6.800000000000000488e-01 5.728828724014910917e-02 6.549110385505216292e-02 -3.283914391984507110e-03
6.880000000000000560e-01 -1.566854029149848237e-03 9.045114287923176899e-02 -2.716821937610064148e-03
6.960000000000000631e-01 -5.256865869221959836e-02 1.155647413841433269e-01 -2.486271465694037987e-03
7.039999999999999591e-01 -8.806664986687338936e-02 1.381232342471756802e-01 -3.033813000736775446e-03
7.119999999999999662e-01 -1.045349904375053179e-01 1.565847337363196479e-01 -4.232936852026128113e-03
7.199999999999999734e-01 -1.022890314014337915e-01 1.706197990563263767e-01 -5.231227501383346919e-03
7.279999999999999805e-01 -8.562026704688938117e-02 1.795391269286993330e-01 -4.860734119704575480e-03
7.359999999999999876e-01 -6.130310693978504449e-02 1.819661883901020072e-01 -2.523187100769298374e-03
7.439999999999999947e-01 -3.583173458825154867e-02 1.769417374537748111e-01 1.059851875810715509e-03
7.520000000000000018e-01 -1.450277933101572908e-02 1.647315924967627798e-01 4.019708456255382742e-03
7.600000000000000089e-01 -1.184368228751013236e-03 1.466669995598733067e-01 4.591591791096603058e-03
7.680000000000000160e-01 3.842268141168222757e-03 1.240847793147111799e-01 2.543127747699973178e-03
7.760000000000000231e-01 4.364479196384872008e-03 9.763249347904476294e-02 -5.024164764763095750e-04
7.840000000000000302e-01 3.998568178115953498e-03 6.777670477419467376e-02 -2.292664235499002490e-03
7.920000000000000373e-01 2.981147716442688559e-03 3.507871584015433836e-02 -1.785841700572522337e-03
