0.000000000000000000e+00 4.874216876670826792e+01
1.600000000000000033e-02 4.768970065336141317e+01
3.200000000000000067e-02 4.479719161058356747e+01
4.800000000000000100e-02 4.064226571370690522e+01
6.400000000000000133e-02 3.584342982383817855e+01
8.000000000000000167e-02 3.093290214361931589e+01
9.600000000000000200e-02 2.631063763111249543e+01
1.120000000000000023e-01 2.219367106271039347e+01
1.280000000000000027e-01 1.863621467930483533e+01
1.440000000000000169e-01 1.560835603936133609e+01
1.600000000000000033e-01 1.305105416228842863e+01
1.759999999999999898e-01 1.091009022557115848e+01
1.920000000000000040e-01 9.156188541183871266e+00
2.080000000000000182e-01 7.759603807056707936e+00
2.240000000000000047e-01 6.652859804776939612e+00
2.399999999999999911e-01 5.747553445366603064e+00
2.560000000000000053e-01 4.976921993586773674e+00
2.720000000000000195e-01 4.296325217596032253e+00
2.880000000000000338e-01 3.661043364593550287e+00
3.039999999999999925e-01 3.034877602513251116e+00
3.200000000000000067e-01 2.413222017628022353e+00
3.360000000000000209e-01 1.817513060761879018e+00
3.519999999999999796e-01 1.267285611540725165e+00
3.679999999999999938e-01 7.631271248456238387e-01
3.840000000000000080e-01 2.890053336771930548e-01
4.000000000000000222e-01 -1.764720638566119049e-01
4.160000000000000364e-01 -6.421049886472315338e-01
4.319999999999999951e-01 -1.089927363287080508e+00
4.480000000000000093e-01 -1.488834666632157910e+00
4.640000000000000235e-01 -1.825282769544038786e+00
4.799999999999999822e-01 -2.108012452614274501e+00
4.959999999999999964e-01 -2.343530495728411545e+00
5.120000000000000107e-01 -2.524908321507245201e+00
5.280000000000000249e-01 -2.646155527947964714e+00
5.440000000000000391e-01 -2.706773266923035326e+00
5.600000000000000533e-01 -2.704645403017346350e+00
5.760000000000000675e-01 -2.654426958575079265e+00
5.919999999999999707e-01 -2.601330265590529045e+00
6.079999999999999849e-01 -2.580233465413760641e+00
6.239999999999999991e-01 -2.583976130792725812e+00
6.400000000000000133e-01 -2.596158179274699940e+00
6.560000000000000275e-01 -2.612494692335251223e+00
6.720000000000000417e-01 -2.619813495800846770e+00
6.880000000000000560e-01 -2.601455577877160419e+00
7.039999999999999591e-01 -2.559883191429063398e+00
7.199999999999999734e-01 -2.506902693210334654e+00
7.359999999999999876e-01 -2.453608320482242977e+00
7.520000000000000018e-01 -2.412950751897832369e+00
7.680000000000000160e-01 -2.383292935655326517e+00
7.840000000000000302e-01 -2.348296947273113666e+00
8.000000000000000444e-01 -2.310884094679406253e+00
8.160000000000000586e-01 -2.282633691956361677e+00
8.320000000000000728e-01 -2.236341857662788257e+00
8.479999999999999760e-01 -2.135322155233395414e+00
8.639999999999999902e-01 -2.004092558835874449e+00
8.800000000000000044e-01 -1.902328701846157211e+00
8.960000000000000187e-01 -1.845888120093672757e+00
9.120000000000000329e-01 -1.806843911410234815e+00
9.280000000000000471e-01 -1.757599805659305181e+00
9.440000000000000613e-01 -1.674916250773147208e+00
9.599999999999999645e-01 -1.543667959247916777e+00
9.759999999999999787e-01 -1.385208710286346845e+00
9.919999999999999929e-01 -1.238524095327733665e+00
1.008000000000000007e+00 -1.101237060015034963e+00
1.024000000000000021e+00 -9.406539661042568889e-01
1.040000000000000036e+00 -7.663798787175220006e-01
1.056000000000000050e+00 -6.278247933553735560e-01
1.072000000000000064e+00 -5.326267483626827559e-01
1.088000000000000078e+00 -4.346136093455831295e-01
1.104000000000000092e+00 -3.112805984122639091e-01
1.120000000000000107e+00 -1.840113358038121816e-01
1.136000000000000121e+00 -5.367435743233577028e-02
1.152000000000000135e+00 1.041067621119322884e-01
1.167999999999999927e+00 2.648887951443489874e-01
1.183999999999999941e+00 3.633873798486879636e-01
1.199999999999999956e+00 3.955351733560656946e-01
1.215999999999999970e+00 4.293075953161185621e-01
1.231999999999999984e+00 5.054607092834731974e-01
1.247999999999999998e+00 6.105442972625663156e-01
1.264000000000000012e+00 7.400722044031626812e-01
1.280000000000000027e+00 9.038578384358078033e-01
1.296000000000000041e+00 1.081441395034108632e+00
1.312000000000000055e+00 1.238542446908001970e+00
1.328000000000000069e+00 1.369189989637190852e+00
1.344000000000000083e+00 1.482832386947604997e+00
1.360000000000000098e+00 1.575576589415849327e+00
1.376000000000000112e+00 1.633442068870787578e+00
1.392000000000000126e+00 1.647856593253264057e+00
1.407999999999999918e+00 1.628439322375479170e+00
1.423999999999999932e+00 1.599734211591334443e+00
1.439999999999999947e+00 1.571732130373602265e+00
1.455999999999999961e+00 1.527212432932284703e+00
1.471999999999999975e+00 1.446693706443968441e+00
1.487999999999999989e+00 1.323550818860254497e+00
1.504000000000000004e+00 1.166280080282891429e+00
1.520000000000000018e+00 1.016988113757525847e+00
1.536000000000000032e+00 9.368969240907938367e-01
1.552000000000000046e+00 9.388312483598109104e-01
1.568000000000000060e+00 9.734905552603191348e-01
1.584000000000000075e+00 1.002053192595327546e+00
1.600000000000000089e+00 1.021979141523236212e+00
1.616000000000000103e+00 1.010613186017653264e+00
1.632000000000000117e+00 9.248118980775487108e-01
1.648000000000000131e+00 7.720636517385047748e-01
1.664000000000000146e+00 6.091831417543090987e-01
1.679999999999999938e+00 4.706192583880171587e-01
1.695999999999999952e+00 3.601905635857995946e-01
1.711999999999999966e+00 2.921982839912981023e-01
1.727999999999999980e+00 2.780471587310467951e-01
1.743999999999999995e+00 2.908121569432222109e-01
1.760000000000000009e+00 2.912015194764577264e-01
1.776000000000000023e+00 2.724046829310436402e-01
1.792000000000000037e+00 2.470641677834171657e-01
1.808000000000000052e+00 2.137454913345423479e-01
1.824000000000000066e+00 1.680787488139843244e-01
1.840000000000000080e+00 1.222766925002290728e-01
1.856000000000000094e+00 8.441980479685796956e-02
1.872000000000000108e+00 4.394428066177696185e-02
1.888000000000000123e+00 -3.368781036779229347e-03
1.904000000000000137e+00 -5.163984410515799067e-02
1.919999999999999929e+00 -1.178577856667207407e-01
1.935999999999999943e+00 -2.293813926860847896e-01
1.951999999999999957e+00 -3.682748582452050612e-01
1.967999999999999972e+00 -4.811053793643730314e-01
1.983999999999999986e+00 -5.427189242955909876e-01
2.000000000000000000e+00 -5.605077494645962499e-01
2.016000000000000014e+00 -5.421517364241723591e-01
2.032000000000000028e+00 -5.089149382704930558e-01
2.048000000000000043e+00 -4.986222868309440059e-01
2.064000000000000057e+00 -5.141475940836286451e-01
2.080000000000000071e+00 -5.105021706720387353e-01
2.096000000000000085e+00 -4.487697642826007915e-01
2.112000000000000099e+00 -3.217542242404926034e-01
2.128000000000000114e+00 -1.383563889568847072e-01
2.144000000000000128e+00 6.667287754289792645e-02
2.160000000000000142e+00 2.254963196119496027e-01
2.176000000000000156e+00 2.843833145004214802e-01
2.192000000000000171e+00 2.412288075286773970e-01
2.208000000000000185e+00 1.241253408143578041e-01
2.224000000000000199e+00 -2.774294386549341213e-02
2.240000000000000213e+00 -1.630546293124353896e-01
2.256000000000000227e+00 -2.429832431912210267e-01
2.272000000000000242e+00 -2.684978510533127527e-01
2.288000000000000256e+00 -2.706476808287409108e-01
2.304000000000000270e+00 -2.827832566407924575e-01
2.319999999999999840e+00 -3.111152874413350422e-01
2.335999999999999854e+00 -3.241874634028349411e-01
2.351999999999999869e+00 -2.911142997752879658e-01
2.367999999999999883e+00 -2.208539035609681789e-01
2.383999999999999897e+00 -1.387395580082277924e-01
2.399999999999999911e+00 -5.124262752300786511e-02
2.415999999999999925e+00 3.362636679349625263e-02
2.431999999999999940e+00 8.212133061275370127e-02
2.447999999999999954e+00 7.019676930453370989e-02
2.463999999999999968e+00 2.366267968967037880e-02
2.479999999999999982e+00 -8.287836133727435189e-03
2.495999999999999996e+00 -5.161067558661908486e-03
