0.000000000000000000e+00 4.965919590243122173e+01
1.600000000000000033e-02 4.860997048306543178e+01
3.200000000000000067e-02 4.571923078889136605e+01
4.800000000000000100e-02 4.154897686969793824e+01
6.400000000000000133e-02 3.675356079637656137e+01
8.000000000000000167e-02 3.188607969425178013e+01
9.600000000000000200e-02 2.731143499976194988e+01
1.120000000000000023e-01 2.321422256191823053e+01
1.280000000000000027e-01 1.965623904329588356e+01
1.440000000000000169e-01 1.663482500354254867e+01
1.600000000000000033e-01 1.411518930075118305e+01
1.759999999999999898e-01 1.203772643076092130e+01
1.920000000000000040e-01 1.032537879089248811e+01
2.080000000000000182e-01 8.898708722984887132e+00
2.240000000000000047e-01 7.690619432463211780e+00
2.399999999999999911e-01 6.657496935332973820e+00
2.560000000000000053e-01 5.774556100304413242e+00
2.720000000000000195e-01 5.019713699289913400e+00
2.880000000000000338e-01 4.369778008326600016e+00
3.039999999999999925e-01 3.808237052130306388e+00
3.200000000000000067e-01 3.325056503844073585e+00
3.360000000000000209e-01 2.903444144979087316e+00
3.519999999999999796e-01 2.512728358783812510e+00
3.679999999999999938e-01 2.119604301963145421e+00
3.840000000000000080e-01 1.701417838036082264e+00
4.000000000000000222e-01 1.253724989794503530e+00
4.160000000000000364e-01 7.962396103063128505e-01
4.319999999999999951e-01 3.659387122600632480e-01
4.480000000000000093e-01 -3.628368331861090562e-03
4.640000000000000235e-01 -3.000386567028374141e-01
4.799999999999999822e-01 -5.381915215391700480e-01
4.959999999999999964e-01 -7.499808295048810969e-01
5.120000000000000107e-01 -9.598539215082364517e-01
5.280000000000000249e-01 -1.168356380719501875e+00
5.440000000000000391e-01 -1.357286960834944489e+00
5.600000000000000533e-01 -1.505652678829960456e+00
5.760000000000000675e-01 -1.602927787842342244e+00
5.919999999999999707e-01 -1.651983730548993945e+00
6.079999999999999849e-01 -1.661627135550022283e+00
6.239999999999999991e-01 -1.639699090805385673e+00
6.400000000000000133e-01 -1.594904266505285273e+00
6.560000000000000275e-01 -1.541657890556766830e+00
6.720000000000000417e-01 -1.497384414831494093e+00
6.880000000000000560e-01 -1.475676802775377494e+00
7.039999999999999591e-01 -1.484274330507763029e+00
7.199999999999999734e-01 -1.521765932225270790e+00
7.359999999999999876e-01 -1.574957066204258682e+00
7.520000000000000018e-01 -1.627371698454041837e+00
7.680000000000000160e-01 -1.666189793602158797e+00
7.840000000000000302e-01 -1.678883009802222270e+00
8.000000000000000444e-01 -1.652576515315894667e+00
8.160000000000000586e-01 -1.581187795189338274e+00
8.320000000000000728e-01 -1.472175192746896677e+00
8.479999999999999760e-01 -1.343148513740803685e+00
8.639999999999999902e-01 -1.211404370479912451e+00
8.800000000000000044e-01 -1.087074512707922214e+00
8.960000000000000187e-01 -9.702172619661876274e-01
9.120000000000000329e-01 -8.538918603314182842e-01
9.280000000000000471e-01 -7.328282209011152126e-01
9.440000000000000613e-01 -6.098948766858727222e-01
9.599999999999999645e-01 -4.996543288296210195e-01
9.759999999999999787e-01 -4.186037464564602573e-01
9.919999999999999929e-01 -3.605339199778685999e-01
1.008000000000000007e+00 -2.926142535750434481e-01
1.024000000000000021e+00 -1.859186748893234264e-01
1.040000000000000036e+00 -4.238629922118625215e-02
1.056000000000000050e+00 1.106250502954457537e-01
1.072000000000000064e+00 2.431358010462737196e-01
1.088000000000000078e+00 3.404392671990292274e-01
1.104000000000000092e+00 4.118123576710028821e-01
1.120000000000000107e+00 4.818317207371102251e-01
1.136000000000000121e+00 5.648134779504736525e-01
1.152000000000000135e+00 6.505811236191475500e-01
1.167999999999999927e+00 7.180534307209639477e-01
1.183999999999999941e+00 7.606175998055741960e-01
1.199999999999999956e+00 7.955912887432000646e-01
1.215999999999999970e+00 8.510372873288440942e-01
1.231999999999999984e+00 9.499789882643357997e-01
1.247999999999999998e+00 1.100401757550016457e+00
1.264000000000000012e+00 1.291601799567092757e+00
1.280000000000000027e+00 1.503259831492709475e+00
1.296000000000000041e+00 1.717545805719698171e+00
1.312000000000000055e+00 1.924260119260439383e+00
1.328000000000000069e+00 2.117194412401983694e+00
1.344000000000000083e+00 2.285153816923607195e+00
1.360000000000000098e+00 2.413381688302223882e+00
1.376000000000000112e+00 2.491536266560836488e+00
1.392000000000000126e+00 2.516292370326528971e+00
1.407999999999999918e+00 2.494459381994939218e+00
1.423999999999999932e+00 2.440005066577118242e+00
1.439999999999999947e+00 2.364600641027694294e+00
1.455999999999999961e+00 2.278525203429364598e+00
1.471999999999999975e+00 2.196580396280022107e+00
1.487999999999999989e+00 2.136529391605328065e+00
1.504000000000000004e+00 2.110879432247593002e+00
1.520000000000000018e+00 2.118627592057297004e+00
1.536000000000000032e+00 2.145440076911955263e+00
1.552000000000000046e+00 2.172326318855221761e+00
1.568000000000000060e+00 2.186681552966111219e+00
1.584000000000000075e+00 2.186247101435978557e+00
1.600000000000000089e+00 2.172995176570782672e+00
1.616000000000000103e+00 2.149393388957502093e+00
1.632000000000000117e+00 2.117468857034811691e+00
1.648000000000000131e+00 2.074483269924140227e+00
1.664000000000000146e+00 2.015101385034852477e+00
1.679999999999999938e+00 1.939145890816527773e+00
1.695999999999999952e+00 1.850774940490386822e+00
1.711999999999999966e+00 1.750342505314496977e+00
1.727999999999999980e+00 1.633015924801676455e+00
1.743999999999999995e+00 1.497518748551824430e+00
1.760000000000000009e+00 1.351978622392500329e+00
1.776000000000000023e+00 1.211708043512529143e+00
1.792000000000000037e+00 1.093541488371972292e+00
1.808000000000000052e+00 1.004596343438923789e+00
1.824000000000000066e+00 9.328467721769908572e-01
1.840000000000000080e+00 8.563653108016145987e-01
1.856000000000000094e+00 7.665986417424266453e-01
1.872000000000000108e+00 6.809763164749700337e-01
1.888000000000000123e+00 6.304717064435105822e-01
1.904000000000000137e+00 6.326550674050513967e-01
1.919999999999999929e+00 6.749473867004792682e-01
1.935999999999999943e+00 7.242866156016690704e-01
1.951999999999999957e+00 7.508539140636847353e-01
1.967999999999999972e+00 7.405499749305963775e-01
1.983999999999999986e+00 6.939719810709255032e-01
2.000000000000000000e+00 6.226689391849806743e-01
2.016000000000000014e+00 5.421835815270558134e-01
2.032000000000000028e+00 4.631852949594446600e-01
2.048000000000000043e+00 3.917318976912610995e-01
2.064000000000000057e+00 3.380946113029879019e-01
2.080000000000000071e+00 3.166995322678168856e-01
2.096000000000000085e+00 3.355074070713746082e-01
2.112000000000000099e+00 3.899903123561259122e-01
2.128000000000000114e+00 4.637048061937523724e-01
2.144000000000000128e+00 5.381345739210160461e-01
2.160000000000000142e+00 6.097692434712034260e-01
2.176000000000000156e+00 6.897608284131266920e-01
2.192000000000000171e+00 7.852491298475314796e-01
2.208000000000000185e+00 8.877409152226524158e-01
2.224000000000000199e+00 9.769775077221527493e-01
2.240000000000000213e+00 1.036474826479719669e+00
2.256000000000000227e+00 1.066323604213515575e+00
2.272000000000000242e+00 1.076723787294282975e+00
2.288000000000000256e+00 1.069761280223155753e+00
2.304000000000000270e+00 1.029817896947941236e+00
2.319999999999999840e+00 9.337914909515891981e-01
2.335999999999999854e+00 7.722811316062859754e-01
2.351999999999999869e+00 5.627583882285838168e-01
2.367999999999999883e+00 3.458566417059469877e-01
2.383999999999999897e+00 1.654870733821878770e-01
2.399999999999999911e+00 4.565477483134537662e-02
2.415999999999999925e+00 -1.789599256233465399e-02
2.431999999999999940e+00 -4.638731495232236574e-02
2.447999999999999954e+00 -5.745325263901773089e-02
2.463999999999999968e+00 -5.618964009326911369e-02
2.479999999999999982e+00 -4.134367510932917406e-02
2.495999999999999996e+00 -1.038929081534645769e-02
