0.000000000000000000e+00 4.074785920674077744e+01
1.600000000000000033e-02 3.989751861029724012e+01
3.200000000000000067e-02 3.753956582313158918e+01
4.800000000000000100e-02 3.414527741844970166e+01
6.400000000000000133e-02 3.024373409355015596e+01
8.000000000000000167e-02 2.626501939067758329e+01
9.600000000000000200e-02 2.249758613153206355e+01
1.120000000000000023e-01 1.910590542434761474e+01
1.280000000000000027e-01 1.615905158403465336e+01
1.440000000000000169e-01 1.365548220374377486e+01
1.600000000000000033e-01 1.154631949398659962e+01
1.759999999999999898e-01 9.760294385224078439e+00
1.920000000000000040e-01 8.226458287830098470e+00
2.080000000000000182e-01 6.892156061236025977e+00
2.240000000000000047e-01 5.735046392735224430e+00
2.399999999999999911e-01 4.755704851711493042e+00
2.560000000000000053e-01 3.946485442880066863e+00
2.720000000000000195e-01 3.271181554273358660e+00
2.880000000000000338e-01 2.684876431629600546e+00
3.039999999999999925e-01 2.160895607133070051e+00
3.200000000000000067e-01 1.681794517727622562e+00
3.360000000000000209e-01 1.220351859414648077e+00
3.519999999999999796e-01 7.535577836810459784e-01
3.679999999999999938e-01 2.849673703291553117e-01
3.840000000000000080e-01 -1.647077139282194236e-01
4.000000000000000222e-01 -5.784968367383256371e-01
4.160000000000000364e-01 -9.459109458753554023e-01
4.319999999999999951e-01 -1.261262322757344290e+00
4.480000000000000093e-01 -1.526490672162477580e+00
4.640000000000000235e-01 -1.743691547182437462e+00
4.799999999999999822e-01 -1.907519019154819029e+00
4.959999999999999964e-01 -2.019656558411069724e+00
5.120000000000000107e-01 -2.104061275917282092e+00
5.280000000000000249e-01 -2.188767065207055662e+00
5.440000000000000391e-01 -2.274664085743494990e+00
5.600000000000000533e-01 -2.337805934514892048e+00
5.760000000000000675e-01 -2.359731165703985667e+00
5.919999999999999707e-01 -2.340562973286860249e+00
6.079999999999999849e-01 -2.288555965502561129e+00
6.239999999999999991e-01 -2.219602774001114387e+00
6.400000000000000133e-01 -2.167295400479717582e+00
6.560000000000000275e-01 -2.168490060805090103e+00
6.720000000000000417e-01 -2.228022678919254762e+00
6.880000000000000560e-01 -2.312176085292218630e+00
7.039999999999999591e-01 -2.384075970337366623e+00
7.199999999999999734e-01 -2.430161684868612060e+00
7.359999999999999876e-01 -2.446058761524256386e+00
7.520000000000000018e-01 -2.422172819120559151e+00
7.680000000000000160e-01 -2.362198493041324454e+00
7.840000000000000302e-01 -2.291839622132428644e+00
8.000000000000000444e-01 -2.225144247920259666e+00
8.160000000000000586e-01 -2.146482879654607157e+00
8.320000000000000728e-01 -2.051214685534162196e+00
8.479999999999999760e-01 -1.973662971905695285e+00
8.639999999999999902e-01 -1.939024698332874719e+00
8.800000000000000044e-01 -1.912065510682635416e+00
8.960000000000000187e-01 -1.833098390059117788e+00
9.120000000000000329e-01 -1.690932318500706133e+00
9.280000000000000471e-01 -1.526784837908155446e+00
9.440000000000000613e-01 -1.377672025819340451e+00
9.599999999999999645e-01 -1.247156569377286361e+00
9.759999999999999787e-01 -1.123099885756280614e+00
9.919999999999999929e-01 -9.946876317484432128e-01
1.008000000000000007e+00 -8.550926372653288032e-01
1.024000000000000021e+00 -7.081026786190350863e-01
1.040000000000000036e+00 -5.678822141811460389e-01
1.056000000000000050e+00 -4.392834510492651945e-01
1.072000000000000064e+00 -3.093075694732443370e-01
1.088000000000000078e+00 -1.718202379067086949e-01
1.104000000000000092e+00 -4.810450934277623464e-02
1.120000000000000107e+00 3.375231445352309262e-02
1.136000000000000121e+00 7.005281956057440862e-02
1.152000000000000135e+00 7.720751294479417937e-02
1.167999999999999927e+00 6.901666339635896541e-02
1.183999999999999941e+00 5.525420883888862433e-02
1.199999999999999956e+00 4.803702516614497681e-02
1.215999999999999970e+00 5.002478025963277147e-02
1.231999999999999984e+00 5.030999124066925371e-02
1.247999999999999998e+00 4.799750943769048178e-02
1.264000000000000012e+00 6.107946269627411578e-02
1.280000000000000027e+00 9.545277319324058096e-02
1.296000000000000041e+00 1.267968718401578654e-01
1.312000000000000055e+00 1.328949588242224200e-01
1.328000000000000069e+00 1.230271788262773669e-01
1.344000000000000083e+00 1.135217139175019180e-01
1.360000000000000098e+00 9.798657523099554845e-02
1.376000000000000112e+00 7.303095254580066475e-02
1.392000000000000126e+00 7.122586355146050263e-02
1.407999999999999918e+00 1.253910835032631121e-01
1.423999999999999932e+00 2.112966873738229834e-01
1.439999999999999947e+00 2.682244456151625656e-01
1.455999999999999961e+00 2.706265565392325656e-01
1.471999999999999975e+00 2.431077318119743702e-01
1.487999999999999989e+00 2.156629827737889249e-01
1.504000000000000004e+00 2.046595752925618461e-01
1.520000000000000018e+00 2.273016487871869773e-01
1.536000000000000032e+00 2.878242857560804890e-01
1.552000000000000046e+00 3.500638524441724297e-01
1.568000000000000060e+00 3.656228096729428056e-01
1.584000000000000075e+00 3.320551444927443696e-01
1.600000000000000089e+00 2.893885965675008221e-01
1.616000000000000103e+00 2.618893629966584369e-01
1.632000000000000117e+00 2.374925007827728696e-01
1.648000000000000131e+00 2.010708885301061566e-01
1.664000000000000146e+00 1.523218226395840202e-01
1.679999999999999938e+00 8.788051033020216618e-02
1.695999999999999952e+00 -4.934380988965225180e-03
1.711999999999999966e+00 -1.282848339920164837e-01
1.727999999999999980e+00 -2.644072798683300141e-01
1.743999999999999995e+00 -3.894626143867687129e-01
1.760000000000000009e+00 -4.859556409092888329e-01
1.776000000000000023e+00 -5.466666906459684006e-01
1.792000000000000037e+00 -5.815625370917941739e-01
1.808000000000000052e+00 -6.125996704604217413e-01
1.824000000000000066e+00 -6.422177172469855089e-01
1.840000000000000080e+00 -6.383734115940795650e-01
1.856000000000000094e+00 -5.758254870295049788e-01
1.872000000000000108e+00 -4.786999649468598461e-01
1.888000000000000123e+00 -3.900614739447019197e-01
1.904000000000000137e+00 -3.114344918036809351e-01
1.919999999999999929e+00 -2.110601055158096706e-01
1.935999999999999943e+00 -8.555352884807794489e-02
1.951999999999999957e+00 2.808278482262857242e-02
1.967999999999999972e+00 1.017546220855690825e-01
1.983999999999999986e+00 1.391189485435448681e-01
2.000000000000000000e+00 1.497562264828043166e-01
2.016000000000000014e+00 1.380888624210364346e-01
2.032000000000000028e+00 1.154090265085455924e-01
2.048000000000000043e+00 8.731351057270987648e-02
2.064000000000000057e+00 3.696725757826834630e-02
2.080000000000000071e+00 -4.417966857604720826e-02
2.096000000000000085e+00 -1.220700246531026545e-01
2.112000000000000099e+00 -1.546319569655811021e-01
2.128000000000000114e+00 -1.518325027444462072e-01
2.144000000000000128e+00 -1.659919971092287394e-01
2.160000000000000142e+00 -2.258205579303756982e-01
2.176000000000000156e+00 -3.107394815730581406e-01
2.192000000000000171e+00 -3.910618417115573342e-01
2.208000000000000185e+00 -4.618320330179692124e-01
2.224000000000000199e+00 -5.236491486694024866e-01
2.240000000000000213e+00 -5.550450369704347242e-01
2.256000000000000227e+00 -5.276326145515054522e-01
2.272000000000000242e+00 -4.378600750199078129e-01
2.288000000000000256e+00 -3.043768110206354072e-01
2.304000000000000270e+00 -1.439658820339929368e-01
2.319999999999999840e+00 2.883041734339686704e-02
2.335999999999999854e+00 1.869900026539824123e-01
2.351999999999999869e+00 2.990527591121087680e-01
2.367999999999999883e+00 3.490702938209522266e-01
2.383999999999999897e+00 3.385287056227934688e-01
2.399999999999999911e+00 2.832399764498166883e-01
2.415999999999999925e+00 2.158195188985864710e-01
2.431999999999999940e+00 1.675906981177550381e-01
2.447999999999999954e+00 1.389034357385726393e-01
2.463999999999999968e+00 1.071027761713580773e-01
2.479999999999999982e+00 6.207312542511957826e-02
2.495999999999999996e+00 1.220229814810690726e-02
