0.000000000000000000e+00 4.872120555627201810e+01
1.600000000000000033e-02 4.767231744728549359e+01
3.200000000000000067e-02 4.477337703253832757e+01
4.800000000000000100e-02 4.060695296177464542e+01
6.400000000000000133e-02 3.581092739236781597e+01
8.000000000000000167e-02 3.092327434938334463e+01
9.600000000000000200e-02 2.632929937294359490e+01
1.120000000000000023e-01 2.223826976097996067e+01
1.280000000000000027e-01 1.871240562551126274e+01
1.440000000000000169e-01 1.573956649185789658e+01
1.600000000000000033e-01 1.328401333932545469e+01
1.759999999999999898e-01 1.128619446173206597e+01
1.920000000000000040e-01 9.654023595052111162e+00
2.080000000000000182e-01 8.287463559773735611e+00
2.240000000000000047e-01 7.113652866865471935e+00
2.399999999999999911e-01 6.088376099058401714e+00
2.560000000000000053e-01 5.171253981492816010e+00
2.720000000000000195e-01 4.322561218219728829e+00
2.880000000000000338e-01 3.526843652246686389e+00
3.039999999999999925e-01 2.789331581953174322e+00
3.200000000000000067e-01 2.098093316290352117e+00
3.360000000000000209e-01 1.425557758013796139e+00
3.519999999999999796e-01 7.766308034016801143e-01
3.679999999999999938e-01 1.894646888828961095e-01
3.840000000000000080e-01 -3.145540460906711133e-01
4.000000000000000222e-01 -7.394667301330555276e-01
4.160000000000000364e-01 -1.089934060431335450e+00
4.319999999999999951e-01 -1.375723137337936608e+00
4.480000000000000093e-01 -1.625112828520832498e+00
4.640000000000000235e-01 -1.869372446521248676e+00
4.799999999999999822e-01 -2.111616390661658293e+00
4.959999999999999964e-01 -2.318964153285108409e+00
5.120000000000000107e-01 -2.456732671794300327e+00
5.280000000000000249e-01 -2.524521802249243940e+00
5.440000000000000391e-01 -2.548516789285971917e+00
5.600000000000000533e-01 -2.551516497711096232e+00
5.760000000000000675e-01 -2.546909643492685671e+00
5.919999999999999707e-01 -2.547247726983508098e+00
6.079999999999999849e-01 -2.547301713628033148e+00
6.239999999999999991e-01 -2.513243281364635706e+00
6.400000000000000133e-01 -2.433401291884907724e+00
6.560000000000000275e-01 -2.361007864599499406e+00
6.720000000000000417e-01 -2.358577684611916414e+00
6.880000000000000560e-01 -2.425143513384139027e+00
7.039999999999999591e-01 -2.520756961164899224e+00
7.199999999999999734e-01 -2.627649469345258115e+00
7.359999999999999876e-01 -2.744120561911538303e+00
7.520000000000000018e-01 -2.851670869219199211e+00
7.680000000000000160e-01 -2.929866387406605988e+00
7.840000000000000302e-01 -2.985039751744177572e+00
8.000000000000000444e-01 -3.035103517153160180e+00
8.160000000000000586e-01 -3.072457920783101315e+00
8.320000000000000728e-01 -3.062966462731741668e+00
8.479999999999999760e-01 -2.984357779570885771e+00
8.639999999999999902e-01 -2.849311359538272193e+00
8.800000000000000044e-01 -2.683845766916333808e+00
8.960000000000000187e-01 -2.500102531461793731e+00
9.120000000000000329e-01 -2.305562944462015373e+00
9.280000000000000471e-01 -2.114344923449861913e+00
9.440000000000000613e-01 -1.920861835082999125e+00
9.599999999999999645e-01 -1.697539989972828289e+00
9.759999999999999787e-01 -1.448352429750160208e+00
9.919999999999999929e-01 -1.219601597973155149e+00
1.008000000000000007e+00 -1.040021075466989631e+00
1.024000000000000021e+00 -8.949553585562849412e-01
1.040000000000000036e+00 -7.641210562901291636e-01
1.056000000000000050e+00 -6.468254185550810220e-01
1.072000000000000064e+00 -5.478759029776024692e-01
1.088000000000000078e+00 -4.687342932028645826e-01
1.104000000000000092e+00 -4.174590299557568995e-01
1.120000000000000107e+00 -4.044679001958529363e-01
1.136000000000000121e+00 -4.200282874895475138e-01
1.152000000000000135e+00 -4.255418604980785169e-01
1.167999999999999927e+00 -3.754043698661436168e-01
1.183999999999999941e+00 -2.499199211707387458e-01
1.199999999999999956e+00 -6.114322743718811348e-02
1.215999999999999970e+00 1.702054883194216994e-01
1.231999999999999984e+00 4.223297656590800919e-01
1.247999999999999998e+00 6.592707721543431543e-01
1.264000000000000012e+00 8.472228181674957836e-01
1.280000000000000027e+00 9.869667464347963159e-01
1.296000000000000041e+00 1.090837736668032187e+00
1.312000000000000055e+00 1.139756431420822835e+00
1.328000000000000069e+00 1.109068878782964118e+00
1.344000000000000083e+00 1.014242368036447850e+00
1.360000000000000098e+00 8.955901824596481653e-01
1.376000000000000112e+00 7.843249097601047160e-01
1.392000000000000126e+00 7.015616719018878955e-01
1.407999999999999918e+00 6.662555713040350103e-01
1.423999999999999932e+00 6.842728204708015127e-01
1.439999999999999947e+00 7.336256197081147956e-01
1.455999999999999961e+00 7.748415135636816942e-01
1.471999999999999975e+00 7.773501264501009311e-01
1.487999999999999989e+00 7.267706556006797713e-01
1.504000000000000004e+00 6.109298059655589030e-01
1.520000000000000018e+00 4.205578163448664974e-01
1.536000000000000032e+00 1.801785138182711576e-01
1.552000000000000046e+00 -4.260429100153554499e-02
1.568000000000000060e+00 -1.895710213996695537e-01
1.584000000000000075e+00 -2.574428727785687543e-01
1.600000000000000089e+00 -2.694524537732866376e-01
1.616000000000000103e+00 -2.362848240508581554e-01
1.632000000000000117e+00 -1.765296899725830038e-01
1.648000000000000131e+00 -1.360319468190414605e-01
1.664000000000000146e+00 -1.466643654563948851e-01
1.679999999999999938e+00 -1.953426376693379318e-01
1.695999999999999952e+00 -2.576762740383793382e-01
1.711999999999999966e+00 -3.323891017922025459e-01
1.727999999999999980e+00 -4.269707893268100407e-01
1.743999999999999995e+00 -5.300074610292221378e-01
1.760000000000000009e+00 -6.174456153143138559e-01
1.776000000000000023e+00 -6.836631879900011421e-01
1.792000000000000037e+00 -7.463449017928989182e-01
1.808000000000000052e+00 -8.184833888509130961e-01
1.824000000000000066e+00 -8.927438570454750977e-01
1.840000000000000080e+00 -9.549488689014857812e-01
1.856000000000000094e+00 -9.968674879471194350e-01
1.872000000000000108e+00 -1.007262148839668692e+00
1.888000000000000123e+00 -9.713743705393363959e-01
1.904000000000000137e+00 -8.952500000685967851e-01
1.919999999999999929e+00 -8.015849594558721591e-01
1.935999999999999943e+00 -6.930084820878513741e-01
1.951999999999999957e+00 -5.612809027173200072e-01
1.967999999999999972e+00 -4.340298176025920718e-01
1.983999999999999986e+00 -3.651730219635359043e-01
2.000000000000000000e+00 -3.765232397677010234e-01
2.016000000000000014e+00 -4.447861753717790578e-01
2.032000000000000028e+00 -5.407799249897156102e-01
2.048000000000000043e+00 -6.517804326000344872e-01
2.064000000000000057e+00 -7.709546646252757318e-01
2.080000000000000071e+00 -8.824522242489998280e-01
2.096000000000000085e+00 -9.583891337816118350e-01
2.112000000000000099e+00 -9.730448247649162719e-01
2.128000000000000114e+00 -9.220092773755006466e-01
2.144000000000000128e+00 -8.256767754450449193e-01
2.160000000000000142e+00 -7.196877108544226243e-01
2.176000000000000156e+00 -6.431310416112115957e-01
2.192000000000000171e+00 -6.176548631349797480e-01
2.208000000000000185e+00 -6.284112086129003405e-01
2.224000000000000199e+00 -6.456290915093921834e-01
2.240000000000000213e+00 -6.632586127787503116e-01
2.256000000000000227e+00 -6.884519002726893211e-01
2.272000000000000242e+00 -7.145727965100132639e-01
2.288000000000000256e+00 -7.392348221062694513e-01
2.304000000000000270e+00 -7.791868809793148776e-01
2.319999999999999840e+00 -8.387577040584952570e-01
2.335999999999999854e+00 -8.901466587991538892e-01
2.351999999999999869e+00 -9.038360066432169493e-01
2.367999999999999883e+00 -8.779685653627941067e-01
2.383999999999999897e+00 -8.244361446299793839e-01
2.399999999999999911e+00 -7.430636381270898649e-01
2.415999999999999925e+00 -6.236071945920904636e-01
2.431999999999999940e+00 -4.695132829016529508e-01
2.447999999999999954e+00 -3.103084920286943160e-01
2.463999999999999968e+00 -1.787642523339577905e-01
2.479999999999999982e+00 -8.180421610946912725e-02
2.495999999999999996e+00 -1.260732813256343864e-02
