0.000000000000000000e+00 4.837077114714571024e+01
1.600000000000000033e-02 4.732913590147000349e+01
3.200000000000000067e-02 4.449677938405579170e+01
4.800000000000000100e-02 4.044867225384603415e+01
6.400000000000000133e-02 3.579321475426616672e+01
8.000000000000000167e-02 3.103646260433983528e+01
9.600000000000000200e-02 2.655274124801002245e+01
1.120000000000000023e-01 2.255086419349753868e+01
1.280000000000000027e-01 1.908341996691487807e+01
1.440000000000000169e-01 1.612467581931674943e+01
1.600000000000000033e-01 1.362583676181215608e+01
1.759999999999999898e-01 1.151440939981916678e+01
1.920000000000000040e-01 9.709951467437537787e+00
2.080000000000000182e-01 8.161360852044541758e+00
2.240000000000000047e-01 6.841079871963715142e+00
2.399999999999999911e-01 5.709610547613809040e+00
2.560000000000000053e-01 4.715393634971306369e+00
2.720000000000000195e-01 3.829640333627014392e+00
2.880000000000000338e-01 3.056449290088139481e+00
3.039999999999999925e-01 2.399539950062304694e+00
3.200000000000000067e-01 1.834602102466016404e+00
3.360000000000000209e-01 1.319663391603130398e+00
3.519999999999999796e-01 8.220074888623541964e-01
3.679999999999999938e-01 3.309692449710500695e-01
3.840000000000000080e-01 -1.484633773696536485e-01
4.000000000000000222e-01 -6.043874014688762619e-01
4.160000000000000364e-01 -1.019741912110231796e+00
4.319999999999999951e-01 -1.374226383995214906e+00
4.480000000000000093e-01 -1.654372169008752058e+00
4.640000000000000235e-01 -1.870504829435623906e+00
4.799999999999999822e-01 -2.065351838600647749e+00
4.959999999999999964e-01 -2.292213781973912567e+00
5.120000000000000107e-01 -2.563210521326574565e+00
5.280000000000000249e-01 -2.823338112190383775e+00
5.440000000000000391e-01 -2.999363969496211979e+00
5.600000000000000533e-01 -3.067044725380315473e+00
5.760000000000000675e-01 -3.056161066000718129e+00
5.919999999999999707e-01 -3.011899193018722443e+00
6.079999999999999849e-01 -2.966843448360224400e+00
6.239999999999999991e-01 -2.929204690023996971e+00
6.400000000000000133e-01 -2.884129090727767686e+00
6.560000000000000275e-01 -2.824936391404959668e+00
6.720000000000000417e-01 -2.781664259752407276e+00
6.880000000000000560e-01 -2.784337602725471594e+00
7.039999999999999591e-01 -2.809487045089634982e+00
7.199999999999999734e-01 -2.807280666766676980e+00
7.359999999999999876e-01 -2.767600323584628708e+00
7.520000000000000018e-01 -2.718774198771312545e+00
7.680000000000000160e-01 -2.674234821003680818e+00
7.840000000000000302e-01 -2.619935717472710479e+00
8.000000000000000444e-01 -2.545631167573222164e+00
8.160000000000000586e-01 -2.452440225456731238e+00
8.320000000000000728e-01 -2.345028498287311081e+00
8.479999999999999760e-01 -2.246273718052788748e+00
8.639999999999999902e-01 -2.188745033307935905e+00
8.800000000000000044e-01 -2.165148843551279789e+00
8.960000000000000187e-01 -2.124760656898610822e+00
9.120000000000000329e-01 -2.038599105416128321e+00
9.280000000000000471e-01 -1.929619670680247534e+00
9.440000000000000613e-01 -1.828861313461624061e+00
9.599999999999999645e-01 -1.744113879857638771e+00
9.759999999999999787e-01 -1.678904618760815426e+00
9.919999999999999929e-01 -1.642367740130482812e+00
1.008000000000000007e+00 -1.631079003570427677e+00
1.024000000000000021e+00 -1.627419359613945238e+00
1.040000000000000036e+00 -1.616468452146219370e+00
1.056000000000000050e+00 -1.585644872257162774e+00
1.072000000000000064e+00 -1.519066909140016408e+00
1.088000000000000078e+00 -1.411671956757917901e+00
1.104000000000000092e+00 -1.275350132836271966e+00
1.120000000000000107e+00 -1.116808071606953945e+00
1.136000000000000121e+00 -9.229608054861013766e-01
1.152000000000000135e+00 -6.852075230030781894e-01
1.167999999999999927e+00 -4.350933632098726855e-01
1.183999999999999941e+00 -2.353041518018395561e-01
1.199999999999999956e+00 -1.239399716858442663e-01
1.215999999999999970e+00 -7.646326363161405626e-02
1.231999999999999984e+00 -3.215446051257798976e-02
1.247999999999999998e+00 4.146350227623733786e-02
1.264000000000000012e+00 1.234746945423056269e-01
1.280000000000000027e+00 1.840469922744928932e-01
1.296000000000000041e+00 2.272890364593767587e-01
1.312000000000000055e+00 2.754068162930314312e-01
1.328000000000000069e+00 3.313364602687417504e-01
1.344000000000000083e+00 3.739692350582431990e-01
1.360000000000000098e+00 3.919824289188758026e-01
1.376000000000000112e+00 4.089956032720347134e-01
1.392000000000000126e+00 4.573615488051308575e-01
1.407999999999999918e+00 5.353671184956397822e-01
1.423999999999999932e+00 6.088005900291340033e-01
1.439999999999999947e+00 6.470331737770421698e-01
1.455999999999999961e+00 6.383055017381885632e-01
1.471999999999999975e+00 5.836444936333349265e-01
1.487999999999999989e+00 5.042109792897061515e-01
1.504000000000000004e+00 4.353880128710796438e-01
1.520000000000000018e+00 3.854738799019593043e-01
1.536000000000000032e+00 3.255333229264273931e-01
1.552000000000000046e+00 2.404651503781729815e-01
1.568000000000000060e+00 1.536720515055903791e-01
1.584000000000000075e+00 7.850678311063163939e-02
1.600000000000000089e+00 -7.796447267148319711e-03
1.616000000000000103e+00 -1.119095411876250140e-01
1.632000000000000117e+00 -1.936992297781374994e-01
1.648000000000000131e+00 -2.147879347849699083e-01
1.664000000000000146e+00 -1.812503818963291657e-01
1.679999999999999938e+00 -1.245295898782919769e-01
1.695999999999999952e+00 -7.296649534340865495e-02
1.711999999999999966e+00 -4.988188589295774328e-02
1.727999999999999980e+00 -6.444901338301811666e-02
1.743999999999999995e+00 -1.026535078508224869e-01
1.760000000000000009e+00 -1.581810810625763342e-01
1.776000000000000023e+00 -2.512429569958612441e-01
1.792000000000000037e+00 -3.852569985549457177e-01
1.808000000000000052e+00 -5.167946826375857672e-01
1.824000000000000066e+00 -6.012534020149561398e-01
1.840000000000000080e+00 -6.456813804771395215e-01
1.856000000000000094e+00 -6.893654010838790036e-01
1.872000000000000108e+00 -7.513454373163979128e-01
1.888000000000000123e+00 -8.209035816819779674e-01
1.904000000000000137e+00 -8.802122192109865795e-01
1.919999999999999929e+00 -9.164286094487473777e-01
1.935999999999999943e+00 -9.228982621953492060e-01
1.951999999999999957e+00 -8.987141919765312403e-01
1.967999999999999972e+00 -8.460415640156861983e-01
1.983999999999999986e+00 -7.703075946185031775e-01
2.000000000000000000e+00 -6.902078433227603060e-01
2.016000000000000014e+00 -6.421628105134045139e-01
2.032000000000000028e+00 -6.547424400328182292e-01
2.048000000000000043e+00 -7.168104712578822202e-01
2.064000000000000057e+00 -7.862839505687702069e-01
2.080000000000000071e+00 -8.305556879159144978e-01
2.096000000000000085e+00 -8.508739621947619680e-01
2.112000000000000099e+00 -8.687833944887030091e-01
2.128000000000000114e+00 -8.983966308490287656e-01
2.144000000000000128e+00 -9.396199114615936265e-01
2.160000000000000142e+00 -9.878830585435356415e-01
2.176000000000000156e+00 -1.037983181602428751e+00
2.192000000000000171e+00 -1.087846663670813285e+00
2.208000000000000185e+00 -1.144278270883707149e+00
2.224000000000000199e+00 -1.211475311013666234e+00
2.240000000000000213e+00 -1.277140565643454906e+00
2.256000000000000227e+00 -1.332530897151531279e+00
2.272000000000000242e+00 -1.394279211866155110e+00
2.288000000000000256e+00 -1.472491691237761469e+00
2.304000000000000270e+00 -1.533949428740120080e+00
2.319999999999999840e+00 -1.532589079942622057e+00
2.335999999999999854e+00 -1.455736159392821083e+00
2.351999999999999869e+00 -1.314110212602156214e+00
2.367999999999999883e+00 -1.122729903381628036e+00
2.383999999999999897e+00 -9.200293237109726796e-01
2.399999999999999911e+00 -7.573629618055416346e-01
2.415999999999999925e+00 -6.391023881291654218e-01
2.431999999999999940e+00 -5.227274956026932706e-01
2.447999999999999954e+00 -3.906304679831255067e-01
2.463999999999999968e+00 -2.647694534382927234e-01
2.479999999999999982e+00 -1.504856467029795364e-01
2.495999999999999996e+00 -3.038963627265778289e-02
