0.000000000000000000e+00 3.990338080714371216e+01
1.600000000000000033e-02 3.910692342029451396e+01
3.200000000000000067e-02 3.691358563351455047e+01
4.800000000000000100e-02 3.374814068264956290e+01
6.400000000000000133e-02 3.010117544438917392e+01
8.000000000000000167e-02 2.637424546265139469e+01
9.600000000000000200e-02 2.282921946804831137e+01
1.120000000000000023e-01 1.960881310720393955e+01
1.280000000000000027e-01 1.676904011351263080e+01
1.440000000000000169e-01 1.430736180681076597e+01
1.600000000000000033e-01 1.219557027530725435e+01
1.759999999999999898e-01 1.040714765090441496e+01
1.920000000000000040e-01 8.918851145386854640e+00
2.080000000000000182e-01 7.694718965208684480e+00
2.240000000000000047e-01 6.683091055586332985e+00
2.399999999999999911e-01 5.834460315691604393e+00
2.560000000000000053e-01 5.114395230617665433e+00
2.720000000000000195e-01 4.494203069471357281e+00
2.880000000000000338e-01 3.937910024135445664e+00
3.039999999999999925e-01 3.409437435925724902e+00
3.200000000000000067e-01 2.890575263477504819e+00
3.360000000000000209e-01 2.382578626366946839e+00
3.519999999999999796e-01 1.890200345968634066e+00
3.679999999999999938e-01 1.413820779707472219e+00
3.840000000000000080e-01 9.589846822475681654e-01
4.000000000000000222e-01 5.402000231087551452e-01
4.160000000000000364e-01 1.628494390567900574e-01
4.319999999999999951e-01 -1.936228530533093406e-01
4.480000000000000093e-01 -5.595937506342992807e-01
4.640000000000000235e-01 -9.375718147365404986e-01
4.799999999999999822e-01 -1.289340514000211879e+00
4.959999999999999964e-01 -1.567446261024420640e+00
5.120000000000000107e-01 -1.755271998326434657e+00
5.280000000000000249e-01 -1.871310470601297959e+00
5.440000000000000391e-01 -1.940777619861629777e+00
5.600000000000000533e-01 -1.974593772339015452e+00
5.760000000000000675e-01 -1.976334937782729728e+00
5.919999999999999707e-01 -1.957433021856572974e+00
6.079999999999999849e-01 -1.936626252034047591e+00
6.239999999999999991e-01 -1.928067332205094964e+00
6.400000000000000133e-01 -1.935873531986408214e+00
6.560000000000000275e-01 -1.956700726755948860e+00
6.720000000000000417e-01 -1.979959092974501678e+00
6.880000000000000560e-01 -1.987331979994825915e+00
7.039999999999999591e-01 -1.962900408029034205e+00
7.199999999999999734e-01 -1.909267745649960046e+00
7.359999999999999876e-01 -1.848274047666990327e+00
7.520000000000000018e-01 -1.800564965814315244e+00
7.680000000000000160e-01 -1.768266566918839544e+00
7.840000000000000302e-01 -1.742141256149504658e+00
8.000000000000000444e-01 -1.719022658138928072e+00
8.160000000000000586e-01 -1.700728739694177039e+00
8.320000000000000728e-01 -1.676854286327039256e+00
8.479999999999999760e-01 -1.623379966601678159e+00
8.639999999999999902e-01 -1.527770001947336365e+00
8.800000000000000044e-01 -1.407990554368182989e+00
8.960000000000000187e-01 -1.295052656155360582e+00
9.120000000000000329e-01 -1.198149168943759557e+00
9.280000000000000471e-01 -1.096991060314990829e+00
9.440000000000000613e-01 -9.691017264191740255e-01
9.599999999999999645e-01 -8.138557363455122262e-01
9.759999999999999787e-01 -6.451624392594923485e-01
9.919999999999999929e-01 -4.712564874837618101e-01
1.008000000000000007e+00 -2.924120291911723180e-01
1.024000000000000021e+00 -1.128319267500642875e-01
1.040000000000000036e+00 5.908721904229950056e-02
1.056000000000000050e+00 2.237808061924731751e-01
1.072000000000000064e+00 3.918636801851220208e-01
1.088000000000000078e+00 5.661282926783282043e-01
1.104000000000000092e+00 7.299688054223544276e-01
1.120000000000000107e+00 8.614030529935801095e-01
1.136000000000000121e+00 9.536612649175730816e-01
1.152000000000000135e+00 1.014288815904544228e+00
1.167999999999999927e+00 1.049247820257045438e+00
1.183999999999999941e+00 1.060326585989064485e+00
1.199999999999999956e+00 1.057849115284210439e+00
1.215999999999999970e+00 1.060777989361404217e+00
1.231999999999999984e+00 1.075476090081392444e+00
1.247999999999999998e+00 1.084529498374810386e+00
1.264000000000000012e+00 1.070105456983857728e+00
1.280000000000000027e+00 1.045126127380798575e+00
1.296000000000000041e+00 1.046955671956496747e+00
1.312000000000000055e+00 1.096411360194039952e+00
1.328000000000000069e+00 1.173598160977203930e+00
1.344000000000000083e+00 1.240400731992253647e+00
1.360000000000000098e+00 1.277748858330601811e+00
1.376000000000000112e+00 1.291062697765850142e+00
1.392000000000000126e+00 1.285879917443891296e+00
1.407999999999999918e+00 1.253976422813378511e+00
1.423999999999999932e+00 1.187361909773402058e+00
1.439999999999999947e+00 1.095371600501625187e+00
1.455999999999999961e+00 1.001458334753433821e+00
1.471999999999999975e+00 9.300224382973232284e-01
1.487999999999999989e+00 9.020248298480044724e-01
1.504000000000000004e+00 9.333141349194753467e-01
1.520000000000000018e+00 1.021421546015844006e+00
1.536000000000000032e+00 1.133846691504643012e+00
1.552000000000000046e+00 1.225094039097780696e+00
1.568000000000000060e+00 1.275200173278263627e+00
1.584000000000000075e+00 1.304213411873144990e+00
1.600000000000000089e+00 1.339191736761890850e+00
1.616000000000000103e+00 1.372261209815303973e+00
1.632000000000000117e+00 1.363897886064285636e+00
1.648000000000000131e+00 1.287772902250463369e+00
1.664000000000000146e+00 1.159865815387878030e+00
1.679999999999999938e+00 1.018807339876629081e+00
1.695999999999999952e+00 8.899477993927170649e-01
1.711999999999999966e+00 7.796219581053300818e-01
1.727999999999999980e+00 6.946485464931740905e-01
1.743999999999999995e+00 6.463042483372080094e-01
1.760000000000000009e+00 6.295044677397195754e-01
1.776000000000000023e+00 6.135423900988734580e-01
1.792000000000000037e+00 5.675561555794593760e-01
1.808000000000000052e+00 4.915281616823822253e-01
1.824000000000000066e+00 4.123093812356003474e-01
1.840000000000000080e+00 3.510773912347418535e-01
1.856000000000000094e+00 3.038908905094687696e-01
1.872000000000000108e+00 2.525679648223709828e-01
1.888000000000000123e+00 1.824626377076634387e-01
1.904000000000000137e+00 8.724625156308860041e-02
1.919999999999999929e+00 -2.872660248374957551e-02
1.935999999999999943e+00 -1.409691280032402683e-01
1.951999999999999957e+00 -2.082319758956492906e-01
1.967999999999999972e+00 -2.052900113093593104e-01
1.983999999999999986e+00 -1.552143137157424579e-01
2.000000000000000000e+00 -1.131872766153559501e-01
2.016000000000000014e+00 -1.083578156605515264e-01
2.032000000000000028e+00 -1.105044867123202296e-01
2.048000000000000043e+00 -6.452391981029551027e-02
2.064000000000000057e+00 4.833760734546792975e-02
2.080000000000000071e+00 1.954083400490518874e-01
2.096000000000000085e+00 3.338241852873118920e-01
2.112000000000000099e+00 4.491856137517992731e-01
2.128000000000000114e+00 5.482190295536218949e-01
2.144000000000000128e+00 6.295870117738026073e-01
2.160000000000000142e+00 6.784714990306334181e-01
2.176000000000000156e+00 6.863094717627460373e-01
2.192000000000000171e+00 6.616848807499402518e-01
2.208000000000000185e+00 6.196436264533693450e-01
2.224000000000000199e+00 5.711503103062712805e-01
2.240000000000000213e+00 5.273103463305623961e-01
2.256000000000000227e+00 5.035075649269390441e-01
2.272000000000000242e+00 5.091375268122221298e-01
2.288000000000000256e+00 5.361534858195022846e-01
2.304000000000000270e+00 5.652243568289323505e-01
2.319999999999999840e+00 5.816154738793311019e-01
2.335999999999999854e+00 5.787955029623463865e-01
2.351999999999999869e+00 5.498386299822183299e-01
2.367999999999999883e+00 4.873114541837457181e-01
2.383999999999999897e+00 3.959148409284518055e-01
2.399999999999999911e+00 2.960543483553448318e-01
2.415999999999999925e+00 2.069299947552256103e-01
2.431999999999999940e+00 1.311651884383660815e-01
2.447999999999999954e+00 6.410664847253323695e-02
2.463999999999999968e+00 1.290957941564279017e-02
2.479999999999999982e+00 -7.859671396110153724e-03
2.495999999999999996e+00 -2.255211629096814593e-03
