0.000000000000000000e+00 4.052580175490771097e+01
1.600000000000000033e-02 3.968938173668488645e+01
3.200000000000000067e-02 3.736532755418944873e+01
4.800000000000000100e-02 3.400561233821208162e+01
6.400000000000000133e-02 3.014588342569731694e+01
8.000000000000000167e-02 2.623462591995632565e+01
9.600000000000000200e-02 2.256239743642023754e+01
1.120000000000000023e-01 1.927547724524639605e+01
1.280000000000000027e-01 1.641587396416140976e+01
1.440000000000000169e-01 1.395988452663702795e+01
1.600000000000000033e-01 1.185675909760729319e+01
1.759999999999999898e-01 1.005959207073795447e+01
1.920000000000000040e-01 8.534740428035503257e+00
2.080000000000000182e-01 7.253178275006789910e+00
2.240000000000000047e-01 6.179989098570440653e+00
2.399999999999999911e-01 5.274374081015079874e+00
2.560000000000000053e-01 4.499585304476314107e+00
2.720000000000000195e-01 3.830271942820862030e+00
2.880000000000000338e-01 3.246105600824468418e+00
3.039999999999999925e-01 2.719240372148882923e+00
3.200000000000000067e-01 2.216099926593794844e+00
3.360000000000000209e-01 1.714188507623487734e+00
3.519999999999999796e-01 1.210618957267177720e+00
3.679999999999999938e-01 7.139405289271160138e-01
3.840000000000000080e-01 2.360727630204086380e-01
4.000000000000000222e-01 -2.054836540085344110e-01
4.160000000000000364e-01 -5.853846712332687607e-01
4.319999999999999951e-01 -8.814523953840028847e-01
4.480000000000000093e-01 -1.095325902917551053e+00
4.640000000000000235e-01 -1.260702329049564030e+00
4.799999999999999822e-01 -1.422162237933241702e+00
4.959999999999999964e-01 -1.598605060212090034e+00
5.120000000000000107e-01 -1.769179290190260101e+00
5.280000000000000249e-01 -1.899337304325414255e+00
5.440000000000000391e-01 -1.978395897779116064e+00
5.600000000000000533e-01 -2.029527448850461102e+00
5.760000000000000675e-01 -2.087928254604787259e+00
5.919999999999999707e-01 -2.173228953674486874e+00
6.079999999999999849e-01 -2.281432134822824587e+00
6.239999999999999991e-01 -2.398932951983568707e+00
6.400000000000000133e-01 -2.518313118756533520e+00
6.560000000000000275e-01 -2.638079055992888389e+00
6.720000000000000417e-01 -2.752917767754873957e+00
6.880000000000000560e-01 -2.851851710768938730e+00
7.039999999999999591e-01 -2.925078335489244452e+00
7.199999999999999734e-01 -2.967235751931350585e+00
7.359999999999999876e-01 -2.975656301172459717e+00
7.520000000000000018e-01 -2.950119558288033517e+00
7.680000000000000160e-01 -2.891608316394044920e+00
7.840000000000000302e-01 -2.797938606645988813e+00
8.000000000000000444e-01 -2.665340231472752563e+00
8.160000000000000586e-01 -2.499418318395562277e+00
8.320000000000000728e-01 -2.322100258002183448e+00
8.479999999999999760e-01 -2.162177771769199897e+00
8.639999999999999902e-01 -2.035719763100896085e+00
8.800000000000000044e-01 -1.934587516346207847e+00
8.960000000000000187e-01 -1.834802171536364490e+00
9.120000000000000329e-01 -1.718099333914162807e+00
9.280000000000000471e-01 -1.585983452403162186e+00
9.440000000000000613e-01 -1.454705103108236974e+00
9.599999999999999645e-01 -1.341967322929066730e+00
9.759999999999999787e-01 -1.258260010086341474e+00
9.919999999999999929e-01 -1.201509369084388323e+00
1.008000000000000007e+00 -1.155115313335379312e+00
1.024000000000000021e+00 -1.097855285698490002e+00
1.040000000000000036e+00 -1.021418007044138543e+00
1.056000000000000050e+00 -9.349370972370953936e-01
1.072000000000000064e+00 -8.498865500463027578e-01
1.088000000000000078e+00 -7.652097140496623151e-01
1.104000000000000092e+00 -6.710351646405380288e-01
1.120000000000000107e+00 -5.656487152852055500e-01
1.136000000000000121e+00 -4.651510722730972658e-01
1.152000000000000135e+00 -3.912096146549548514e-01
1.167999999999999927e+00 -3.479923837400999975e-01
1.183999999999999941e+00 -3.175211934636008038e-01
1.199999999999999956e+00 -2.806288202630152218e-01
1.215999999999999970e+00 -2.345370477929964725e-01
1.231999999999999984e+00 -1.835435153517281648e-01
1.247999999999999998e+00 -1.194325676689928922e-01
1.264000000000000012e+00 -2.171860628505048463e-02
1.280000000000000027e+00 1.227606361575146604e-01
1.296000000000000041e+00 3.061674732604166560e-01
1.312000000000000055e+00 5.059347186356752957e-01
1.328000000000000069e+00 7.009682498851059762e-01
1.344000000000000083e+00 8.776264930738818526e-01
1.360000000000000098e+00 1.020999035605296257e+00
1.376000000000000112e+00 1.111439433690971867e+00
1.392000000000000126e+00 1.137984236122436821e+00
1.407999999999999918e+00 1.109204963987757475e+00
1.423999999999999932e+00 1.043924702721359177e+00
1.439999999999999947e+00 9.572841838436645379e-01
1.455999999999999961e+00 8.642464488963905733e-01
1.471999999999999975e+00 7.902332225018446898e-01
1.487999999999999989e+00 7.626246314347887578e-01
1.504000000000000004e+00 7.857721580114789273e-01
1.520000000000000018e+00 8.294324898400747825e-01
1.536000000000000032e+00 8.484559189289553327e-01
1.552000000000000046e+00 8.184231755333415403e-01
1.568000000000000060e+00 7.521301404326742324e-01
1.584000000000000075e+00 6.808393616993450026e-01
1.600000000000000089e+00 6.248893817883897084e-01
1.616000000000000103e+00 5.854559305557369697e-01
1.632000000000000117e+00 5.566771526046728757e-01
1.648000000000000131e+00 5.361172501811932722e-01
1.664000000000000146e+00 5.240701782861236779e-01
1.679999999999999938e+00 5.191244604333993262e-01
1.695999999999999952e+00 5.154828702019236264e-01
1.711999999999999966e+00 5.018752436671332084e-01
1.727999999999999980e+00 4.634676539514617777e-01
1.743999999999999995e+00 3.859394639119058668e-01
1.760000000000000009e+00 2.602114340910541834e-01
1.776000000000000023e+00 9.131056958789318667e-02
1.792000000000000037e+00 -9.204986881806390131e-02
1.808000000000000052e+00 -2.420925751658625780e-01
1.824000000000000066e+00 -3.161333435426448291e-01
1.840000000000000080e+00 -3.034899578869660886e-01
1.856000000000000094e+00 -2.324563311981981406e-01
1.872000000000000108e+00 -1.513014030096081486e-01
1.888000000000000123e+00 -9.838645808326058895e-02
1.904000000000000137e+00 -8.460671719178418371e-02
1.919999999999999929e+00 -9.976789712634440144e-02
1.935999999999999943e+00 -1.303813962790479897e-01
1.951999999999999957e+00 -1.681711269448855905e-01
1.967999999999999972e+00 -2.085777726149773970e-01
1.983999999999999986e+00 -2.519384474157784770e-01
2.000000000000000000e+00 -3.065158443618020701e-01
2.016000000000000014e+00 -3.829868182526721121e-01
2.032000000000000028e+00 -4.827121343361155392e-01
2.048000000000000043e+00 -5.927905522497778357e-01
2.064000000000000057e+00 -6.929190473501773972e-01
2.080000000000000071e+00 -7.673971287054308643e-01
2.096000000000000085e+00 -8.128526297662834743e-01
2.112000000000000099e+00 -8.356655054957845552e-01
2.128000000000000114e+00 -8.421719074620994672e-01
2.144000000000000128e+00 -8.327415694004622893e-01
2.160000000000000142e+00 -8.047239500319190997e-01
2.176000000000000156e+00 -7.578247062179913618e-01
2.192000000000000171e+00 -6.949218683560685061e-01
2.208000000000000185e+00 -6.176145452500014787e-01
2.224000000000000199e+00 -5.215428953873538775e-01
2.240000000000000213e+00 -4.002108571911864865e-01
2.256000000000000227e+00 -2.590789256270878416e-01
2.272000000000000242e+00 -1.243754888873060543e-01
2.288000000000000256e+00 -3.083128102611205901e-02
2.304000000000000270e+00 1.028582613520761401e-04
2.319999999999999840e+00 -3.277143879738494275e-02
2.335999999999999854e+00 -1.179084198641320164e-01
2.351999999999999869e+00 -2.348909648835172392e-01
2.367999999999999883e+00 -3.520968398350749484e-01
2.383999999999999897e+00 -4.316042545687360232e-01
2.399999999999999911e+00 -4.468034890039018769e-01
2.415999999999999925e+00 -3.994513486745019937e-01
2.431999999999999940e+00 -3.170760463825992859e-01
2.447999999999999954e+00 -2.293712501139317239e-01
2.463999999999999968e+00 -1.477309777561196247e-01
2.479999999999999982e+00 -7.171074627961727954e-02
2.495999999999999996e+00 -1.053874555707867353e-02
