0.000000000000000000e+00 4.878539323330244315e+01
1.600000000000000033e-02 4.773928361788449592e+01
3.200000000000000067e-02 4.487180636212081453e+01
4.800000000000000100e-02 4.076237497501647056e+01
6.400000000000000133e-02 3.605447448065390859e+01
8.000000000000000167e-02 3.127556239645828740e+01
9.600000000000000200e-02 2.678099647775290748e+01
1.120000000000000023e-01 2.275603048920295990e+01
1.280000000000000027e-01 1.925170019731573490e+01
1.440000000000000169e-01 1.624219103976706791e+01
1.600000000000000033e-01 1.367711039503285342e+01
1.759999999999999898e-01 1.151308642348767108e+01
1.920000000000000040e-01 9.720894178562243582e+00
2.080000000000000182e-01 8.268921155754973995e+00
2.240000000000000047e-01 7.097886546498970439e+00
2.399999999999999911e-01 6.118034474088038799e+00
2.560000000000000053e-01 5.242925992461712426e+00
2.720000000000000195e-01 4.425496901772746128e+00
2.880000000000000338e-01 3.657264499834617322e+00
3.039999999999999925e-01 2.943419805630917985e+00
3.200000000000000067e-01 2.285948024620914953e+00
3.360000000000000209e-01 1.680461887972278801e+00
3.519999999999999796e-01 1.120069858180829492e+00
3.679999999999999938e-01 5.991897397803671588e-01
3.840000000000000080e-01 1.128554001295113546e-01
4.000000000000000222e-01 -3.379588695113064922e-01
4.160000000000000364e-01 -7.334267160800898022e-01
4.319999999999999951e-01 -1.040800226528814765e+00
4.480000000000000093e-01 -1.246629326091278855e+00
4.640000000000000235e-01 -1.378197041482522200e+00
4.799999999999999822e-01 -1.487901928362961534e+00
4.959999999999999964e-01 -1.621950964806299522e+00
5.120000000000000107e-01 -1.802474900480575792e+00
5.280000000000000249e-01 -2.023453895594766294e+00
5.440000000000000391e-01 -2.251043338158476903e+00
5.600000000000000533e-01 -2.433949854985025585e+00
5.760000000000000675e-01 -2.533708260350726604e+00
5.919999999999999707e-01 -2.559593805940347355e+00
6.079999999999999849e-01 -2.567749558659800257e+00
6.239999999999999991e-01 -2.612168243471710394e+00
6.400000000000000133e-01 -2.696831976454490132e+00
6.560000000000000275e-01 -2.780980974152353014e+00
6.720000000000000417e-01 -2.824820455786031914e+00
6.880000000000000560e-01 -2.824005241568687374e+00
7.039999999999999591e-01 -2.804549362576675087e+00
7.199999999999999734e-01 -2.791976430507566054e+00
7.359999999999999876e-01 -2.791213924737516727e+00
7.520000000000000018e-01 -2.796400072204194398e+00
7.680000000000000160e-01 -2.807926937155306391e+00
7.840000000000000302e-01 -2.827198206933852820e+00
8.000000000000000444e-01 -2.839396972646284656e+00
8.160000000000000586e-01 -2.817573909479011540e+00
8.320000000000000728e-01 -2.750737892767386672e+00
8.479999999999999760e-01 -2.657750430106611716e+00
8.639999999999999902e-01 -2.562501485207894447e+00
8.800000000000000044e-01 -2.461820307151714626e+00
8.960000000000000187e-01 -2.329971384286843694e+00
9.120000000000000329e-01 -2.152974736200635952e+00
9.280000000000000471e-01 -1.950969733858486599e+00
9.440000000000000613e-01 -1.767215793346188724e+00
9.599999999999999645e-01 -1.637543982184232361e+00
9.759999999999999787e-01 -1.566672698208291026e+00
9.919999999999999929e-01 -1.527897212783467351e+00
1.008000000000000007e+00 -1.484141080185195749e+00
1.024000000000000021e+00 -1.413471753086565252e+00
1.040000000000000036e+00 -1.319794138698259012e+00
1.056000000000000050e+00 -1.220971190753210145e+00
1.072000000000000064e+00 -1.124763376234333423e+00
1.088000000000000078e+00 -1.015336518286092948e+00
1.104000000000000092e+00 -8.652498906282094504e-01
1.120000000000000107e+00 -6.617344844626064093e-01
1.136000000000000121e+00 -4.201098313964972686e-01
1.152000000000000135e+00 -1.714715608660636326e-01
1.167999999999999927e+00 6.010823888747554578e-02
1.183999999999999941e+00 2.658242775985572570e-01
1.199999999999999956e+00 4.411677005602734347e-01
1.215999999999999970e+00 5.766362878618771504e-01
1.231999999999999984e+00 6.669159748769617480e-01
1.247999999999999998e+00 7.266134722867172435e-01
1.264000000000000012e+00 7.866541670230756678e-01
1.280000000000000027e+00 8.669214326002675497e-01
1.296000000000000041e+00 9.558806908566208627e-01
1.312000000000000055e+00 1.027340407315679105e+00
1.328000000000000069e+00 1.073679624143448530e+00
1.344000000000000083e+00 1.107266857929278370e+00
1.360000000000000098e+00 1.130450582454512798e+00
1.376000000000000112e+00 1.122811251287580747e+00
1.392000000000000126e+00 1.067882148582493640e+00
1.407999999999999918e+00 9.859403407574507394e-01
1.423999999999999932e+00 9.275224042114809109e-01
1.439999999999999947e+00 9.275495049656092839e-01
1.455999999999999961e+00 9.704037640583046409e-01
1.471999999999999975e+00 1.004906963666943875e+00
1.487999999999999989e+00 9.905486561986294181e-01
1.504000000000000004e+00 9.258515769500811343e-01
1.520000000000000018e+00 8.327570943357077704e-01
1.536000000000000032e+00 7.223362410883743534e-01
1.552000000000000046e+00 5.907931091163661774e-01
1.568000000000000060e+00 4.496164669503528999e-01
1.584000000000000075e+00 3.409435197723857947e-01
1.600000000000000089e+00 3.100508249769601266e-01
1.616000000000000103e+00 3.642136918689851677e-01
1.632000000000000117e+00 4.631115281112401227e-01
1.648000000000000131e+00 5.509354850235335110e-01
1.664000000000000146e+00 5.946632918003672552e-01
1.679999999999999938e+00 5.920585161144873432e-01
1.695999999999999952e+00 5.567049929314263901e-01
1.711999999999999966e+00 5.046073538354536314e-01
1.727999999999999980e+00 4.463003541781889183e-01
1.743999999999999995e+00 3.819481694816351247e-01
1.760000000000000009e+00 3.025719004886897601e-01
1.776000000000000023e+00 1.981967055391712362e-01
1.792000000000000037e+00 6.890661338473824671e-02
1.808000000000000052e+00 -7.348409735606274695e-02
1.824000000000000066e+00 -2.191957945245114336e-01
1.840000000000000080e+00 -3.697962833669444782e-01
1.856000000000000094e+00 -5.266374221708345349e-01
1.872000000000000108e+00 -6.761836457076457751e-01
1.888000000000000123e+00 -7.951632453742004669e-01
1.904000000000000137e+00 -8.713398856422243099e-01
1.919999999999999929e+00 -9.167067802668381615e-01
1.935999999999999943e+00 -9.551812691674181899e-01
1.951999999999999957e+00 -9.953509644128138989e-01
1.967999999999999972e+00 -1.021081398437972076e+00
1.983999999999999986e+00 -1.011656067075684007e+00
2.000000000000000000e+00 -9.653172018309070790e-01
2.016000000000000014e+00 -8.983685330819486392e-01
2.032000000000000028e+00 -8.237781789851380543e-01
2.048000000000000043e+00 -7.389536429407733698e-01
2.064000000000000057e+00 -6.396884506894257028e-01
2.080000000000000071e+00 -5.372379455395893677e-01
2.096000000000000085e+00 -4.491223893282628721e-01
2.112000000000000099e+00 -3.782080391783667062e-01
2.128000000000000114e+00 -3.158824184020027626e-01
2.144000000000000128e+00 -2.641255820305397073e-01
2.160000000000000142e+00 -2.382568760849408940e-01
2.176000000000000156e+00 -2.459322594296928510e-01
2.192000000000000171e+00 -2.772949573204605000e-01
2.208000000000000185e+00 -3.182266713808576397e-01
2.224000000000000199e+00 -3.631864387372708003e-01
2.240000000000000213e+00 -4.130563506884202263e-01
2.256000000000000227e+00 -4.638593018248629019e-01
2.272000000000000242e+00 -4.986445466017570549e-01
2.288000000000000256e+00 -4.969926048195245083e-01
2.304000000000000270e+00 -4.585415246246200560e-01
2.319999999999999840e+00 -4.101283010678957175e-01
2.335999999999999854e+00 -3.819819894761657952e-01
2.351999999999999869e+00 -3.794729253732245233e-01
2.367999999999999883e+00 -3.806116729143033672e-01
2.383999999999999897e+00 -3.587134850415668597e-01
2.399999999999999911e+00 -3.048493941753526726e-01
2.415999999999999925e+00 -2.277998846095419527e-01
2.431999999999999940e+00 -1.396965529369935677e-01
2.447999999999999954e+00 -5.229300319048089951e-02
2.463999999999999968e+00 1.609014452923729008e-02
2.479999999999999982e+00 4.296970163895999506e-02
2.495999999999999996e+00 1.527288996799976498e-02
