0.000000000000000000e+00 3.978646481745526131e+01
1.600000000000000033e-02 3.894498467038479106e+01
3.200000000000000067e-02 3.664010852606558188e+01
4.800000000000000100e-02 3.331327016465034063e+01
6.400000000000000133e-02 2.947901622327787408e+01
8.000000000000000167e-02 2.555955434841005314e+01
9.600000000000000200e-02 2.182174745167984042e+01
1.120000000000000023e-01 1.840157110778713445e+01
1.280000000000000027e-01 1.535873926208196494e+01
1.440000000000000169e-01 1.272008861103180521e+01
1.600000000000000033e-01 1.049877478786775242e+01
1.759999999999999898e-01 8.690213238085606307e+00
1.920000000000000040e-01 7.254914025885266682e+00
2.080000000000000182e-01 6.111854197941088529e+00
2.240000000000000047e-01 5.163016774783671714e+00
2.399999999999999911e-01 4.335047967106222089e+00
2.560000000000000053e-01 3.595819343685259017e+00
2.720000000000000195e-01 2.930524621169739774e+00
2.880000000000000338e-01 2.314490603652154199e+00
3.039999999999999925e-01 1.719674590713951012e+00
3.200000000000000067e-01 1.137596638975704844e+00
3.360000000000000209e-01 5.789981023546634242e-01
3.519999999999999796e-01 5.242945861375981204e-02
3.679999999999999938e-01 -4.428575506411168150e-01
3.840000000000000080e-01 -9.017561280025602199e-01
4.000000000000000222e-01 -1.304869008619307102e+00
4.160000000000000364e-01 -1.633677378486015463e+00
4.319999999999999951e-01 -1.890368034505711226e+00
4.480000000000000093e-01 -2.098097463801524842e+00
4.640000000000000235e-01 -2.283323561632273790e+00
4.799999999999999822e-01 -2.459930842989737521e+00
4.959999999999999964e-01 -2.626991415411931818e+00
5.120000000000000107e-01 -2.775463750008035468e+00
5.280000000000000249e-01 -2.894695802684470465e+00
5.440000000000000391e-01 -2.976695998056492876e+00
5.600000000000000533e-01 -3.021572869167241659e+00
5.760000000000000675e-01 -3.043709542635311127e+00
5.919999999999999707e-01 -3.070216819672221487e+00
6.079999999999999849e-01 -3.125238682046050709e+00
6.239999999999999991e-01 -3.210060237978498598e+00
6.400000000000000133e-01 -3.299367054526850751e+00
6.560000000000000275e-01 -3.359664275113993792e+00
6.720000000000000417e-01 -3.372607618508235650e+00
6.880000000000000560e-01 -3.343307625624216683e+00
7.039999999999999591e-01 -3.291810278467686146e+00
7.199999999999999734e-01 -3.239602667329716912e+00
7.359999999999999876e-01 -3.199631596698342406e+00
7.520000000000000018e-01 -3.171342875948973905e+00
7.680000000000000160e-01 -3.143160992660412045e+00
7.840000000000000302e-01 -3.103840298491348015e+00
8.000000000000000444e-01 -3.054246709660313197e+00
8.160000000000000586e-01 -3.007336837134590102e+00
8.320000000000000728e-01 -2.975670089201007951e+00
8.479999999999999760e-01 -2.957655980338623092e+00
8.639999999999999902e-01 -2.933588304598240715e+00
8.800000000000000044e-01 -2.875747898846630957e+00
8.960000000000000187e-01 -2.767542457062002637e+00
9.120000000000000329e-01 -2.615736707522870130e+00
9.280000000000000471e-01 -2.441004579047429068e+00
9.440000000000000613e-01 -2.255332385388336025e+00
9.599999999999999645e-01 -2.054912085648610276e+00
9.759999999999999787e-01 -1.838511415910933700e+00
9.919999999999999929e-01 -1.622853440108393164e+00
1.008000000000000007e+00 -1.428547054468293442e+00
1.024000000000000021e+00 -1.255804872538340611e+00
1.040000000000000036e+00 -1.087859574611544256e+00
1.056000000000000050e+00 -9.198912853694113378e-01
1.072000000000000064e+00 -7.730346356688757581e-01
1.088000000000000078e+00 -6.727017498326762768e-01
1.104000000000000092e+00 -6.180483282436336490e-01
1.120000000000000107e+00 -5.804023308468853060e-01
1.136000000000000121e+00 -5.311610633537054982e-01
1.152000000000000135e+00 -4.637664480100808784e-01
1.167999999999999927e+00 -3.860523192571674866e-01
1.183999999999999941e+00 -3.008721791524026634e-01
1.199999999999999956e+00 -2.051365470673079949e-01
1.215999999999999970e+00 -1.047156882640370018e-01
1.231999999999999984e+00 -1.714797016649132963e-02
1.247999999999999998e+00 4.574195284796091221e-02
1.264000000000000012e+00 9.010959216873166977e-02
1.280000000000000027e+00 1.266742356761673127e-01
1.296000000000000041e+00 1.483531957263177492e-01
1.312000000000000055e+00 1.332765172397324949e-01
1.328000000000000069e+00 7.521967374962018615e-02
1.344000000000000083e+00 9.475730404608689785e-04
1.360000000000000098e+00 -5.295242970664758991e-02
1.376000000000000112e+00 -7.353242011290239688e-02
1.392000000000000126e+00 -7.091602063668669964e-02
1.407999999999999918e+00 -5.262985729979863941e-02
1.423999999999999932e+00 -1.488117378368824031e-02
1.439999999999999947e+00 4.270215846302107682e-02
1.455999999999999961e+00 1.074764994421620046e-01
1.471999999999999975e+00 1.593771809161187714e-01
1.487999999999999989e+00 1.767182654012030008e-01
1.504000000000000004e+00 1.387778625320089387e-01
1.520000000000000018e+00 3.614287042578084169e-02
1.536000000000000032e+00 -1.157460414810299598e-01
1.552000000000000046e+00 -2.808627313958487748e-01
1.568000000000000060e+00 -4.280897085813302749e-01
1.584000000000000075e+00 -5.512499454076121852e-01
1.600000000000000089e+00 -6.608096194019709158e-01
1.616000000000000103e+00 -7.598037717058222507e-01
1.632000000000000117e+00 -8.339383493458195629e-01
1.648000000000000131e+00 -8.642391092499165373e-01
1.664000000000000146e+00 -8.440915811866516183e-01
1.679999999999999938e+00 -7.830972267521768559e-01
1.695999999999999952e+00 -6.994801043575669119e-01
1.711999999999999966e+00 -6.141451666326512848e-01
1.727999999999999980e+00 -5.502559290341532128e-01
1.743999999999999995e+00 -5.279469825225010515e-01
1.760000000000000009e+00 -5.503702900712428292e-01
1.776000000000000023e+00 -5.975052597734417104e-01
1.792000000000000037e+00 -6.416225010992789857e-01
1.808000000000000052e+00 -6.701524060905151847e-01
1.824000000000000066e+00 -6.902974314960472757e-01
1.840000000000000080e+00 -7.139493144662816260e-01
1.856000000000000094e+00 -7.459665869129147309e-01
1.872000000000000108e+00 -7.890640851206257578e-01
1.888000000000000123e+00 -8.502499595052041004e-01
1.904000000000000137e+00 -9.299535242691805426e-01
1.919999999999999929e+00 -1.005261841041617421e+00
1.935999999999999943e+00 -1.038026013566655692e+00
1.951999999999999957e+00 -1.008440326977841472e+00
1.967999999999999972e+00 -9.340175433161510554e-01
1.983999999999999986e+00 -8.505520772424142173e-01
2.000000000000000000e+00 -7.843927973453097557e-01
2.016000000000000014e+00 -7.492449349871579400e-01
2.032000000000000028e+00 -7.549831046304391613e-01
2.048000000000000043e+00 -8.024405581725795322e-01
2.064000000000000057e+00 -8.712924523974628910e-01
2.080000000000000071e+00 -9.233085257564839221e-01
2.096000000000000085e+00 -9.229252709035618008e-01
2.112000000000000099e+00 -8.604637004899515773e-01
2.128000000000000114e+00 -7.617621150204069158e-01
2.144000000000000128e+00 -6.723258975977685070e-01
2.160000000000000142e+00 -6.230717206799987196e-01
2.176000000000000156e+00 -6.086200460804618295e-01
2.192000000000000171e+00 -6.006041840584631641e-01
2.208000000000000185e+00 -5.793968155263236053e-01
2.224000000000000199e+00 -5.488374288168748061e-01
2.240000000000000213e+00 -5.229706115723455895e-01
2.256000000000000227e+00 -5.057715043531887389e-01
2.272000000000000242e+00 -4.867601269129789299e-01
2.288000000000000256e+00 -4.530604827819554870e-01
2.304000000000000270e+00 -4.016103279016414174e-01
2.319999999999999840e+00 -3.393927275708321090e-01
2.335999999999999854e+00 -2.743577139984556545e-01
2.351999999999999869e+00 -2.071289831062074482e-01
2.367999999999999883e+00 -1.304588632618352562e-01
2.383999999999999897e+00 -3.734106407433699509e-02
2.399999999999999911e+00 6.783522199448889511e-02
2.415999999999999925e+00 1.650410328828199047e-01
2.431999999999999940e+00 2.263307160594097700e-01
2.447999999999999954e+00 2.308869455031838658e-01
2.463999999999999968e+00 1.788846678411898095e-01
2.479999999999999982e+00 9.514608648515342215e-02
2.495999999999999996e+00 1.576924062391895157e-02
