0.000000000000000000e+00 4.010061437681421381e+01
1.600000000000000033e-02 3.930875462491042072e+01
3.200000000000000067e-02 3.713879952818338381e+01
4.800000000000000100e-02 3.402287213513745456e+01
6.400000000000000133e-02 3.045858545857945643e+01
8.000000000000000167e-02 2.684382825566708419e+01
9.600000000000000200e-02 2.342172405111736211e+01
1.120000000000000023e-01 2.031320696852040797e+01
1.280000000000000027e-01 1.756376869413415065e+01
1.440000000000000169e-01 1.516573499596950114e+01
1.600000000000000033e-01 1.307286231125727483e+01
1.759999999999999898e-01 1.123039433142083965e+01
1.920000000000000040e-01 9.607702146607927318e+00
2.080000000000000182e-01 8.202210371727725047e+00
2.240000000000000047e-01 7.011088118369008804e+00
2.399999999999999911e-01 6.004351238067308749e+00
2.560000000000000053e-01 5.130401400403360235e+00
2.720000000000000195e-01 4.345634550895488779e+00
2.880000000000000338e-01 3.632578004194134014e+00
3.039999999999999925e-01 2.987658492606308336e+00
3.200000000000000067e-01 2.397062877182644769e+00
3.360000000000000209e-01 1.831576169440627844e+00
3.519999999999999796e-01 1.266673091219953529e+00
3.679999999999999938e-01 7.044935859042331661e-01
3.840000000000000080e-01 1.735723137141941264e-01
4.000000000000000222e-01 -2.926311151166807734e-01
4.160000000000000364e-01 -6.771427438992509984e-01
4.319999999999999951e-01 -9.842675896715763484e-01
4.480000000000000093e-01 -1.230242900480200907e+00
4.640000000000000235e-01 -1.432651196512713998e+00
4.799999999999999822e-01 -1.605746662488006349e+00
4.959999999999999964e-01 -1.758901595520287131e+00
5.120000000000000107e-01 -1.894048296762692818e+00
5.280000000000000249e-01 -2.004033147745845955e+00
5.440000000000000391e-01 -2.076867916138997128e+00
5.600000000000000533e-01 -2.105961404737265230e+00
5.760000000000000675e-01 -2.099176365670305078e+00
5.919999999999999707e-01 -2.078489193630090881e+00
6.079999999999999849e-01 -2.068970462577120806e+00
6.239999999999999991e-01 -2.084646222394073156e+00
6.400000000000000133e-01 -2.121690017472351197e+00
6.560000000000000275e-01 -2.163568542441097087e+00
6.720000000000000417e-01 -2.192936297895862197e+00
6.880000000000000560e-01 -2.199936759320597623e+00
7.039999999999999591e-01 -2.181172402716463843e+00
7.199999999999999734e-01 -2.133630560716261559e+00
7.359999999999999876e-01 -2.052743068385777470e+00
7.520000000000000018e-01 -1.937870714462065269e+00
7.680000000000000160e-01 -1.798454228185404347e+00
7.840000000000000302e-01 -1.652019393102916345e+00
8.000000000000000444e-01 -1.514270421853069815e+00
8.160000000000000586e-01 -1.391106643148900979e+00
8.320000000000000728e-01 -1.280740726357166848e+00
8.479999999999999760e-01 -1.182734880238789144e+00
8.639999999999999902e-01 -1.102973935483137380e+00
8.800000000000000044e-01 -1.048360525669362664e+00
8.960000000000000187e-01 -1.016710646584040090e+00
9.120000000000000329e-01 -9.929510107025909527e-01
9.280000000000000471e-01 -9.566918046248993335e-01
9.440000000000000613e-01 -8.952881656918126874e-01
9.599999999999999645e-01 -8.113385878835210896e-01
9.759999999999999787e-01 -7.185466192050584677e-01
9.919999999999999929e-01 -6.301362902372358299e-01
1.008000000000000007e+00 -5.502909831419269260e-01
1.024000000000000021e+00 -4.754446831024749520e-01
1.040000000000000036e+00 -4.018834489527653431e-01
1.056000000000000050e+00 -3.297266005880461481e-01
1.072000000000000064e+00 -2.586047196461218611e-01
1.088000000000000078e+00 -1.817049111185778110e-01
1.104000000000000092e+00 -8.798139175951669166e-02
1.120000000000000107e+00 2.821482492181768761e-02
1.136000000000000121e+00 1.621295306633959155e-01
1.152000000000000135e+00 3.057931315289828533e-01
1.167999999999999927e+00 4.580028918939718086e-01
1.183999999999999941e+00 6.209249755961790962e-01
1.199999999999999956e+00 7.836758024338595918e-01
1.215999999999999970e+00 9.149586673101078871e-01
1.231999999999999984e+00 9.830132679614678182e-01
1.247999999999999998e+00 9.893122960101340402e-01
1.264000000000000012e+00 9.785154117839282017e-01
1.280000000000000027e+00 1.005065498584409189e+00
1.296000000000000041e+00 1.083190176912399938e+00
1.312000000000000055e+00 1.170460818878203746e+00
1.328000000000000069e+00 1.204695615564558731e+00
1.344000000000000083e+00 1.159586752236746676e+00
1.360000000000000098e+00 1.065427824645782007e+00
1.376000000000000112e+00 9.786276062073855364e-01
1.392000000000000126e+00 9.350861416052308472e-01
1.407999999999999918e+00 9.321248588459446482e-01
1.423999999999999932e+00 9.463497538615147642e-01
1.439999999999999947e+00 9.581233406870153235e-01
1.455999999999999961e+00 9.573358228293195049e-01
1.471999999999999975e+00 9.364164306064772791e-01
1.487999999999999989e+00 8.910811692320208532e-01
1.504000000000000004e+00 8.312884176362582700e-01
1.520000000000000018e+00 7.837273761782588277e-01
1.536000000000000032e+00 7.745273860329959792e-01
1.552000000000000046e+00 8.072833041393550069e-01
1.568000000000000060e+00 8.605123534592939993e-01
1.584000000000000075e+00 9.071178062723769253e-01
1.600000000000000089e+00 9.339220757089802261e-01
1.616000000000000103e+00 9.425146937626234234e-01
1.632000000000000117e+00 9.369557131186279086e-01
1.648000000000000131e+00 9.165682478613823569e-01
1.664000000000000146e+00 8.793861647480324395e-01
1.679999999999999938e+00 8.254074831485600505e-01
1.695999999999999952e+00 7.526484207739676524e-01
1.711999999999999966e+00 6.551623446013443708e-01
1.727999999999999980e+00 5.334434511554382308e-01
1.743999999999999995e+00 4.084724347518844945e-01
1.760000000000000009e+00 3.179229138828691403e-01
1.776000000000000023e+00 2.893670100757050889e-01
1.792000000000000037e+00 3.148305757835420660e-01
1.808000000000000052e+00 3.560033780031710005e-01
1.824000000000000066e+00 3.787689183509244106e-01
1.840000000000000080e+00 3.826755222772167397e-01
1.856000000000000094e+00 3.946537640389249368e-01
1.872000000000000108e+00 4.341576615369802106e-01
1.888000000000000123e+00 4.868336929160278492e-01
1.904000000000000137e+00 5.132906922338615896e-01
1.919999999999999929e+00 4.822964114623885523e-01
1.935999999999999943e+00 3.953481215360367673e-01
1.951999999999999957e+00 2.829773100920213169e-01
1.967999999999999972e+00 1.823680094823812159e-01
1.983999999999999986e+00 1.181636883800725596e-01
2.000000000000000000e+00 9.641298978473995807e-02
2.016000000000000014e+00 1.062586507813504527e-01
2.032000000000000028e+00 1.235353350907362063e-01
2.048000000000000043e+00 1.189057962570287397e-01
2.064000000000000057e+00 7.295762280977893810e-02
2.080000000000000071e+00 -1.052901297605757062e-02
2.096000000000000085e+00 -1.073161159909791218e-01
2.112000000000000099e+00 -1.928963106669565608e-01
2.128000000000000114e+00 -2.622710899542038399e-01
2.144000000000000128e+00 -3.290801087940760650e-01
2.160000000000000142e+00 -4.045460595197392650e-01
2.176000000000000156e+00 -4.789696619131916799e-01
2.192000000000000171e+00 -5.265940671981502730e-01
2.208000000000000185e+00 -5.291602504817426444e-01
2.224000000000000199e+00 -4.924893075217118832e-01
2.240000000000000213e+00 -4.381341977290860168e-01
2.256000000000000227e+00 -3.803907827572421407e-01
2.272000000000000242e+00 -3.155297374391029530e-01
2.288000000000000256e+00 -2.355812389295252607e-01
2.304000000000000270e+00 -1.498797309493513086e-01
2.319999999999999840e+00 -8.779813315219059389e-02
2.335999999999999854e+00 -7.738926677057361703e-02
2.351999999999999869e+00 -1.222909714232758710e-01
2.367999999999999883e+00 -2.009979157077414202e-01
2.383999999999999897e+00 -2.869029015917370362e-01
2.399999999999999911e+00 -3.651261296686200697e-01
2.415999999999999925e+00 -4.290086522125244328e-01
2.431999999999999940e+00 -4.654702636853808029e-01
2.447999999999999954e+00 -4.516291058123557134e-01
2.463999999999999968e+00 -3.699422115028693225e-01
2.479999999999999982e+00 -2.255112625192041698e-01
2.495999999999999996e+00 -4.617079220951389451e-02
