0.000000000000000000e+00 3.316547853952045699e+01 -4.187179770840088883e-03 -9.763911538011628693e-05
8.000000000000000167e-03 3.176582009331621848e+01 -2.467443847836344687e-03 -7.195881289248257941e-05
1.600000000000000033e-02 2.789294309079554068e+01 -1.190711290446033657e-03 -2.878845955899340511e-05
2.400000000000000050e-02 2.226078660963214162e+01 -7.472066129566779695e-04 8.936138619701287686e-06
3.200000000000000067e-02 1.578795191988195512e+01 -9.219035449594112147e-04 2.951753444628748689e-05
4.000000000000000083e-02 9.379490379590448512e+00 -1.388265481845918489e-03 3.600188506689048048e-05
4.800000000000000100e-02 3.760877745403054195e+00 -1.755900550881298169e-03 4.505679639108496550e-05
5.600000000000000117e-02 -6.373071191155467163e-01 -1.678278246760445038e-03 6.814046186366368282e-05
6.400000000000000133e-02 -3.712415284748551869e+00 -1.325541532881010544e-03 9.394439398111671322e-05
7.200000000000000844e-02 -5.619444669286582261e+00 -1.104915265789736508e-03 9.565989075054848949e-05
8.000000000000000167e-02 -6.636274034646270081e+00 -1.018297125471596910e-03 5.485040594060417503e-05
8.799999999999999489e-02 -7.029773447093017325e+00 -7.525967949932576553e-04 -1.737557603955599934e-05
9.600000000000000200e-02 -6.969349768848299043e+00 -1.224716997177842566e-04 -7.696728205948041022e-05
1.040000000000000091e-01 -6.507247113993622989e+00 8.367883981700445549e-04 -7.760848744088677325e-05
1.120000000000000023e-01 -5.619756571872112083e+00 1.918757236492584948e-03 -2.213298449684148253e-05
1.199999999999999956e-01 -4.280943900764492049e+00 2.687423164837561985e-03 2.751835794089991505e-05
1.280000000000000027e-01 -2.531439995922708963e+00 2.796075234433119047e-03 1.354701825050777336e-05
1.360000000000000098e-01 -5.131621918793903836e-01 2.506477919142933650e-03 -5.284878485386076209e-05
1.440000000000000169e-01 1.541304416035026881e+00 2.477847652295674975e-03 -1.094105079869596100e-04
1.519999999999999962e-01 3.357107484650304396e+00 3.167542559072623887e-03 -1.130727289585764755e-04
1.600000000000000033e-01 4.682291564147890384e+00 4.639436702131753167e-03 -7.136213106730864356e-05
1.680000000000000104e-01 5.346182016623882483e+00 6.583531830648825002e-03 -1.684079028739125108e-05
1.759999999999999898e-01 5.294733926615484698e+00 8.392457519182654202e-03 2.414637797967218800e-05
1.839999999999999969e-01 4.595137890513898427e+00 9.477631240366568913e-03 3.802542251426201727e-05
1.920000000000000040e-01 3.409695998908241599e+00 9.651808716474006428e-03 2.166317092120730140e-05
2.000000000000000111e-01 1.950091570403854613e+00 9.114562206764337954e-03 -1.223377172584238899e-05
2.080000000000000182e-01 4.305897694429629552e-01 8.144306050868310026e-03 -3.874419601456086554e-05
2.159999999999999976e-01 -9.670340510261620226e-01 7.032339235573584375e-03 -4.389787984876767192e-05
2.240000000000000047e-01 -2.113601298522540528e+00 5.938725732401442178e-03 -3.059315393076160033e-05
2.320000000000000118e-01 -2.936770723599486654e+00 4.685627852718637389e-03 5.626350266248746304e-06
2.399999999999999911e-01 -3.410741500417678651e+00 3.207216887388034295e-03 7.435516026230626265e-05
2.479999999999999982e-01 -3.539602741149486587e+00 1.709666066730193947e-03 1.531447607397113200e-04
2.560000000000000053e-01 -3.344501797435758039e+00 7.306597303653047872e-05 1.927350599510211206e-04
2.640000000000000124e-01 -2.859117756644464770e+00 -1.939182200617475121e-03 1.731374007972993131e-04
2.720000000000000195e-01 -2.132168672985527813e+00 -4.035564503077108782e-03 1.256643549721548280e-04
2.800000000000000266e-01 -1.232366612589919974e+00 -5.632120234749112518e-03 9.693778520025268786e-05
2.880000000000000338e-01 -2.497409126560865833e-01 -6.199510284317679733e-03 1.075032280785696251e-04
2.959999999999999853e-01 7.106832329522204672e-01 -5.447167459445635337e-03 1.366053241989135755e-04
3.039999999999999925e-01 1.542671811468863785e+00 -3.732343250863421127e-03 1.385758776787620456e-04
3.119999999999999996e-01 2.156326358917640018e+00 -1.895653135312643433e-03 8.164054673777721457e-05
3.200000000000000067e-01 2.493170356974149904e+00 -5.239184118831768239e-04 -2.585382410125240627e-05
3.280000000000000138e-01 2.533046760707894141e+00 3.068801469766442233e-04 -1.375697608778872363e-04
3.360000000000000209e-01 2.291800273424356771e+00 8.401706950026165480e-04 -1.887852094119886340e-04
3.440000000000000280e-01 1.813883351028221069e+00 1.393832032717395647e-03 -1.392699587972668664e-04
3.519999999999999796e-01 1.165038301840238377e+00 1.846737756868536365e-03 -1.887113203005138438e-05
3.599999999999999867e-01 4.257317286545596047e-01 1.442684746603763038e-03 8.853751372006035659e-05
3.679999999999999938e-01 -3.182213487114104455e-01 -3.278511050187114351e-04 1.167446947147334185e-04
3.760000000000000009e-01 -9.876936144210523016e-01 -3.031189256744633905e-03 6.000004833556206940e-05
3.840000000000000080e-01 -1.519582343083759390e+00 -5.846996683979988237e-03 -3.688110617498271379e-05
3.920000000000000151e-01 -1.871517561496855331e+00 -8.200941312368651565e-03 -1.054920906709217653e-04
4.000000000000000222e-01 -2.023630078183955572e+00 -9.852024358988825670e-03 -9.887597157703321353e-05
4.080000000000000293e-01 -1.976659981189653914e+00 -1.075999352868846522e-02 -3.877902962471667028e-05
4.160000000000000364e-01 -1.747719001028340990e+00 -1.077412642423789500e-02 5.803185909777234259e-06
4.239999999999999880e-01 -1.368418514956342369e+00 -9.886596927433544124e-03 -8.076210110147602799e-07
4.319999999999999951e-01 -8.840466908698411119e-01 -8.691539818910612794e-03 -3.079877974780143474e-05
4.400000000000000022e-01 -3.489880581760706479e-01 -7.670043564197412400e-03 -3.886978153723637930e-05
4.480000000000000093e-01 1.799826155129166660e-01 -6.609223041941117253e-03 -2.598662352412856577e-06
4.560000000000000164e-01 6.495450107173004195e-01 -5.317127126102860410e-03 6.999894283282663923e-05
4.640000000000000235e-01 1.015932148792928702e+00 -3.930208660137546328e-03 1.378434406847180616e-04
4.720000000000000306e-01 1.250283818798575197e+00 -2.472917635596920839e-03 1.493959546641958152e-04
4.799999999999999822e-01 1.340304279201451898e+00 -7.590719028160657729e-04 9.607614859981942698e-05
4.879999999999999893e-01 1.288942523932883333e+00 1.509883601043838673e-03 2.491355916259642352e-05
4.959999999999999964e-01 1.112021306652838160e+00 4.436307922677101834e-03 -1.695575269756988395e-05
5.040000000000000036e-01 8.355667530344458305e-01 7.598258194239091053e-03 -2.857867809362471445e-05
5.120000000000000107e-01 4.938213612184658152e-01 1.047557686296049680e-02 -3.653028385131375526e-05
5.200000000000000178e-01 1.270319031781551866e-01 1.280999606405391379e-02 -5.262158655114060779e-05
5.280000000000000249e-01 -2.234805648379575849e-01 1.430259395875100800e-02 -6.704738912837268248e-05
5.360000000000000320e-01 -5.219632183937455983e-01 1.473404207360734346e-02 -7.172015903894130235e-05
5.440000000000000391e-01 -7.430120933925103976e-01 1.422083445390822862e-02 -6.880087836206615136e-05
5.520000000000000462e-01 -8.734923566499640524e-01 1.286476807672689779e-02 -5.904919515308782553e-05
5.600000000000000533e-01 -9.124519250422343797e-01 1.076528039776665502e-02 -4.074385854603987053e-05
5.680000000000000604e-01 -8.687573444679392853e-01 8.285178740938538636e-03 -1.260241281340645853e-05
5.760000000000000675e-01 -7.567660088233678639e-01 5.703697639692777675e-03 3.634597370962387453e-05
5.839999999999999636e-01 -5.927749037883643934e-01 3.090204527782297074e-03 1.171029846161021973e-04
5.919999999999999707e-01 -3.944191436899180392e-01 5.283061856582414728e-04 2.080253288209479834e-04
5.999999999999999778e-01 -1.817983463061556837e-01 -1.999274949940256767e-03 2.598593949842778494e-04
6.079999999999999849e-01 2.250454125850811019e-02 -4.541664139012134213e-03 2.377586161245682172e-04
6.159999999999999920e-01 1.960027502504108898e-01 -7.231794155865495580e-03 1.431636092412135743e-04
6.239999999999999991e-01 3.204361808202745854e-01 -1.078947705111126670e-02 2.158983615545120632e-05
6.320000000000000062e-01 3.849142715393595315e-01 -1.598988672207278181e-02 -4.147698381980735978e-05
6.400000000000000133e-01 3.871401106787623614e-01 -2.261419266157253458e-02 1.147788324043016062e-05
6.480000000000000204e-01 3.336007203185960002e-01 -2.981679106855286698e-02 1.311195367723166341e-04
6.560000000000000275e-01 2.380760643998493520e-01 -3.662513893963188077e-02 1.985580537397192908e-04
6.640000000000000346e-01 1.174372175291279879e-01 -4.126267653307274380e-02 1.396573070038733676e-04
6.720000000000000417e-01 -1.302604508780474610e-02 -4.109221806188356058e-02 -2.657657947658003999e-05
6.800000000000000488e-01 -1.417765452381637148e-01 -3.368596121919020109e-02 -2.249495826505597479e-04
6.880000000000000560e-01 -2.606006878486336054e-01 -1.729768176940459090e-02 -3.988331875728561948e-04
6.960000000000000631e-01 -3.629129823201733829e-01 9.104114836884939777e-03 -5.853867349223109643e-04
7.039999999999999591e-01 -4.421549516221509601e-01 4.517168599700902704e-02 -8.771843366827082253e-04
7.119999999999999662e-01 -4.916932542264241812e-01 8.889761379946742315e-02 -1.230000113106800592e-03
7.199999999999999734e-01 -5.066320032965317965e-01 1.372340630479153001e-01 -1.365459217514930403e-03
7.279999999999999805e-01 -4.864389504392444552e-01 1.861788316761016082e-01 -9.961809153791966430e-04
7.359999999999999876e-01 -4.363441807651259885e-01 2.304066782395172153e-01 -1.691587808621164857e-04
7.439999999999999947e-01 -3.662004393469730501e-01 2.638731171129258812e-01 6.673194182708057798e-04
7.520000000000000018e-01 -2.877548376552774290e-01 2.812492253396489117e-01 9.714942167391329812e-04
7.600000000000000089e-01 -2.116982045716583882e-01 2.792404390140571513e-01 5.469166714126146803e-04
7.680000000000000160e-01 -1.450134515894060394e-01 2.570897690466636409e-01 -2.538886958958359841e-04
7.760000000000000231e-01 -9.023590515716094218e-02 2.158730315939234867e-01 -8.017515788981164704e-04
7.840000000000000302e-01 -4.748937751039326166e-02 1.574423195167483358e-01 -7.500504154037194960e-04
7.920000000000000373e-01 -1.692105237690925967e-02 8.424991619679104982e-02 -3.190612446219892638e-04
