0.000000000000000000e+00 4.893068770753616548e+01
1.600000000000000033e-02 4.784838936441059332e+01
3.200000000000000067e-02 4.485929989332967693e+01
4.800000000000000100e-02 4.056250105330771305e+01
6.400000000000000133e-02 3.566648259025318879e+01
8.000000000000000167e-02 3.077456888916942290e+01
9.600000000000000200e-02 2.627091375572323528e+01
1.120000000000000023e-01 2.231537707090845046e+01
1.280000000000000027e-01 1.891603183726714121e+01
1.440000000000000169e-01 1.600966048301910760e+01
1.600000000000000033e-01 1.351207809426064799e+01
1.759999999999999898e-01 1.135195751085012539e+01
1.920000000000000040e-01 9.497032312674168253e+00
2.080000000000000182e-01 7.948979620258206147e+00
2.240000000000000047e-01 6.702446358888165534e+00
2.399999999999999911e-01 5.710418379028411984e+00
2.560000000000000053e-01 4.890592564557810107e+00
2.720000000000000195e-01 4.165735225059039593e+00
2.880000000000000338e-01 3.498027265813436149e+00
3.039999999999999925e-01 2.880459109080243607e+00
3.200000000000000067e-01 2.307703988803459172e+00
3.360000000000000209e-01 1.770759222239319142e+00
3.519999999999999796e-01 1.262407983514111764e+00
3.679999999999999938e-01 7.680970479074187285e-01
3.840000000000000080e-01 2.645861269510843550e-01
4.000000000000000222e-01 -2.527200262818214971e-01
4.160000000000000364e-01 -7.443177232551008160e-01
4.319999999999999951e-01 -1.147298733442428498e+00
4.480000000000000093e-01 -1.430234504707065479e+00
4.640000000000000235e-01 -1.619297550144377817e+00
4.799999999999999822e-01 -1.768483465156141410e+00
4.959999999999999964e-01 -1.917226415017234009e+00
5.120000000000000107e-01 -2.078091227629570881e+00
5.280000000000000249e-01 -2.243850185341300207e+00
5.440000000000000391e-01 -2.392879426307423785e+00
5.600000000000000533e-01 -2.501611041030264992e+00
5.760000000000000675e-01 -2.567188375707950332e+00
5.919999999999999707e-01 -2.613871982708857900e+00
6.079999999999999849e-01 -2.669821325779706989e+00
6.239999999999999991e-01 -2.741316397535254801e+00
6.400000000000000133e-01 -2.811641889355864787e+00
6.560000000000000275e-01 -2.856109028416235152e+00
6.720000000000000417e-01 -2.853413651524689065e+00
6.880000000000000560e-01 -2.789978730706315524e+00
7.039999999999999591e-01 -2.664677623375717896e+00
7.199999999999999734e-01 -2.497925740834794794e+00
7.359999999999999876e-01 -2.331017902678375275e+00
7.520000000000000018e-01 -2.201726216113636170e+00
7.680000000000000160e-01 -2.118186786590936066e+00
7.840000000000000302e-01 -2.060575168642590160e+00
8.000000000000000444e-01 -2.003578052398925280e+00
8.160000000000000586e-01 -1.932477966434015260e+00
8.320000000000000728e-01 -1.840150414094749776e+00
8.479999999999999760e-01 -1.721080137259861198e+00
8.639999999999999902e-01 -1.580388223199728159e+00
8.800000000000000044e-01 -1.442486875342272379e+00
8.960000000000000187e-01 -1.336738129999071489e+00
9.120000000000000329e-01 -1.269218091836938678e+00
9.280000000000000471e-01 -1.211847366094745526e+00
9.440000000000000613e-01 -1.124097523918609731e+00
9.599999999999999645e-01 -9.833336419443973186e-01
9.759999999999999787e-01 -7.950882793805277293e-01
9.919999999999999929e-01 -5.815016247658120196e-01
1.008000000000000007e+00 -3.580629333048165885e-01
1.024000000000000021e+00 -1.223050546595113308e-01
1.040000000000000036e+00 1.278429131437937294e-01
1.056000000000000050e+00 3.746230049350048330e-01
1.072000000000000064e+00 5.903651681760094805e-01
1.088000000000000078e+00 7.590776486958591418e-01
1.104000000000000092e+00 8.810716151583477540e-01
1.120000000000000107e+00 9.616523162879768716e-01
1.136000000000000121e+00 1.004447028945487652e+00
1.152000000000000135e+00 1.016195852554782952e+00
1.167999999999999927e+00 1.012462411114456007e+00
1.183999999999999941e+00 1.017700181050863240e+00
1.199999999999999956e+00 1.053350224479904229e+00
1.215999999999999970e+00 1.117798945272244548e+00
1.231999999999999984e+00 1.189264485789736758e+00
1.247999999999999998e+00 1.262326024806676772e+00
1.264000000000000012e+00 1.369006652176190553e+00
1.280000000000000027e+00 1.537401585713638941e+00
1.296000000000000041e+00 1.731695415159597573e+00
1.312000000000000055e+00 1.866583330850481337e+00
1.328000000000000069e+00 1.889796914799724892e+00
1.344000000000000083e+00 1.825937394440884987e+00
1.360000000000000098e+00 1.737756173875890875e+00
1.376000000000000112e+00 1.669813511674897999e+00
1.392000000000000126e+00 1.634903718924331617e+00
1.407999999999999918e+00 1.628976526174422679e+00
1.423999999999999932e+00 1.637700289773697415e+00
1.439999999999999947e+00 1.640786689867234971e+00
1.455999999999999961e+00 1.630477416401273416e+00
1.471999999999999975e+00 1.622336015873552917e+00
1.487999999999999989e+00 1.634322082405183840e+00
1.504000000000000004e+00 1.653361794568590337e+00
1.520000000000000018e+00 1.636130913859882519e+00
1.536000000000000032e+00 1.554596608867530483e+00
1.552000000000000046e+00 1.430240659612718845e+00
1.568000000000000060e+00 1.311573059812014552e+00
1.584000000000000075e+00 1.227615081706336708e+00
1.600000000000000089e+00 1.172383443038473416e+00
1.616000000000000103e+00 1.124788230117653054e+00
1.632000000000000117e+00 1.069330371079428854e+00
1.648000000000000131e+00 1.000982946758274705e+00
1.664000000000000146e+00 9.269267109831648144e-01
1.679999999999999938e+00 8.660958422973114024e-01
1.695999999999999952e+00 8.341958452498020593e-01
1.711999999999999966e+00 8.256591358241308631e-01
1.727999999999999980e+00 8.198241955219111032e-01
1.743999999999999995e+00 8.069508658276283164e-01
1.760000000000000009e+00 7.936338109960877629e-01
1.776000000000000023e+00 7.780387657986309602e-01
1.792000000000000037e+00 7.401089948640868776e-01
1.808000000000000052e+00 6.666289926297999102e-01
1.824000000000000066e+00 5.713782934491815624e-01
1.840000000000000080e+00 4.814114565269195789e-01
1.856000000000000094e+00 4.112896527154151216e-01
1.872000000000000108e+00 3.568522513113073225e-01
1.888000000000000123e+00 3.076920536881259660e-01
1.904000000000000137e+00 2.580355444318520597e-01
1.919999999999999929e+00 2.088664444645143281e-01
1.935999999999999943e+00 1.666159138475642176e-01
1.951999999999999957e+00 1.400423729353689750e-01
1.967999999999999972e+00 1.336885936385357465e-01
1.983999999999999986e+00 1.431569551462279488e-01
2.000000000000000000e+00 1.570693704088395037e-01
2.016000000000000014e+00 1.582801883449766744e-01
2.032000000000000028e+00 1.268124181228821867e-01
2.048000000000000043e+00 5.710927115728817172e-02
2.064000000000000057e+00 -2.887384724675522499e-02
2.080000000000000071e+00 -9.850103055812858832e-02
2.096000000000000085e+00 -1.357463536490775280e-01
2.112000000000000099e+00 -1.447831977569938866e-01
2.128000000000000114e+00 -1.340448287317713150e-01
2.144000000000000128e+00 -1.104433310055695505e-01
2.160000000000000142e+00 -8.765804128194373823e-02
2.176000000000000156e+00 -8.698301040471079215e-02
2.192000000000000171e+00 -1.282546449237449426e-01
2.208000000000000185e+00 -2.175172643616866408e-01
2.224000000000000199e+00 -3.324444033908939833e-01
2.240000000000000213e+00 -4.248687870244588494e-01
2.256000000000000227e+00 -4.503539529837807254e-01
2.272000000000000242e+00 -3.986235566086743232e-01
2.288000000000000256e+00 -2.995814560590743247e-01
2.304000000000000270e+00 -2.029829635435840274e-01
2.319999999999999840e+00 -1.508380842265653332e-01
2.335999999999999854e+00 -1.632147365741927758e-01
2.351999999999999869e+00 -2.352041674631097923e-01
2.367999999999999883e+00 -3.378564330635883128e-01
2.383999999999999897e+00 -4.255020944889940648e-01
2.399999999999999911e+00 -4.533621975525820580e-01
2.415999999999999925e+00 -4.047604830910505602e-01
2.431999999999999940e+00 -3.043222787101190763e-01
2.447999999999999954e+00 -1.945382225113434782e-01
2.463999999999999968e+00 -1.022085423177027108e-01
2.479999999999999982e+00 -3.521446970754268241e-02
2.495999999999999996e+00 -1.736337238191062267e-03
