0.000000000000000000e+00 4.066188828595554838e+01
1.600000000000000033e-02 3.980379369441306636e+01
3.200000000000000067e-02 3.741178976026343150e+01
4.800000000000000100e-02 3.395216166730168084e+01
6.400000000000000133e-02 2.998814852914451734e+01
8.000000000000000167e-02 2.599747915514480567e+01
9.600000000000000200e-02 2.227774058626557974e+01
1.120000000000000023e-01 1.895252354211508816e+01
1.280000000000000027e-01 1.603757133087045261e+01
1.440000000000000169e-01 1.351224095140558568e+01
1.600000000000000033e-01 1.136035572287964790e+01
1.759999999999999898e-01 9.573030649761202326e+00
1.920000000000000040e-01 8.128598353687980449e+00
2.080000000000000182e-01 6.976680848175617733e+00
2.240000000000000047e-01 6.045810127247150056e+00
2.399999999999999911e-01 5.267372289997173773e+00
2.560000000000000053e-01 4.591768099228331401e+00
2.720000000000000195e-01 3.986582913519573612e+00
2.880000000000000338e-01 3.428601494364963642e+00
3.039999999999999925e-01 2.901236040574224351e+00
3.200000000000000067e-01 2.394060405841468953e+00
3.360000000000000209e-01 1.897889431891559342e+00
3.519999999999999796e-01 1.399691795949871809e+00
3.679999999999999938e-01 8.866124631038470039e-01
3.840000000000000080e-01 3.579664682763426531e-01
4.000000000000000222e-01 -1.672298585229682888e-01
4.160000000000000364e-01 -6.560373521363709326e-01
4.319999999999999951e-01 -1.076729629817275047e+00
4.480000000000000093e-01 -1.412469628240259123e+00
4.640000000000000235e-01 -1.665507955448386257e+00
4.799999999999999822e-01 -1.851606716521079887e+00
4.959999999999999964e-01 -1.991494199803649723e+00
5.120000000000000107e-01 -2.105557662794976359e+00
5.280000000000000249e-01 -2.210169707074296941e+00
5.440000000000000391e-01 -2.311628763499669059e+00
5.600000000000000533e-01 -2.401014363299782239e+00
5.760000000000000675e-01 -2.457346957344829441e+00
5.919999999999999707e-01 -2.460138667485738395e+00
6.079999999999999849e-01 -2.404597255749482798e+00
6.239999999999999991e-01 -2.310318684942883838e+00
6.400000000000000133e-01 -2.216360162662905253e+00
6.560000000000000275e-01 -2.162812226880868050e+00
6.720000000000000417e-01 -2.169514217486207652e+00
6.880000000000000560e-01 -2.226346147953653709e+00
7.039999999999999591e-01 -2.301111383108731534e+00
7.199999999999999734e-01 -2.358371022342111711e+00
7.359999999999999876e-01 -2.376487128138884408e+00
7.520000000000000018e-01 -2.353789727089745210e+00
7.680000000000000160e-01 -2.303973384460466178e+00
7.840000000000000302e-01 -2.247095106040014389e+00
8.000000000000000444e-01 -2.201008177053900727e+00
8.160000000000000586e-01 -2.174323833320967125e+00
8.320000000000000728e-01 -2.162477677459752279e+00
8.479999999999999760e-01 -2.149085813991735705e+00
8.639999999999999902e-01 -2.111656353122893570e+00
8.800000000000000044e-01 -2.029628416899987187e+00
8.960000000000000187e-01 -1.894401233745275359e+00
9.120000000000000329e-01 -1.717770953729673700e+00
9.280000000000000471e-01 -1.530763141898197288e+00
9.440000000000000613e-01 -1.370448280315996525e+00
9.599999999999999645e-01 -1.262335203927424931e+00
9.759999999999999787e-01 -1.207887837468496262e+00
9.919999999999999929e-01 -1.183797523550689679e+00
1.008000000000000007e+00 -1.156161602149450518e+00
1.024000000000000021e+00 -1.102561360050537731e+00
1.040000000000000036e+00 -1.024358819916593166e+00
1.056000000000000050e+00 -9.380557084382787902e-01
1.072000000000000064e+00 -8.545451779747239573e-01
1.088000000000000078e+00 -7.654958691644896396e-01
1.104000000000000092e+00 -6.478771331838577563e-01
1.120000000000000107e+00 -4.816998972777062349e-01
1.136000000000000121e+00 -2.665864759729017486e-01
1.152000000000000135e+00 -2.608695169483820145e-02
1.167999999999999927e+00 2.014707509833619237e-01
1.183999999999999941e+00 3.801477606642479912e-01
1.199999999999999956e+00 4.925829699819034291e-01
1.215999999999999970e+00 5.449842421736003084e-01
1.231999999999999984e+00 5.582284505077704795e-01
1.247999999999999998e+00 5.541689486194691927e-01
1.264000000000000012e+00 5.473097423069966938e-01
1.280000000000000027e+00 5.438783401162305964e-01
1.296000000000000041e+00 5.457857893329285393e-01
1.312000000000000055e+00 5.555598704247103337e-01
1.328000000000000069e+00 5.770541473393623333e-01
1.344000000000000083e+00 6.113131676240224355e-01
1.360000000000000098e+00 6.535994410171686031e-01
1.376000000000000112e+00 6.952026851823744913e-01
1.392000000000000126e+00 7.269891428084970242e-01
1.407999999999999918e+00 7.414956154324521265e-01
1.423999999999999932e+00 7.338593192706809321e-01
1.439999999999999947e+00 7.029028779724759701e-01
1.455999999999999961e+00 6.527411361806406687e-01
1.471999999999999975e+00 5.932587960123142379e-01
1.487999999999999989e+00 5.370331573044253570e-01
1.504000000000000004e+00 4.934786958280559799e-01
1.520000000000000018e+00 4.640239919188450801e-01
1.536000000000000032e+00 4.412834878309767062e-01
1.552000000000000046e+00 4.131168761257035804e-01
1.568000000000000060e+00 3.690612863858086512e-01
1.584000000000000075e+00 3.032116410113756544e-01
1.600000000000000089e+00 2.126141217443478504e-01
1.616000000000000103e+00 9.871077453064110163e-02
1.632000000000000117e+00 -2.579669755464784192e-02
1.648000000000000131e+00 -1.345645918589366830e-01
1.664000000000000146e+00 -1.968103800319219721e-01
1.679999999999999938e+00 -1.926555405904873952e-01
1.695999999999999952e+00 -1.258900834914218891e-01
1.711999999999999966e+00 -2.740810356939000353e-02
1.727999999999999980e+00 5.670696584395838041e-02
1.743999999999999995e+00 8.862904748191025028e-02
1.760000000000000009e+00 5.616583983129840724e-02
1.776000000000000023e+00 -2.829026244171223628e-02
1.792000000000000037e+00 -1.398067119542389936e-01
1.808000000000000052e+00 -2.507739762698276142e-01
1.824000000000000066e+00 -3.370833108796283950e-01
1.840000000000000080e+00 -3.856266781138848465e-01
1.856000000000000094e+00 -4.013734697079654468e-01
1.872000000000000108e+00 -4.057679617615846945e-01
1.888000000000000123e+00 -4.228568859128876145e-01
1.904000000000000137e+00 -4.615505875483461029e-01
1.919999999999999929e+00 -5.086754045352622766e-01
1.935999999999999943e+00 -5.392085585769870182e-01
1.951999999999999957e+00 -5.346650458077297774e-01
1.967999999999999972e+00 -4.944310850758299458e-01
1.983999999999999986e+00 -4.329375294882149561e-01
2.000000000000000000e+00 -3.676318112895116674e-01
2.016000000000000014e+00 -3.079685248004234155e-01
2.032000000000000028e+00 -2.521871190033097010e-01
2.048000000000000043e+00 -1.915290715182857706e-01
2.064000000000000057e+00 -1.176703179925905896e-01
2.080000000000000071e+00 -2.986056059237908455e-02
2.096000000000000085e+00 6.152144243675618240e-02
2.112000000000000099e+00 1.387762282906719880e-01
2.128000000000000114e+00 1.869151448675044624e-01
2.144000000000000128e+00 2.015627718709796790e-01
2.160000000000000142e+00 1.882755446017413126e-01
2.176000000000000156e+00 1.564549982483887658e-01
2.192000000000000171e+00 1.148973354408137498e-01
2.208000000000000185e+00 7.070655718320885408e-02
2.224000000000000199e+00 2.812597857118763478e-02
2.240000000000000213e+00 -1.473389352240605209e-02
2.256000000000000227e+00 -6.768628767223144882e-02
2.272000000000000242e+00 -1.431401757116186613e-01
2.288000000000000256e+00 -2.445159339388583153e-01
2.304000000000000270e+00 -3.575644883637633109e-01
2.319999999999999840e+00 -4.531216444277147981e-01
2.335999999999999854e+00 -5.011945211566003477e-01
2.351999999999999869e+00 -4.873891632144803920e-01
2.367999999999999883e+00 -4.188663296187671858e-01
2.383999999999999897e+00 -3.145580512049448996e-01
2.399999999999999911e+00 -1.909126566037964434e-01
2.415999999999999925e+00 -5.947616149873339447e-02
2.431999999999999940e+00 6.347622440064777660e-02
2.447999999999999954e+00 1.507832125699140879e-01
2.463999999999999968e+00 1.737134028948024156e-01
2.479999999999999982e+00 1.232526028984859690e-01
2.495999999999999996e+00 2.572691466157011123e-02
