0.000000000000000000e+00 4.909166761000579982e+01
1.600000000000000033e-02 4.806247399143569510e+01
3.200000000000000067e-02 4.520020896200578875e+01
4.800000000000000100e-02 4.107851889833453640e+01
6.400000000000000133e-02 3.635448915492366950e+01
8.000000000000000167e-02 3.157584493571372164e+01
9.600000000000000200e-02 2.710412693132584039e+01
1.120000000000000023e-01 2.311904097482927867e+01
1.280000000000000027e-01 1.967225835736921979e+01
1.440000000000000169e-01 1.674896378210101133e+01
1.600000000000000033e-01 1.430512201945286321e+01
1.759999999999999898e-01 1.228212689282383430e+01
1.920000000000000040e-01 1.061088260682181428e+01
2.080000000000000182e-01 9.213649792591533938e+00
2.240000000000000047e-01 8.013243969476823381e+00
2.399999999999999911e-01 6.949116156853721193e+00
2.560000000000000053e-01 5.987581017402034966e+00
2.720000000000000195e-01 5.118864725956639994e+00
2.880000000000000338e-01 4.341239927392865461e+00
3.039999999999999925e-01 3.641646228435587496e+00
3.200000000000000067e-01 2.993126587902041003e+00
3.360000000000000209e-01 2.372634565190705480e+00
3.519999999999999796e-01 1.773305070648584669e+00
3.679999999999999938e-01 1.194267798247384160e+00
3.840000000000000080e-01 6.297784377100824615e-01
4.000000000000000222e-01 8.127832882063232289e-02
4.160000000000000364e-01 -4.279950562540981163e-01
4.319999999999999951e-01 -8.658408137408445393e-01
4.480000000000000093e-01 -1.217882341216863562e+00
4.640000000000000235e-01 -1.494482055775341323e+00
4.799999999999999822e-01 -1.712738688193541359e+00
4.959999999999999964e-01 -1.879554009685564964e+00
5.120000000000000107e-01 -1.995636721563122107e+00
5.280000000000000249e-01 -2.070391498893343396e+00
5.440000000000000391e-01 -2.126609499924456692e+00
5.600000000000000533e-01 -2.189008742544602093e+00
5.760000000000000675e-01 -2.270156356491395577e+00
5.919999999999999707e-01 -2.368725350852407985e+00
6.079999999999999849e-01 -2.475407300750959827e+00
6.239999999999999991e-01 -2.576366212472882999e+00
6.400000000000000133e-01 -2.658064471297187925e+00
6.560000000000000275e-01 -2.714615446323874970e+00
6.720000000000000417e-01 -2.747054449382137165e+00
6.880000000000000560e-01 -2.752933294084387583e+00
7.039999999999999591e-01 -2.722439431619506411e+00
7.199999999999999734e-01 -2.650599597103082683e+00
7.359999999999999876e-01 -2.550849430068926615e+00
7.520000000000000018e-01 -2.452258933408745012e+00
7.680000000000000160e-01 -2.380286430309154433e+00
7.840000000000000302e-01 -2.336524559783061505e+00
8.000000000000000444e-01 -2.298036296833267933e+00
8.160000000000000586e-01 -2.238737228020383441e+00
8.320000000000000728e-01 -2.151246270201663702e+00
8.479999999999999760e-01 -2.050842314876078820e+00
8.639999999999999902e-01 -1.961777814280480703e+00
8.800000000000000044e-01 -1.899549157909347530e+00
8.960000000000000187e-01 -1.865776057675777366e+00
9.120000000000000329e-01 -1.856099885312342934e+00
9.280000000000000471e-01 -1.860035072477026263e+00
9.440000000000000613e-01 -1.847073210625014061e+00
9.599999999999999645e-01 -1.771017233641284161e+00
9.759999999999999787e-01 -1.605697937355830662e+00
9.919999999999999929e-01 -1.369230982289437071e+00
1.008000000000000007e+00 -1.104867856558332528e+00
1.024000000000000021e+00 -8.440508713162471199e-01
1.040000000000000036e+00 -5.893729071597006985e-01
1.056000000000000050e+00 -3.238733982847305515e-01
1.072000000000000064e+00 -3.062324525730409155e-02
1.088000000000000078e+00 2.913049930885321936e-01
1.104000000000000092e+00 6.234472692591964682e-01
1.120000000000000107e+00 9.385937938771963251e-01
1.136000000000000121e+00 1.209464977718915701e+00
1.152000000000000135e+00 1.412023358204683943e+00
1.167999999999999927e+00 1.541451826333798181e+00
1.183999999999999941e+00 1.626010175487154319e+00
1.199999999999999956e+00 1.704103600914102845e+00
1.215999999999999970e+00 1.781700675847246673e+00
1.231999999999999984e+00 1.823307360180438152e+00
1.247999999999999998e+00 1.792018866423001233e+00
1.264000000000000012e+00 1.694267151033418406e+00
1.280000000000000027e+00 1.576387138292841605e+00
1.296000000000000041e+00 1.479554223694505843e+00
1.312000000000000055e+00 1.409706911061972656e+00
1.328000000000000069e+00 1.352358101634016263e+00
1.344000000000000083e+00 1.305045064612031736e+00
1.360000000000000098e+00 1.285180939533192568e+00
1.376000000000000112e+00 1.304199074750715281e+00
1.392000000000000126e+00 1.342805512000816881e+00
1.407999999999999918e+00 1.363353211844571256e+00
1.423999999999999932e+00 1.343844358726221211e+00
1.439999999999999947e+00 1.291049612855827311e+00
1.455999999999999961e+00 1.225076006195331857e+00
1.471999999999999975e+00 1.160909553331441302e+00
1.487999999999999989e+00 1.106804632452600412e+00
1.504000000000000004e+00 1.073197264661474692e+00
1.520000000000000018e+00 1.070426881890127246e+00
1.536000000000000032e+00 1.094475846432464206e+00
1.552000000000000046e+00 1.123635845963617985e+00
1.568000000000000060e+00 1.135037846233974079e+00
1.584000000000000075e+00 1.123596813179606357e+00
1.600000000000000089e+00 1.099563959028846849e+00
1.616000000000000103e+00 1.063739876354675706e+00
1.632000000000000117e+00 9.933345093887897548e-01
1.648000000000000131e+00 8.651660457894764233e-01
1.664000000000000146e+00 6.910039944079112706e-01
1.679999999999999938e+00 5.168289631147923169e-01
1.695999999999999952e+00 3.865272667669686357e-01
1.711999999999999966e+00 3.173686986735340665e-01
1.727999999999999980e+00 3.062157774143522415e-01
1.743999999999999995e+00 3.396178200157486948e-01
1.760000000000000009e+00 3.928769061065273682e-01
1.776000000000000023e+00 4.358618386534736655e-01
1.792000000000000037e+00 4.534904034677408324e-01
1.808000000000000052e+00 4.564785960505186035e-01
1.824000000000000066e+00 4.639160726509254373e-01
1.840000000000000080e+00 4.768971696618359846e-01
1.856000000000000094e+00 4.742394233175777352e-01
1.872000000000000108e+00 4.335754465305486360e-01
1.888000000000000123e+00 3.524416638134886814e-01
1.904000000000000137e+00 2.515176479625405026e-01
1.919999999999999929e+00 1.652544538464444379e-01
1.935999999999999943e+00 1.251644674379741307e-01
1.951999999999999957e+00 1.414072944324348824e-01
1.967999999999999972e+00 1.980039859861535412e-01
1.983999999999999986e+00 2.633560811022345183e-01
2.000000000000000000e+00 3.035728264490778483e-01
2.016000000000000014e+00 2.969943292715022110e-01
2.032000000000000028e+00 2.492526495264207331e-01
2.048000000000000043e+00 1.909772901598363326e-01
2.064000000000000057e+00 1.506674263030777783e-01
2.080000000000000071e+00 1.330741639901515672e-01
2.096000000000000085e+00 1.291889985163085508e-01
2.112000000000000099e+00 1.367775172414400775e-01
2.128000000000000114e+00 1.603956784367192023e-01
2.144000000000000128e+00 1.947183047898068675e-01
2.160000000000000142e+00 2.195606904981889651e-01
2.176000000000000156e+00 2.207146827905617226e-01
2.192000000000000171e+00 2.117823795527238318e-01
2.208000000000000185e+00 2.257953357695674512e-01
2.224000000000000199e+00 2.858746295988712771e-01
2.240000000000000213e+00 3.865736124646618754e-01
2.256000000000000227e+00 4.975376338165104495e-01
2.272000000000000242e+00 5.798929350072973277e-01
2.288000000000000256e+00 6.028741288968915146e-01
2.304000000000000270e+00 5.525919999825158468e-01
2.319999999999999840e+00 4.333039558848224004e-01
2.335999999999999854e+00 2.677830431555097146e-01
2.351999999999999869e+00 9.512116371230593115e-02
2.367999999999999883e+00 -4.314653787806271151e-02
2.383999999999999897e+00 -1.258492809217914010e-01
2.399999999999999911e+00 -1.633296228635406078e-01
2.415999999999999925e+00 -1.801782846960240103e-01
2.431999999999999940e+00 -1.869298924679919371e-01
2.447999999999999954e+00 -1.750803985981565225e-01
2.463999999999999968e+00 -1.363933154683074911e-01
2.479999999999999982e+00 -7.786796254665817596e-02
2.495999999999999996e+00 -1.512490681974012346e-02
