0.000000000000000000e+00 4.106275179232673622e+01
1.600000000000000033e-02 4.017170034817007007e+01
3.200000000000000067e-02 3.773245644058820147e+01
4.800000000000000100e-02 3.422839967197319311e+01
6.400000000000000133e-02 3.022112807089101238e+01
8.000000000000000167e-02 2.617535430485699877e+01
9.600000000000000200e-02 2.238881068653329720e+01
1.120000000000000023e-01 1.900580517469153108e+01
1.280000000000000027e-01 1.606493546729661404e+01
1.440000000000000169e-01 1.354862678315944002e+01
1.600000000000000033e-01 1.141513479608976311e+01
1.759999999999999898e-01 9.608440866752578913e+00
1.920000000000000040e-01 8.067020332500099755e+00
2.080000000000000182e-01 6.742490324142515590e+00
2.240000000000000047e-01 5.609209064977417114e+00
2.399999999999999911e-01 4.656778733811633764e+00
2.560000000000000053e-01 3.879892061872597608e+00
2.720000000000000195e-01 3.273357454912737108e+00
2.880000000000000338e-01 2.825239230757443654e+00
3.039999999999999925e-01 2.502328227582369280e+00
3.200000000000000067e-01 2.245189339991347843e+00
3.360000000000000209e-01 1.992559674951575932e+00
3.519999999999999796e-01 1.710429173562168836e+00
3.679999999999999938e-01 1.389270379096218422e+00
3.840000000000000080e-01 1.025261162980145579e+00
4.000000000000000222e-01 6.226999051952756270e-01
4.160000000000000364e-01 2.104708745205405296e-01
4.319999999999999951e-01 -1.655416007856435612e-01
4.480000000000000093e-01 -4.752081686731616239e-01
4.640000000000000235e-01 -7.178556720530387958e-01
4.799999999999999822e-01 -9.043947519534610846e-01
4.959999999999999964e-01 -1.045471668554303291e+00
5.120000000000000107e-01 -1.157446535681831312e+00
5.280000000000000249e-01 -1.262726458864271928e+00
5.440000000000000391e-01 -1.381746479710459274e+00
5.600000000000000533e-01 -1.529650251515660031e+00
5.760000000000000675e-01 -1.714990308149437537e+00
5.919999999999999707e-01 -1.931000056904712991e+00
6.079999999999999849e-01 -2.146939334246032338e+00
6.239999999999999991e-01 -2.320584132659589738e+00
6.400000000000000133e-01 -2.427705597747774835e+00
6.560000000000000275e-01 -2.473474815337939337e+00
6.720000000000000417e-01 -2.474522047384604129e+00
6.880000000000000560e-01 -2.440070995721173919e+00
7.039999999999999591e-01 -2.371907574583910883e+00
7.199999999999999734e-01 -2.269781304984638037e+00
7.359999999999999876e-01 -2.127644867693026409e+00
7.520000000000000018e-01 -1.936525816807779909e+00
7.680000000000000160e-01 -1.705276034532795082e+00
7.840000000000000302e-01 -1.466631733798267279e+00
8.000000000000000444e-01 -1.250669846500795490e+00
8.160000000000000586e-01 -1.066136934936577241e+00
8.320000000000000728e-01 -9.138391157913851037e-01
8.479999999999999760e-01 -8.003687430165681294e-01
8.639999999999999902e-01 -7.304684660014219011e-01
8.800000000000000044e-01 -6.974277398766436376e-01
8.960000000000000187e-01 -6.878316310144173551e-01
9.120000000000000329e-01 -6.873371065429042526e-01
9.280000000000000471e-01 -6.755190392599580429e-01
9.440000000000000613e-01 -6.256972614572651192e-01
9.599999999999999645e-01 -5.215574764276247333e-01
9.759999999999999787e-01 -3.708582056318018294e-01
9.919999999999999929e-01 -1.973194179927371672e-01
1.008000000000000007e+00 -2.261147928477225122e-02
1.024000000000000021e+00 1.386058131140504579e-01
1.040000000000000036e+00 2.726326515644393322e-01
1.056000000000000050e+00 3.706078655779105890e-01
1.072000000000000064e+00 4.358687613442228104e-01
1.088000000000000078e+00 4.712918220708304795e-01
1.104000000000000092e+00 4.661185915270373847e-01
1.120000000000000107e+00 4.162260174132464408e-01
1.136000000000000121e+00 3.521620693952766112e-01
1.152000000000000135e+00 3.247048476243581394e-01
1.167999999999999927e+00 3.575061791321947902e-01
1.183999999999999941e+00 4.249078650572348792e-01
1.199999999999999956e+00 4.799997748394896901e-01
1.215999999999999970e+00 4.968775600018857652e-01
1.231999999999999984e+00 4.864363084865009346e-01
1.247999999999999998e+00 4.853663085533937438e-01
1.264000000000000012e+00 5.358009116426099006e-01
1.280000000000000027e+00 6.627566485850779898e-01
1.296000000000000041e+00 8.548997067855460541e-01
1.312000000000000055e+00 1.065136431209879664e+00
1.328000000000000069e+00 1.239520607153267395e+00
1.344000000000000083e+00 1.349477990786687620e+00
1.360000000000000098e+00 1.397239079454465127e+00
1.376000000000000112e+00 1.402344537000299596e+00
1.392000000000000126e+00 1.389426326110083210e+00
1.407999999999999918e+00 1.375738159741878297e+00
1.423999999999999932e+00 1.359031788968533938e+00
1.439999999999999947e+00 1.319860019643305238e+00
1.455999999999999961e+00 1.238509341555503074e+00
1.471999999999999975e+00 1.109070354191935559e+00
1.487999999999999989e+00 9.414185278301754334e-01
1.504000000000000004e+00 7.587351989164754507e-01
1.520000000000000018e+00 5.938726096070988669e-01
1.536000000000000032e+00 4.763931441677457523e-01
1.552000000000000046e+00 4.142176387878226951e-01
1.568000000000000060e+00 3.888457650035687663e-01
1.584000000000000075e+00 3.713381248235198551e-01
1.600000000000000089e+00 3.442749901678026081e-01
1.616000000000000103e+00 3.094769409098222512e-01
1.632000000000000117e+00 2.790366061355770144e-01
1.648000000000000131e+00 2.634515670993637926e-01
1.664000000000000146e+00 2.627231025666553754e-01
1.679999999999999938e+00 2.629797229318005525e-01
1.695999999999999952e+00 2.485744953916811106e-01
1.711999999999999966e+00 2.199174727628794568e-01
1.727999999999999980e+00 1.904857189150876429e-01
1.743999999999999995e+00 1.672024065341236321e-01
1.760000000000000009e+00 1.455650614692376166e-01
1.776000000000000023e+00 1.244881385295170673e-01
1.792000000000000037e+00 1.108982327643163457e-01
1.808000000000000052e+00 1.032471716384557592e-01
1.824000000000000066e+00 8.564643051295163512e-02
1.840000000000000080e+00 4.821056388160781248e-02
1.856000000000000094e+00 -1.272939741385631113e-04
1.872000000000000108e+00 -4.957765523763506266e-02
1.888000000000000123e+00 -1.107572165047211454e-01
1.904000000000000137e+00 -2.040524953592578183e-01
1.919999999999999929e+00 -3.258737525652897205e-01
1.935999999999999943e+00 -4.366487116160499005e-01
1.951999999999999957e+00 -4.886958391173638061e-01
1.967999999999999972e+00 -4.605943649079223823e-01
1.983999999999999986e+00 -3.686088772682918902e-01
2.000000000000000000e+00 -2.577209517266311756e-01
2.016000000000000014e+00 -1.774327280126652973e-01
2.032000000000000028e+00 -1.507479105822441545e-01
2.048000000000000043e+00 -1.622642289902489487e-01
2.064000000000000057e+00 -1.801996995976266058e-01
2.080000000000000071e+00 -1.860671495708677570e-01
2.096000000000000085e+00 -1.754155004532773898e-01
2.112000000000000099e+00 -1.418177839783656691e-01
2.128000000000000114e+00 -8.244650684679573349e-02
2.144000000000000128e+00 -1.381712045314537757e-02
2.160000000000000142e+00 3.950701683598532160e-02
2.176000000000000156e+00 7.239750623577533017e-02
2.192000000000000171e+00 1.058531245579058394e-01
2.208000000000000185e+00 1.665670979140512209e-01
2.224000000000000199e+00 2.638585140707866983e-01
2.240000000000000213e+00 3.863690212351952313e-01
2.256000000000000227e+00 5.123682660160965296e-01
2.272000000000000242e+00 6.158410432768098852e-01
2.288000000000000256e+00 6.712274830939175541e-01
2.304000000000000270e+00 6.649921000570602203e-01
2.319999999999999840e+00 6.050111078431001932e-01
2.335999999999999854e+00 5.167500484350052714e-01
2.351999999999999869e+00 4.300802321798013472e-01
2.367999999999999883e+00 3.678602656874050969e-01
2.383999999999999897e+00 3.358625303062113265e-01
2.399999999999999911e+00 3.143366405762844096e-01
2.415999999999999925e+00 2.728580563892244459e-01
2.431999999999999940e+00 2.058397643246287767e-01
2.447999999999999954e+00 1.390466678536770029e-01
2.463999999999999968e+00 9.367443106543914266e-02
2.479999999999999982e+00 6.031529182269029093e-02
2.495999999999999996e+00 1.487906034472999926e-02
