0.000000000000000000e+00 3.988717207566941170e+01
1.600000000000000033e-02 3.903942573281145911e+01
3.200000000000000067e-02 3.674120027124345000e+01
4.800000000000000100e-02 3.346520956255714196e+01
6.400000000000000133e-02 2.972761845856655682e+01
8.000000000000000167e-02 2.593936100209887030e+01
9.600000000000000200e-02 2.236606891315777546e+01
1.120000000000000023e-01 1.913523132442523789e+01
1.280000000000000027e-01 1.627791772717876029e+01
1.440000000000000169e-01 1.379103639950415783e+01
1.600000000000000033e-01 1.166750385594104245e+01
1.759999999999999898e-01 9.886518719744927353e+00
1.920000000000000040e-01 8.408525776035963517e+00
2.080000000000000182e-01 7.186519650138690096e+00
2.240000000000000047e-01 6.172491924316275913e+00
2.399999999999999911e-01 5.320088883634102039e+00
2.560000000000000053e-01 4.590109158108575116e+00
2.720000000000000195e-01 3.947740504405980566e+00
2.880000000000000338e-01 3.357335116628600513e+00
3.039999999999999925e-01 2.794907506896645355e+00
3.200000000000000067e-01 2.262752540869448215e+00
3.360000000000000209e-01 1.774883239779114330e+00
3.519999999999999796e-01 1.329388593376815475e+00
3.679999999999999938e-01 9.066583671206948081e-01
3.840000000000000080e-01 4.896385713199304379e-01
4.000000000000000222e-01 7.786239118581590735e-02
4.160000000000000364e-01 -3.101031663304667507e-01
4.319999999999999951e-01 -6.452272560081704356e-01
4.480000000000000093e-01 -9.122208078026727840e-01
4.640000000000000235e-01 -1.124307506374446763e+00
4.799999999999999822e-01 -1.298650588646226511e+00
4.959999999999999964e-01 -1.427022568641369782e+00
5.120000000000000107e-01 -1.496295092846924524e+00
5.280000000000000249e-01 -1.528427363301982700e+00
5.440000000000000391e-01 -1.568989831769918020e+00
5.600000000000000533e-01 -1.639617788251757524e+00
5.760000000000000675e-01 -1.727024093847089103e+00
5.919999999999999707e-01 -1.812044981686698586e+00
6.079999999999999849e-01 -1.884288764837273922e+00
6.239999999999999991e-01 -1.934264406474541786e+00
6.400000000000000133e-01 -1.956284895066666252e+00
6.560000000000000275e-01 -1.960225869037972357e+00
6.720000000000000417e-01 -1.964834344646861686e+00
6.880000000000000560e-01 -1.977670607677185721e+00
7.039999999999999591e-01 -1.987044407739255947e+00
7.199999999999999734e-01 -1.970727740733243305e+00
7.359999999999999876e-01 -1.914231500947793041e+00
7.520000000000000018e-01 -1.830766059723659689e+00
7.680000000000000160e-01 -1.759250815789077826e+00
7.840000000000000302e-01 -1.728577537939050668e+00
8.000000000000000444e-01 -1.730901963802385257e+00
8.160000000000000586e-01 -1.743590950094046299e+00
8.320000000000000728e-01 -1.757636031648848851e+00
8.479999999999999760e-01 -1.761354454457863872e+00
8.639999999999999902e-01 -1.722444355384562309e+00
8.800000000000000044e-01 -1.621906206777553150e+00
8.960000000000000187e-01 -1.489128717883124287e+00
9.120000000000000329e-01 -1.375077695073016804e+00
9.280000000000000471e-01 -1.304044678197016083e+00
9.440000000000000613e-01 -1.264199221313759613e+00
9.599999999999999645e-01 -1.224412033457306093e+00
9.759999999999999787e-01 -1.154591465380333748e+00
9.919999999999999929e-01 -1.050556387071900577e+00
1.008000000000000007e+00 -9.362740179688880948e-01
1.024000000000000021e+00 -8.277146759463890335e-01
1.040000000000000036e+00 -7.155411076961808448e-01
1.056000000000000050e+00 -5.996409390977304188e-01
1.072000000000000064e+00 -5.076399716439571330e-01
1.088000000000000078e+00 -4.561401565935232494e-01
1.104000000000000092e+00 -4.241419189103634579e-01
1.120000000000000107e+00 -3.846853449950713433e-01
1.136000000000000121e+00 -3.349134151765729706e-01
1.152000000000000135e+00 -2.796971888334364165e-01
1.167999999999999927e+00 -2.105540811473056717e-01
1.183999999999999941e+00 -1.152657213374701783e-01
1.199999999999999956e+00 4.936513996704884437e-03
1.215999999999999970e+00 1.343059212925685197e-01
1.231999999999999984e+00 2.560501884535450468e-01
1.247999999999999998e+00 3.739122822847301686e-01
1.264000000000000012e+00 5.197164928453047450e-01
1.280000000000000027e+00 7.196244350116280941e-01
1.296000000000000041e+00 9.471470893242425193e-01
1.312000000000000055e+00 1.129430448040333879e+00
1.328000000000000069e+00 1.206694007606406327e+00
1.344000000000000083e+00 1.171965134846163270e+00
1.360000000000000098e+00 1.060567266782721729e+00
1.376000000000000112e+00 9.283308946603617828e-01
1.392000000000000126e+00 8.352654719077036161e-01
1.407999999999999918e+00 8.142497138670116152e-01
1.423999999999999932e+00 8.423630240715108686e-01
1.439999999999999947e+00 8.589277263089517556e-01
1.455999999999999961e+00 8.184492785850224772e-01
1.471999999999999975e+00 7.223903911609080852e-01
1.487999999999999989e+00 6.077592022620069701e-01
1.504000000000000004e+00 5.139198548802449418e-01
1.520000000000000018e+00 4.549093828857843635e-01
1.536000000000000032e+00 4.190770628820618127e-01
1.552000000000000046e+00 3.969300095460330802e-01
1.568000000000000060e+00 3.988971493197220886e-01
1.584000000000000075e+00 4.319393339639140961e-01
1.600000000000000089e+00 4.700167145142710168e-01
1.616000000000000103e+00 4.720540074524949836e-01
1.632000000000000117e+00 4.288504279161965416e-01
1.648000000000000131e+00 3.741014718577948539e-01
1.664000000000000146e+00 3.490029916434475576e-01
1.679999999999999938e+00 3.678187066674400429e-01
1.695999999999999952e+00 4.114074473784166130e-01
1.711999999999999966e+00 4.411516023478091464e-01
1.727999999999999980e+00 4.266465322216110301e-01
1.743999999999999995e+00 3.697774413031611473e-01
1.760000000000000009e+00 2.946136993517010083e-01
1.776000000000000023e+00 2.152850108601986889e-01
1.792000000000000037e+00 1.285077802630554544e-01
1.808000000000000052e+00 2.740015156281104536e-02
1.824000000000000066e+00 -9.912207794732832977e-02
1.840000000000000080e+00 -2.622011795956651348e-01
1.856000000000000094e+00 -4.408261610680438980e-01
1.872000000000000108e+00 -5.778636221441246779e-01
1.888000000000000123e+00 -6.376127328396036242e-01
1.904000000000000137e+00 -6.416058285789825177e-01
1.919999999999999929e+00 -6.255502324907569189e-01
1.935999999999999943e+00 -5.950710464530027943e-01
1.951999999999999957e+00 -5.440448977554559473e-01
1.967999999999999972e+00 -4.812081130205286272e-01
1.983999999999999986e+00 -4.208812166307894786e-01
2.000000000000000000e+00 -3.747342463579511063e-01
2.016000000000000014e+00 -3.590138224145108525e-01
2.032000000000000028e+00 -3.857216127844061426e-01
2.048000000000000043e+00 -4.460306056439647393e-01
2.064000000000000057e+00 -5.172442359796493028e-01
2.080000000000000071e+00 -5.780986470819410306e-01
2.096000000000000085e+00 -6.115742836494715284e-01
2.112000000000000099e+00 -6.141398210177004824e-01
2.128000000000000114e+00 -6.116826904875882764e-01
2.144000000000000128e+00 -6.451812279880990708e-01
2.160000000000000142e+00 -7.300682472627545438e-01
2.176000000000000156e+00 -8.408806214867577955e-01
2.192000000000000171e+00 -9.342180479638567681e-01
2.208000000000000185e+00 -9.754270589310439776e-01
2.224000000000000199e+00 -9.534833045513689820e-01
2.240000000000000213e+00 -8.866211871621355600e-01
2.256000000000000227e+00 -8.056830790747668836e-01
2.272000000000000242e+00 -7.226536757578165826e-01
2.288000000000000256e+00 -6.282809270681736225e-01
2.304000000000000270e+00 -5.230961839662044977e-01
2.319999999999999840e+00 -4.283888745517252516e-01
2.335999999999999854e+00 -3.628545627474826230e-01
2.351999999999999869e+00 -3.303484351971733846e-01
2.367999999999999883e+00 -3.266473477606786080e-01
2.383999999999999897e+00 -3.306933460815706383e-01
2.399999999999999911e+00 -2.985124029398503742e-01
2.415999999999999925e+00 -2.036132125896129297e-01
2.431999999999999940e+00 -8.175642654023024258e-02
2.447999999999999954e+00 -1.411162958282494682e-03
2.463999999999999968e+00 1.158783295146833224e-02
2.479999999999999982e+00 -6.007571648498528927e-03
2.495999999999999996e+00 -5.646397103115478877e-03
