0.000000000000000000e+00 4.915908791337234618e+01
1.600000000000000033e-02 4.810867645593208408e+01
3.200000000000000067e-02 4.523573375350771641e+01
4.800000000000000100e-02 4.111826342220410879e+01
6.400000000000000133e-02 3.641281609949268017e+01
8.000000000000000167e-02 3.166107007784242811e+01
9.600000000000000200e-02 2.721450592401126656e+01
1.120000000000000023e-01 2.323856645448895719e+01
1.280000000000000027e-01 1.976251266016436148e+01
1.440000000000000169e-01 1.674497859154416801e+01
1.600000000000000033e-01 1.412722509877790245e+01
1.759999999999999898e-01 1.186526736475636135e+01
1.920000000000000040e-01 9.940940041351336021e+00
2.080000000000000182e-01 8.347179706272962463e+00
2.240000000000000047e-01 7.060410861328205279e+00
2.399999999999999911e-01 6.029510914505173069e+00
2.560000000000000053e-01 5.192043185056227195e+00
2.720000000000000195e-01 4.497561120440055404e+00
2.880000000000000338e-01 3.908672493087340882e+00
3.039999999999999925e-01 3.385652466630451940e+00
3.200000000000000067e-01 2.887512160420810492e+00
3.360000000000000209e-01 2.389253318722688313e+00
3.519999999999999796e-01 1.890538811834409305e+00
3.679999999999999938e-01 1.406891242130179354e+00
3.840000000000000080e-01 9.516793984067606349e-01
4.000000000000000222e-01 5.293454464855062991e-01
4.160000000000000364e-01 1.454679275196529287e-01
4.319999999999999951e-01 -1.884475343760205757e-01
4.480000000000000093e-01 -4.656999856717479180e-01
4.640000000000000235e-01 -6.950758856434766653e-01
4.799999999999999822e-01 -8.977201644576534578e-01
4.959999999999999964e-01 -1.094633713883264026e+00
5.120000000000000107e-01 -1.293770103486005851e+00
5.280000000000000249e-01 -1.480897825058138162e+00
5.440000000000000391e-01 -1.627091072022213147e+00
5.600000000000000533e-01 -1.712417961199872218e+00
5.760000000000000675e-01 -1.737120393124467199e+00
5.919999999999999707e-01 -1.714602817188675132e+00
6.079999999999999849e-01 -1.667874043730911859e+00
6.239999999999999991e-01 -1.628333707796580265e+00
6.400000000000000133e-01 -1.620561763697459190e+00
6.560000000000000275e-01 -1.640361620505466744e+00
6.720000000000000417e-01 -1.655764537329731390e+00
6.880000000000000560e-01 -1.639196878880622155e+00
7.039999999999999591e-01 -1.597268212795738274e+00
7.199999999999999734e-01 -1.566327867962432396e+00
7.359999999999999876e-01 -1.578948351671249917e+00
7.520000000000000018e-01 -1.633376956114673595e+00
7.680000000000000160e-01 -1.694456354792105435e+00
7.840000000000000302e-01 -1.723698704726369657e+00
8.000000000000000444e-01 -1.711217660057594570e+00
8.160000000000000586e-01 -1.679480191219832053e+00
8.320000000000000728e-01 -1.653439818776943238e+00
8.479999999999999760e-01 -1.632312623993571687e+00
8.639999999999999902e-01 -1.593887516431569340e+00
8.800000000000000044e-01 -1.518916151789099001e+00
8.960000000000000187e-01 -1.406503002925988399e+00
9.120000000000000329e-01 -1.266230214615463812e+00
9.280000000000000471e-01 -1.102785123825962499e+00
9.440000000000000613e-01 -9.183286857214523202e-01
9.599999999999999645e-01 -7.236792443118692519e-01
9.759999999999999787e-01 -5.351838701274794774e-01
9.919999999999999929e-01 -3.627751363269791085e-01
1.008000000000000007e+00 -2.084906718475646736e-01
1.024000000000000021e+00 -7.570302768386368009e-02
1.040000000000000036e+00 2.895146947480036967e-02
1.056000000000000050e+00 1.059970401500063414e-01
1.072000000000000064e+00 1.709479756740344414e-01
1.088000000000000078e+00 2.519534066839561604e-01
1.104000000000000092e+00 3.797543435754530683e-01
1.120000000000000107e+00 5.713359893928913191e-01
1.136000000000000121e+00 8.135044202579595485e-01
1.152000000000000135e+00 1.061716786712667115e+00
1.167999999999999927e+00 1.265401750581237605e+00
1.183999999999999941e+00 1.401479205835793884e+00
1.199999999999999956e+00 1.481854487141008869e+00
1.215999999999999970e+00 1.531454622804159893e+00
1.231999999999999984e+00 1.563054370238983193e+00
1.247999999999999998e+00 1.572436400487225328e+00
1.264000000000000012e+00 1.554050634700371747e+00
1.280000000000000027e+00 1.512919167481531879e+00
1.296000000000000041e+00 1.460616940170765821e+00
1.312000000000000055e+00 1.408609421737422096e+00
1.328000000000000069e+00 1.365168227493387620e+00
1.344000000000000083e+00 1.333427795139035421e+00
1.360000000000000098e+00 1.312881809815207745e+00
1.376000000000000112e+00 1.301432959067900130e+00
1.392000000000000126e+00 1.292336110528645721e+00
1.407999999999999918e+00 1.273929180342452838e+00
1.423999999999999932e+00 1.243681203108792044e+00
1.439999999999999947e+00 1.219012140141925826e+00
1.455999999999999961e+00 1.217308425575138742e+00
1.471999999999999975e+00 1.225575272788922643e+00
1.487999999999999989e+00 1.205352687755564034e+00
1.504000000000000004e+00 1.133872068547211232e+00
1.520000000000000018e+00 1.034730274147852347e+00
1.536000000000000032e+00 9.581485034138799151e-01
1.552000000000000046e+00 9.312448300985017857e-01
1.568000000000000060e+00 9.379905223197562147e-01
1.584000000000000075e+00 9.460611783380272755e-01
1.600000000000000089e+00 9.413675810203676608e-01
1.616000000000000103e+00 9.324037032515239964e-01
1.632000000000000117e+00 9.268168965570806606e-01
1.648000000000000131e+00 9.137566606004582370e-01
1.664000000000000146e+00 8.740440674744835992e-01
1.679999999999999938e+00 8.038894813779572379e-01
1.695999999999999952e+00 7.198143803458447731e-01
1.711999999999999966e+00 6.334723455043513862e-01
1.727999999999999980e+00 5.289535671104977910e-01
1.743999999999999995e+00 3.797393973912132070e-01
1.760000000000000009e+00 1.914263697245734419e-01
1.776000000000000023e+00 1.700873125130641927e-02
1.792000000000000037e+00 -8.155781345089244128e-02
1.808000000000000052e+00 -8.306094229116589567e-02
1.824000000000000066e+00 -1.490712071390274708e-02
1.840000000000000080e+00 7.165524061792943877e-02
1.856000000000000094e+00 1.278450778018010714e-01
1.872000000000000108e+00 1.291538066888729686e-01
1.888000000000000123e+00 8.860153753708645274e-02
1.904000000000000137e+00 5.184494369746106557e-02
1.919999999999999929e+00 6.945814212215760397e-02
1.935999999999999943e+00 1.584845322903943587e-01
1.951999999999999957e+00 2.853272640475672528e-01
1.967999999999999972e+00 3.862466944108843836e-01
1.983999999999999986e+00 4.071151412808874936e-01
2.000000000000000000e+00 3.327394915107078077e-01
2.016000000000000014e+00 1.894421745901861132e-01
2.032000000000000028e+00 2.696927664294221372e-02
2.048000000000000043e+00 -1.069993921787798230e-01
2.064000000000000057e+00 -1.882623295650672768e-01
2.080000000000000071e+00 -2.227754347710965699e-01
2.096000000000000085e+00 -2.394068672326662151e-01
2.112000000000000099e+00 -2.727310675931324813e-01
2.128000000000000114e+00 -3.379905431407790317e-01
2.144000000000000128e+00 -4.149192377505731000e-01
2.160000000000000142e+00 -4.601386529902875555e-01
2.176000000000000156e+00 -4.416375803830603353e-01
2.192000000000000171e+00 -3.598784118679363986e-01
2.208000000000000185e+00 -2.352332304104639560e-01
2.224000000000000199e+00 -8.921960812571765043e-02
2.240000000000000213e+00 5.582648567382580279e-02
2.256000000000000227e+00 1.736229416950726412e-01
2.272000000000000242e+00 2.437153337160176680e-01
2.288000000000000256e+00 2.661010064069642689e-01
2.304000000000000270e+00 2.589215599111694965e-01
2.319999999999999840e+00 2.357944390377026134e-01
2.335999999999999854e+00 1.905632636006414360e-01
2.351999999999999869e+00 1.078818620323174216e-01
2.367999999999999883e+00 -1.332472905402644868e-02
2.383999999999999897e+00 -1.499385897532468093e-01
2.399999999999999911e+00 -2.706968129606238671e-01
2.415999999999999925e+00 -3.561060813575199213e-01
2.431999999999999940e+00 -3.981246324091891609e-01
2.447999999999999954e+00 -3.883744324900282874e-01
2.463999999999999968e+00 -3.167490825610116967e-01
2.479999999999999982e+00 -1.882586222890855476e-01
2.495999999999999996e+00 -3.622042108733736221e-02
