0.000000000000000000e+00 4.003889395237628435e+01
1.600000000000000033e-02 3.923747262543496817e+01
3.200000000000000067e-02 3.700974518227729959e+01
4.800000000000000100e-02 3.377322623363551202e+01
6.400000000000000133e-02 3.002303732149502480e+01
8.000000000000000167e-02 2.619279918635351834e+01
9.600000000000000200e-02 2.258779373998020290e+01
1.120000000000000023e-01 1.937325841976831953e+01
1.280000000000000027e-01 1.660315354283687128e+01
1.440000000000000169e-01 1.426599633116202526e+01
1.600000000000000033e-01 1.231507276451650768e+01
1.759999999999999898e-01 1.067974098141914396e+01
1.920000000000000040e-01 9.281253812320628072e+00
2.080000000000000182e-01 8.059435540829962719e+00
2.240000000000000047e-01 6.988104925695224345e+00
2.399999999999999911e-01 6.060058080944356718e+00
2.560000000000000053e-01 5.256031595456693850e+00
2.720000000000000195e-01 4.536149451830378432e+00
2.880000000000000338e-01 3.864831752568570700e+00
3.039999999999999925e-01 3.231481075355040922e+00
3.200000000000000067e-01 2.639360177751765235e+00
3.360000000000000209e-01 2.088308603151232123e+00
3.519999999999999796e-01 1.576882156236490085e+00
3.679999999999999938e-01 1.105617579246622295e+00
3.840000000000000080e-01 6.686716058963760867e-01
4.000000000000000222e-01 2.563121813688665762e-01
4.160000000000000364e-01 -1.288820565841836407e-01
4.319999999999999951e-01 -4.749825377089411660e-01
4.480000000000000093e-01 -7.856493995756094195e-01
4.640000000000000235e-01 -1.084613140539365084e+00
4.799999999999999822e-01 -1.384225586098193794e+00
4.959999999999999964e-01 -1.660665901440553816e+00
5.120000000000000107e-01 -1.873864379616575482e+00
5.280000000000000249e-01 -2.009427377908742596e+00
5.440000000000000391e-01 -2.090402602797149179e+00
5.600000000000000533e-01 -2.149278068735252401e+00
5.760000000000000675e-01 -2.201658866384984314e+00
5.919999999999999707e-01 -2.247619787861860008e+00
6.079999999999999849e-01 -2.280489996541659625e+00
6.239999999999999991e-01 -2.288699383376543661e+00
6.400000000000000133e-01 -2.266762519186066971e+00
6.560000000000000275e-01 -2.231128386869259295e+00
6.720000000000000417e-01 -2.210268080906015342e+00
6.880000000000000560e-01 -2.216751025668631137e+00
7.039999999999999591e-01 -2.242182393163915766e+00
7.199999999999999734e-01 -2.273026109818045981e+00
7.359999999999999876e-01 -2.292525906452901996e+00
7.520000000000000018e-01 -2.275271966665454393e+00
7.680000000000000160e-01 -2.203324011376898373e+00
7.840000000000000302e-01 -2.086709330883454783e+00
8.000000000000000444e-01 -1.953172481159691998e+00
8.160000000000000586e-01 -1.820616601699729609e+00
8.320000000000000728e-01 -1.690123149500420086e+00
8.479999999999999760e-01 -1.561660520502695659e+00
8.639999999999999902e-01 -1.445772518309077048e+00
8.800000000000000044e-01 -1.358017222451352701e+00
8.960000000000000187e-01 -1.306642238859405225e+00
9.120000000000000329e-01 -1.287787939626904077e+00
9.280000000000000471e-01 -1.287539824065259353e+00
9.440000000000000613e-01 -1.282499428791328944e+00
9.599999999999999645e-01 -1.245323501748894612e+00
9.759999999999999787e-01 -1.164379969071183796e+00
9.919999999999999929e-01 -1.056435975259036875e+00
1.008000000000000007e+00 -9.463987430886989793e-01
1.024000000000000021e+00 -8.377205417744562066e-01
1.040000000000000036e+00 -7.175277705303640952e-01
1.056000000000000050e+00 -5.867181490846462566e-01
1.072000000000000064e+00 -4.681892348847038199e-01
1.088000000000000078e+00 -3.847202054600029619e-01
1.104000000000000092e+00 -3.381814199298892043e-01
1.120000000000000107e+00 -3.080577317557741113e-01
1.136000000000000121e+00 -2.635146337308018061e-01
1.152000000000000135e+00 -1.822471234581393151e-01
1.167999999999999927e+00 -6.768719503564600559e-02
1.183999999999999941e+00 5.226983022839130910e-02
1.199999999999999956e+00 1.511448675556880950e-01
1.215999999999999970e+00 2.295450095305298921e-01
1.231999999999999984e+00 3.064133167566394089e-01
1.247999999999999998e+00 3.838223822416895747e-01
1.264000000000000012e+00 4.376746838792614502e-01
1.280000000000000027e+00 4.538575730177063505e-01
1.296000000000000041e+00 4.563462173093467689e-01
1.312000000000000055e+00 4.837482121256834744e-01
1.328000000000000069e+00 5.524037801042700480e-01
1.344000000000000083e+00 6.554586681142740012e-01
1.360000000000000098e+00 7.789288616081280203e-01
1.376000000000000112e+00 9.011383718769427897e-01
1.392000000000000126e+00 9.920142511605841706e-01
1.407999999999999918e+00 1.030662706357617031e+00
1.423999999999999932e+00 1.016909260942115978e+00
1.439999999999999947e+00 9.602718123856412991e-01
1.455999999999999961e+00 8.707236979829869883e-01
1.471999999999999975e+00 7.676147050259121141e-01
1.487999999999999989e+00 6.852298923483500781e-01
1.504000000000000004e+00 6.545992690330950659e-01
1.520000000000000018e+00 6.761238838720150524e-01
1.536000000000000032e+00 7.143669629556966827e-01
1.552000000000000046e+00 7.244327838878331649e-01
1.568000000000000060e+00 6.847414686872989042e-01
1.584000000000000075e+00 6.066687673425251726e-01
1.600000000000000089e+00 5.206416350901151846e-01
1.616000000000000103e+00 4.554468222679679545e-01
1.632000000000000117e+00 4.194764942332050994e-01
1.648000000000000131e+00 3.941170801069416307e-01
1.664000000000000146e+00 3.525576010319169118e-01
1.679999999999999938e+00 2.877104855201572109e-01
1.695999999999999952e+00 2.129231638133128046e-01
1.711999999999999966e+00 1.392755498429840699e-01
1.727999999999999980e+00 6.955728039465725043e-02
1.743999999999999995e+00 1.330466499652118058e-02
1.760000000000000009e+00 -1.340575120872579754e-02
1.776000000000000023e+00 -9.945302217452413329e-03
1.792000000000000037e+00 8.432374263590361203e-04
1.808000000000000052e+00 -5.671320691381218429e-03
1.824000000000000066e+00 -3.285333372913306488e-02
1.840000000000000080e+00 -6.542337884722185248e-02
1.856000000000000094e+00 -8.728652824679465627e-02
1.872000000000000108e+00 -8.864906618401237337e-02
1.888000000000000123e+00 -6.264697654216606904e-02
1.904000000000000137e+00 -1.192544208585527392e-02
1.919999999999999929e+00 3.965660526002545011e-02
1.935999999999999943e+00 5.831970923164554038e-02
1.951999999999999957e+00 2.954639052919362865e-02
1.967999999999999972e+00 -3.331511304409415924e-02
1.983999999999999986e+00 -1.065029187897746366e-01
2.000000000000000000e+00 -1.687740624080309171e-01
2.016000000000000014e+00 -2.052575294292441344e-01
2.032000000000000028e+00 -2.177640316433750722e-01
2.048000000000000043e+00 -2.263590228681821026e-01
2.064000000000000057e+00 -2.456597780795705122e-01
2.080000000000000071e+00 -2.668346776019991928e-01
2.096000000000000085e+00 -2.744769974859758710e-01
2.112000000000000099e+00 -2.698239194163519206e-01
2.128000000000000114e+00 -2.643971808014202729e-01
2.144000000000000128e+00 -2.600242465104134482e-01
2.160000000000000142e+00 -2.487389706072326012e-01
2.176000000000000156e+00 -2.302776724555154475e-01
2.192000000000000171e+00 -2.196105566017534372e-01
2.208000000000000185e+00 -2.332069581927303792e-01
2.224000000000000199e+00 -2.735382664007712239e-01
2.240000000000000213e+00 -3.329028507041382201e-01
2.256000000000000227e+00 -4.033900602148193237e-01
2.272000000000000242e+00 -4.682741835857488488e-01
2.288000000000000256e+00 -4.921494981021085624e-01
2.304000000000000270e+00 -4.446184190492679655e-01
2.319999999999999840e+00 -3.363936098724825685e-01
2.335999999999999854e+00 -2.141565562801944489e-01
2.351999999999999869e+00 -1.184905360875700142e-01
2.367999999999999883e+00 -5.880201423133129407e-02
2.383999999999999897e+00 -2.304260000349475992e-02
2.399999999999999911e+00 4.427439660624928920e-03
2.415999999999999925e+00 3.202528136717603530e-02
2.431999999999999940e+00 5.478146089226041543e-02
2.447999999999999954e+00 5.873678077902059341e-02
2.463999999999999968e+00 3.855122493114846588e-02
2.479999999999999982e+00 9.900473313644518256e-03
2.495999999999999996e+00 -1.625654662013461442e-03
