0.000000000000000000e+00 4.880757389441869520e+01
1.600000000000000033e-02 4.778493633627991954e+01
3.200000000000000067e-02 4.497698490376540548e+01
4.800000000000000100e-02 4.093214792936276325e+01
6.400000000000000133e-02 3.628726231479637931e+01
8.000000000000000167e-02 3.158082204714746410e+01
9.600000000000000200e-02 2.716302233760854534e+01
1.120000000000000023e-01 2.319541039404875349e+01
1.280000000000000027e-01 1.970467082431772354e+01
1.440000000000000169e-01 1.665105601642567024e+01
1.600000000000000033e-01 1.398248851218437494e+01
1.759999999999999898e-01 1.166601031714601611e+01
1.920000000000000040e-01 9.689505928079357844e+00
2.080000000000000182e-01 8.035550446681991588e+00
2.240000000000000047e-01 6.666968312069579738e+00
2.399999999999999911e-01 5.534959083140106983e+00
2.560000000000000053e-01 4.585157360872641696e+00
2.720000000000000195e-01 3.763770643686604522e+00
2.880000000000000338e-01 3.034417759434187900e+00
3.039999999999999925e-01 2.389667853927207375e+00
3.200000000000000067e-01 1.835307720889953309e+00
3.360000000000000209e-01 1.366479247615183912e+00
3.519999999999999796e-01 9.642211825070263753e-01
3.679999999999999938e-01 6.012350901775351808e-01
3.840000000000000080e-01 2.502333104104880745e-01
4.000000000000000222e-01 -1.012409587682966822e-01
4.160000000000000364e-01 -4.470681896654646881e-01
4.319999999999999951e-01 -7.747012217996593897e-01
4.480000000000000093e-01 -1.074238571859458036e+00
4.640000000000000235e-01 -1.340057296470407833e+00
4.799999999999999822e-01 -1.573093970409755515e+00
4.959999999999999964e-01 -1.777455516223882981e+00
5.120000000000000107e-01 -1.950594477328983389e+00
5.280000000000000249e-01 -2.089182450405425939e+00
5.440000000000000391e-01 -2.207278393173709219e+00
5.600000000000000533e-01 -2.331174113959680660e+00
5.760000000000000675e-01 -2.470396451497641976e+00
5.919999999999999707e-01 -2.603827472464128157e+00
6.079999999999999849e-01 -2.700586572884735581e+00
6.239999999999999991e-01 -2.748989937580473164e+00
6.400000000000000133e-01 -2.759610146288530963e+00
6.560000000000000275e-01 -2.748827130216029868e+00
6.720000000000000417e-01 -2.723791792263275280e+00
6.880000000000000560e-01 -2.679026634739464452e+00
7.039999999999999591e-01 -2.609970490010444344e+00
7.199999999999999734e-01 -2.528811947382525460e+00
7.359999999999999876e-01 -2.463749241891259434e+00
7.520000000000000018e-01 -2.439317585925929954e+00
7.680000000000000160e-01 -2.451981227773397443e+00
7.840000000000000302e-01 -2.471858793123143272e+00
8.000000000000000444e-01 -2.473021058127319538e+00
8.160000000000000586e-01 -2.455098742217880048e+00
8.320000000000000728e-01 -2.437074347452746981e+00
8.479999999999999760e-01 -2.436072406332913332e+00
8.639999999999999902e-01 -2.450586583070801350e+00
8.800000000000000044e-01 -2.455079429951766201e+00
8.960000000000000187e-01 -2.410750032852146063e+00
9.120000000000000329e-01 -2.297932467342167495e+00
9.280000000000000471e-01 -2.134841516125052685e+00
9.440000000000000613e-01 -1.955319674334037749e+00
9.599999999999999645e-01 -1.782176954599279606e+00
9.759999999999999787e-01 -1.622800921741041291e+00
9.919999999999999929e-01 -1.477732479887867933e+00
1.008000000000000007e+00 -1.347632022199648505e+00
1.024000000000000021e+00 -1.233260136568579357e+00
1.040000000000000036e+00 -1.134984161152108095e+00
1.056000000000000050e+00 -1.046169462128839323e+00
1.072000000000000064e+00 -9.473839273921835780e-01
1.088000000000000078e+00 -8.179896972385867215e-01
1.104000000000000092e+00 -6.526583767028610872e-01
1.120000000000000107e+00 -4.658294814419763341e-01
1.136000000000000121e+00 -2.798180918705479581e-01
1.152000000000000135e+00 -1.106731162841318589e-01
1.167999999999999927e+00 3.632157010501382843e-02
1.183999999999999941e+00 1.651078272975557149e-01
1.199999999999999956e+00 2.775169031199223313e-01
1.215999999999999970e+00 3.638723125318935048e-01
1.231999999999999984e+00 4.084953197960766169e-01
1.247999999999999998e+00 4.021161537354925319e-01
1.264000000000000012e+00 3.544052079852361148e-01
1.280000000000000027e+00 2.947123581574039308e-01
1.296000000000000041e+00 2.604975180185464811e-01
1.312000000000000055e+00 2.847403354679018950e-01
1.328000000000000069e+00 3.827128970137750330e-01
1.344000000000000083e+00 5.424336393375479570e-01
1.360000000000000098e+00 7.286445107588988002e-01
1.376000000000000112e+00 9.011886712952702494e-01
1.392000000000000126e+00 1.031763010695844862e+00
1.407999999999999918e+00 1.112554387034598191e+00
1.423999999999999932e+00 1.162580802688211179e+00
1.439999999999999947e+00 1.215339709842237159e+00
1.455999999999999961e+00 1.289587480437687228e+00
1.471999999999999975e+00 1.373752824505912296e+00
1.487999999999999989e+00 1.432170685791070541e+00
1.504000000000000004e+00 1.426068638300237890e+00
1.520000000000000018e+00 1.337824472620265936e+00
1.536000000000000032e+00 1.184732541051554566e+00
1.552000000000000046e+00 1.010166593299407500e+00
1.568000000000000060e+00 8.523098470709618013e-01
1.584000000000000075e+00 7.250133048580295059e-01
1.600000000000000089e+00 6.280393735783703635e-01
1.616000000000000103e+00 5.590467079401303385e-01
1.632000000000000117e+00 5.156035130047329496e-01
1.648000000000000131e+00 4.945550521636066788e-01
1.664000000000000146e+00 4.865447045226166667e-01
1.679999999999999938e+00 4.711965878059494739e-01
1.695999999999999952e+00 4.297106658045151684e-01
1.711999999999999966e+00 3.655528557191567995e-01
1.727999999999999980e+00 3.015230404965844047e-01
1.743999999999999995e+00 2.556970150586225787e-01
1.760000000000000009e+00 2.253914226189914216e-01
1.776000000000000023e+00 1.885608312362803685e-01
1.792000000000000037e+00 1.158203460309687877e-01
1.808000000000000052e+00 -1.231960875961255787e-02
1.824000000000000066e+00 -1.914380093865093169e-01
1.840000000000000080e+00 -3.944491344158100321e-01
1.856000000000000094e+00 -5.860995829153526904e-01
1.872000000000000108e+00 -7.374994580094748065e-01
1.888000000000000123e+00 -8.304775766519109093e-01
1.904000000000000137e+00 -8.548301283185756327e-01
1.919999999999999929e+00 -8.099360040651834014e-01
1.935999999999999943e+00 -7.050617341569016538e-01
1.951999999999999957e+00 -5.530278246815123477e-01
1.967999999999999972e+00 -3.672960932369191411e-01
1.983999999999999986e+00 -1.703658764132890413e-01
2.000000000000000000e+00 -2.021954051343434131e-03
2.016000000000000014e+00 9.975543283648401205e-02
2.032000000000000028e+00 1.262528589478988106e-01
2.048000000000000043e+00 9.300486822436961065e-02
2.064000000000000057e+00 2.063032176227182907e-02
2.080000000000000071e+00 -6.767585832190713135e-02
2.096000000000000085e+00 -1.422543241560370597e-01
2.112000000000000099e+00 -1.767044478012205211e-01
2.128000000000000114e+00 -1.596370879320467284e-01
2.144000000000000128e+00 -9.333288695092711862e-02
2.160000000000000142e+00 7.397216554044749176e-03
2.176000000000000156e+00 1.161728164595319801e-01
2.192000000000000171e+00 2.050550799667779645e-01
2.208000000000000185e+00 2.562685099112999576e-01
2.224000000000000199e+00 2.658508949957214540e-01
2.240000000000000213e+00 2.390783203668138956e-01
2.256000000000000227e+00 1.872951971794254988e-01
2.272000000000000242e+00 1.220610123809946629e-01
2.288000000000000256e+00 4.705682461913094500e-02
2.304000000000000270e+00 -3.711178868434369948e-02
2.319999999999999840e+00 -1.215802288591088243e-01
2.335999999999999854e+00 -1.865468972946513204e-01
2.351999999999999869e+00 -2.107274021593741054e-01
2.367999999999999883e+00 -1.820902126784406938e-01
2.383999999999999897e+00 -1.029041965075868370e-01
2.399999999999999911e+00 6.725704624593978852e-03
2.415999999999999925e+00 1.155868075492459124e-01
2.431999999999999940e+00 1.941065327801107521e-01
2.447999999999999954e+00 2.204083424951701897e-01
2.463999999999999968e+00 1.876211849564763390e-01
2.479999999999999982e+00 1.106174211533262897e-01
2.495999999999999996e+00 2.071477920541478501e-02
