0.000000000000000000e+00 3.978016199787263218e+01
1.600000000000000033e-02 3.899180723049114050e+01
3.200000000000000067e-02 3.680268085647083609e+01
4.800000000000000100e-02 3.361051958382592630e+01
6.400000000000000133e-02 2.990422877527914380e+01
8.000000000000000167e-02 2.611381716717089674e+01
9.600000000000000200e-02 2.252963726664486543e+01
1.120000000000000023e-01 1.929722037617110431e+01
1.280000000000000027e-01 1.645587284908902248e+01
1.440000000000000169e-01 1.398905720409687703e+01
1.600000000000000033e-01 1.186655967830592928e+01
1.759999999999999898e-01 1.006493845449128344e+01
1.920000000000000040e-01 8.562342579516869279e+00
2.080000000000000182e-01 7.321857357180297399e+00
2.240000000000000047e-01 6.287034747615806829e+00
2.399999999999999911e-01 5.398764024162107766e+00
2.560000000000000053e-01 4.617676212978664374e+00
2.720000000000000195e-01 3.929368263763094671e+00
2.880000000000000338e-01 3.328098048962731870e+00
3.039999999999999925e-01 2.796377658325717164e+00
3.200000000000000067e-01 2.300312551850772991e+00
3.360000000000000209e-01 1.804263716870698087e+00
3.519999999999999796e-01 1.291387034410082402e+00
3.679999999999999938e-01 7.730519374452089476e-01
3.840000000000000080e-01 2.803028614636295934e-01
4.000000000000000222e-01 -1.554164813241986076e-01
4.160000000000000364e-01 -5.184015539304517306e-01
4.319999999999999951e-01 -8.129722411686290950e-01
4.480000000000000093e-01 -1.057557476934237295e+00
4.640000000000000235e-01 -1.274939052003334572e+00
4.799999999999999822e-01 -1.482070257847977413e+00
4.959999999999999964e-01 -1.680968888315538701e+00
5.120000000000000107e-01 -1.856032963745922748e+00
5.280000000000000249e-01 -1.984131664695192088e+00
5.440000000000000391e-01 -2.053452745260320622e+00
5.600000000000000533e-01 -2.074661551817246430e+00
5.760000000000000675e-01 -2.071990539646998641e+00
5.919999999999999707e-01 -2.062544537569637182e+00
6.079999999999999849e-01 -2.045477241328072182e+00
6.239999999999999991e-01 -2.010957093345861590e+00
6.400000000000000133e-01 -1.955971962283651777e+00
6.560000000000000275e-01 -1.888669473026606260e+00
6.720000000000000417e-01 -1.820110656811441352e+00
6.880000000000000560e-01 -1.757454734936390039e+00
7.039999999999999591e-01 -1.706315473185296305e+00
7.199999999999999734e-01 -1.674159906332979952e+00
7.359999999999999876e-01 -1.665291793181055580e+00
7.520000000000000018e-01 -1.672504226542324890e+00
7.680000000000000160e-01 -1.678626651691725424e+00
7.840000000000000302e-01 -1.670026370477482924e+00
8.000000000000000444e-01 -1.648389670561927423e+00
8.160000000000000586e-01 -1.627853436018553035e+00
8.320000000000000728e-01 -1.620533942021725515e+00
8.479999999999999760e-01 -1.624846875715936445e+00
8.639999999999999902e-01 -1.626311133477082782e+00
8.800000000000000044e-01 -1.608199706471700408e+00
8.960000000000000187e-01 -1.562631968064354115e+00
9.120000000000000329e-01 -1.494382820499939868e+00
9.280000000000000471e-01 -1.415561534967331392e+00
9.440000000000000613e-01 -1.336037033167633670e+00
9.599999999999999645e-01 -1.258267088407576839e+00
9.759999999999999787e-01 -1.180748187128506377e+00
9.919999999999999929e-01 -1.103791507363214519e+00
1.008000000000000007e+00 -1.027811147217154719e+00
1.024000000000000021e+00 -9.453515716450474615e-01
1.040000000000000036e+00 -8.402537297598919874e-01
1.056000000000000050e+00 -7.012101022877484935e-01
1.072000000000000064e+00 -5.370919011637551588e-01
1.088000000000000078e+00 -3.749549338579385438e-01
1.104000000000000092e+00 -2.403394073812468446e-01
1.120000000000000107e+00 -1.399606439435819583e-01
1.136000000000000121e+00 -6.206090091067735515e-02
1.152000000000000135e+00 1.221781340268544500e-02
1.167999999999999927e+00 1.010744349320887303e-01
1.183999999999999941e+00 2.189540800940402154e-01
1.199999999999999956e+00 3.692470214838263765e-01
1.215999999999999970e+00 5.346375219912860022e-01
1.231999999999999984e+00 6.798756324754350322e-01
1.247999999999999998e+00 7.724315142512553356e-01
1.264000000000000012e+00 8.044407679506159203e-01
1.280000000000000027e+00 7.955106164058829421e-01
1.296000000000000041e+00 7.767095079472435826e-01
1.312000000000000055e+00 7.738636904739568667e-01
1.328000000000000069e+00 8.019780304227717149e-01
1.344000000000000083e+00 8.657034246117817355e-01
1.360000000000000098e+00 9.579188171763290960e-01
1.376000000000000112e+00 1.059392597717159656e+00
1.392000000000000126e+00 1.146677501503798657e+00
1.407999999999999918e+00 1.205404434890835264e+00
1.423999999999999932e+00 1.237186928486871507e+00
1.439999999999999947e+00 1.253886558110713922e+00
1.455999999999999961e+00 1.265920462928844525e+00
1.471999999999999975e+00 1.275906938636014898e+00
1.487999999999999989e+00 1.281661386398564639e+00
1.504000000000000004e+00 1.283047838921005601e+00
1.520000000000000018e+00 1.284680488612189864e+00
1.536000000000000032e+00 1.291805726774907015e+00
1.552000000000000046e+00 1.304453534099316414e+00
1.568000000000000060e+00 1.317617261438210674e+00
1.584000000000000075e+00 1.328566720128844914e+00
1.600000000000000089e+00 1.342199571488717602e+00
1.616000000000000103e+00 1.364931387004000962e+00
1.632000000000000117e+00 1.391360367327667547e+00
1.648000000000000131e+00 1.400408955951238932e+00
1.664000000000000146e+00 1.370113238001261946e+00
1.679999999999999938e+00 1.297983000146898380e+00
1.695999999999999952e+00 1.204388150098862020e+00
1.711999999999999966e+00 1.114297007303324039e+00
1.727999999999999980e+00 1.037411332596398061e+00
1.743999999999999995e+00 9.675873002749522112e-01
1.760000000000000009e+00 8.988290807406756899e-01
1.776000000000000023e+00 8.370976229464968110e-01
1.792000000000000037e+00 7.952959346414950614e-01
1.808000000000000052e+00 7.794024769965615107e-01
1.824000000000000066e+00 7.808701273665444864e-01
1.840000000000000080e+00 7.800365286100612305e-01
1.856000000000000094e+00 7.547916607379400178e-01
1.872000000000000108e+00 6.891264633359219793e-01
1.888000000000000123e+00 5.802481025889381083e-01
1.904000000000000137e+00 4.419624741111588540e-01
1.919999999999999929e+00 3.000123374189759273e-01
1.935999999999999943e+00 1.794853185478378355e-01
1.951999999999999957e+00 9.199619126687892667e-02
1.967999999999999972e+00 3.161047529828220348e-02
1.983999999999999986e+00 -1.815270832299200818e-02
2.000000000000000000e+00 -7.120609208961985181e-02
2.016000000000000014e+00 -1.276665657285983024e-01
2.032000000000000028e+00 -1.720187291330722013e-01
2.048000000000000043e+00 -1.839947291925152217e-01
2.064000000000000057e+00 -1.562475988129569116e-01
2.080000000000000071e+00 -1.043402150596120237e-01
2.096000000000000085e+00 -5.818420023256902496e-02
2.112000000000000099e+00 -4.072352418286179915e-02
2.128000000000000114e+00 -5.256345075563525343e-02
2.144000000000000128e+00 -7.482045588535468639e-02
2.160000000000000142e+00 -8.410787345189625619e-02
2.176000000000000156e+00 -6.516354150105907461e-02
2.192000000000000171e+00 -1.521183450234918876e-02
2.208000000000000185e+00 5.599077608947122808e-02
2.224000000000000199e+00 1.285698392557259317e-01
2.240000000000000213e+00 1.808253725008909796e-01
2.256000000000000227e+00 2.013579344850000563e-01
2.272000000000000242e+00 1.935786949448891625e-01
2.288000000000000256e+00 1.663971113993936990e-01
2.304000000000000270e+00 1.226736683564104424e-01
2.319999999999999840e+00 6.184996968094293168e-02
2.335999999999999854e+00 -6.238226871117420747e-03
2.351999999999999869e+00 -5.789657699287412140e-02
2.367999999999999883e+00 -7.301647395629001780e-02
2.383999999999999897e+00 -5.517478734774422522e-02
2.399999999999999911e+00 -2.909527384743198705e-02
2.415999999999999925e+00 -1.683749519294980637e-02
2.431999999999999940e+00 -1.981656602585580434e-02
2.447999999999999954e+00 -2.484012545536126021e-02
2.463999999999999968e+00 -2.229575212171386669e-02
2.479999999999999982e+00 -1.350125582727753487e-02
2.495999999999999996e+00 -2.881916509078531925e-03
