0.000000000000000000e+00 4.946348582535252802e+01
1.600000000000000033e-02 4.838091351427080156e+01
3.200000000000000067e-02 4.541327077971917703e+01
4.800000000000000100e-02 4.114108151401873670e+01
6.400000000000000133e-02 3.624544114997976862e+01
8.000000000000000167e-02 3.131416003945620474e+01
9.600000000000000200e-02 2.674084037709607387e+01
1.120000000000000023e-01 2.271032983953043427e+01
1.280000000000000027e-01 1.924715127153714178e+01
1.440000000000000169e-01 1.629013948690800362e+01
1.600000000000000033e-01 1.376327116516809568e+01
1.759999999999999898e-01 1.161585876334139122e+01
1.920000000000000040e-01 9.823421392375253802e+00
2.080000000000000182e-01 8.363659218843164211e+00
2.240000000000000047e-01 7.190192917990612109e+00
2.399999999999999911e-01 6.230670576747493250e+00
2.560000000000000053e-01 5.408084973907420157e+00
2.720000000000000195e-01 4.657279997252729231e+00
2.880000000000000338e-01 3.931790725464266334e+00
3.039999999999999925e-01 3.213530433842453071e+00
3.200000000000000067e-01 2.516448869704284164e+00
3.360000000000000209e-01 1.872114196129299968e+00
3.519999999999999796e-01 1.300488520988738239e+00
3.679999999999999938e-01 7.963861664614882985e-01
3.840000000000000080e-01 3.471094012738303869e-01
4.000000000000000222e-01 -5.690474501122125967e-02
4.160000000000000364e-01 -4.331346994160096830e-01
4.319999999999999951e-01 -8.022073271004906969e-01
4.480000000000000093e-01 -1.163321668899177430e+00
4.640000000000000235e-01 -1.483444832360734322e+00
4.799999999999999822e-01 -1.722366610351745875e+00
4.959999999999999964e-01 -1.873207320249949737e+00
5.120000000000000107e-01 -1.967707339819455559e+00
5.280000000000000249e-01 -2.045727300968535278e+00
5.440000000000000391e-01 -2.129624563705435403e+00
5.600000000000000533e-01 -2.213005187429115672e+00
5.760000000000000675e-01 -2.267291421373705873e+00
5.919999999999999707e-01 -2.270216501037382262e+00
6.079999999999999849e-01 -2.225620752131032276e+00
6.239999999999999991e-01 -2.159373793230915606e+00
6.400000000000000133e-01 -2.102604710602919535e+00
6.560000000000000275e-01 -2.069454788275848500e+00
6.720000000000000417e-01 -2.051170767989562105e+00
6.880000000000000560e-01 -2.036513510142594630e+00
7.039999999999999591e-01 -2.025678331324042514e+00
7.199999999999999734e-01 -2.018263714096010020e+00
7.359999999999999876e-01 -1.999039982282661665e+00
7.520000000000000018e-01 -1.948381237011474587e+00
7.680000000000000160e-01 -1.867986139971868020e+00
7.840000000000000302e-01 -1.783799082668900526e+00
8.000000000000000444e-01 -1.714432339670820094e+00
8.160000000000000586e-01 -1.642365369753842286e+00
8.320000000000000728e-01 -1.527894874435595352e+00
8.479999999999999760e-01 -1.351816071230554916e+00
8.639999999999999902e-01 -1.137947152909014825e+00
8.800000000000000044e-01 -9.302867290594369898e-01
8.960000000000000187e-01 -7.573701497472097310e-01
9.120000000000000329e-01 -6.264717818879785849e-01
9.280000000000000471e-01 -5.360490597591582862e-01
9.440000000000000613e-01 -4.783220419945323765e-01
9.599999999999999645e-01 -4.417870945904354696e-01
9.759999999999999787e-01 -4.177528589964216721e-01
9.919999999999999929e-01 -3.998356029309938497e-01
1.008000000000000007e+00 -3.803365256001846051e-01
1.024000000000000021e+00 -3.530429114004736135e-01
1.040000000000000036e+00 -3.210349724619816492e-01
1.056000000000000050e+00 -2.935007492337234902e-01
1.072000000000000064e+00 -2.683873733865215216e-01
1.088000000000000078e+00 -2.241190411857028331e-01
1.104000000000000092e+00 -1.297168496045068009e-01
1.120000000000000107e+00 3.643587816000607577e-02
1.136000000000000121e+00 2.671623781033674594e-01
1.152000000000000135e+00 5.280270339536697888e-01
1.167999999999999927e+00 7.843668193308900305e-01
1.183999999999999941e+00 1.020198160726762948e+00
1.199999999999999956e+00 1.231362266128010807e+00
1.215999999999999970e+00 1.411570062474059695e+00
1.231999999999999984e+00 1.550503424567482025e+00
1.247999999999999998e+00 1.643117057849490914e+00
1.264000000000000012e+00 1.691416148509597761e+00
1.280000000000000027e+00 1.695231386855001299e+00
1.296000000000000041e+00 1.650554034872379727e+00
1.312000000000000055e+00 1.558918555427671437e+00
1.328000000000000069e+00 1.438084208574545553e+00
1.344000000000000083e+00 1.324208426078146816e+00
1.360000000000000098e+00 1.257488999547940578e+00
1.376000000000000112e+00 1.260011995164455056e+00
1.392000000000000126e+00 1.327007855050563956e+00
1.407999999999999918e+00 1.432645471351378097e+00
1.423999999999999932e+00 1.542977302305578169e+00
1.439999999999999947e+00 1.632116283916243082e+00
1.455999999999999961e+00 1.690417551074556934e+00
1.471999999999999975e+00 1.718986708875227087e+00
1.487999999999999989e+00 1.722929675885002565e+00
1.504000000000000004e+00 1.708999579124365509e+00
1.520000000000000018e+00 1.687634805685114703e+00
1.536000000000000032e+00 1.671739266027080451e+00
1.552000000000000046e+00 1.662413204018625468e+00
1.568000000000000060e+00 1.641718730495221878e+00
1.584000000000000075e+00 1.593897941785350714e+00
1.600000000000000089e+00 1.529632710818728869e+00
1.616000000000000103e+00 1.475863246547508334e+00
1.632000000000000117e+00 1.441445819621641533e+00
1.648000000000000131e+00 1.406458265672451802e+00
1.664000000000000146e+00 1.349068453355333652e+00
1.679999999999999938e+00 1.267686728268763829e+00
1.695999999999999952e+00 1.173669694997807156e+00
1.711999999999999966e+00 1.076798857488642458e+00
1.727999999999999980e+00 9.849674917802389018e-01
1.743999999999999995e+00 9.107052422851141804e-01
1.760000000000000009e+00 8.669009959931525122e-01
1.776000000000000023e+00 8.532429740908983318e-01
1.792000000000000037e+00 8.546839704267155113e-01
1.808000000000000052e+00 8.538928749276291086e-01
1.824000000000000066e+00 8.410198971799375256e-01
1.840000000000000080e+00 8.148758024976600067e-01
1.856000000000000094e+00 7.770078846457154631e-01
1.872000000000000108e+00 7.283449524210491299e-01
1.888000000000000123e+00 6.741248851363269567e-01
1.904000000000000137e+00 6.249089426097466093e-01
1.919999999999999929e+00 5.896234180976118733e-01
1.935999999999999943e+00 5.747312819469185818e-01
1.951999999999999957e+00 5.889894305371506933e-01
1.967999999999999972e+00 6.362759618635364101e-01
1.983999999999999986e+00 6.932288936475099472e-01
2.000000000000000000e+00 7.065692486522626714e-01
2.016000000000000014e+00 6.307219848014021801e-01
2.032000000000000028e+00 4.693642561303862926e-01
2.048000000000000043e+00 2.782075100998371298e-01
2.064000000000000057e+00 1.307632002476916133e-01
2.080000000000000071e+00 7.277600845287601761e-02
2.096000000000000085e+00 9.496342159867819654e-02
2.112000000000000099e+00 1.468633551335295773e-01
2.128000000000000114e+00 1.804674346950366770e-01
2.144000000000000128e+00 1.805205619877535972e-01
2.160000000000000142e+00 1.585989916921640708e-01
2.176000000000000156e+00 1.324560660867926121e-01
2.192000000000000171e+00 1.153958326411461260e-01
2.208000000000000185e+00 1.137319381214975250e-01
2.224000000000000199e+00 1.254214670654860420e-01
2.240000000000000213e+00 1.418799611542042316e-01
2.256000000000000227e+00 1.467093106728551977e-01
2.272000000000000242e+00 1.173174672703925364e-01
2.288000000000000256e+00 4.424111198448821280e-02
2.304000000000000270e+00 -5.186382876244349793e-02
2.319999999999999840e+00 -1.309806549062974279e-01
2.335999999999999854e+00 -1.596077657668656113e-01
2.351999999999999869e+00 -1.339065943878462173e-01
2.367999999999999883e+00 -8.436419039912941564e-02
2.383999999999999897e+00 -5.075723364439815172e-02
2.399999999999999911e+00 -5.516287891911213215e-02
2.415999999999999925e+00 -9.738222869164007978e-02
2.431999999999999940e+00 -1.587898411130368448e-01
2.447999999999999954e+00 -2.059526514752017257e-01
2.463999999999999968e+00 -2.025656916449915523e-01
2.479999999999999982e+00 -1.342754492689436918e-01
2.495999999999999996e+00 -2.739235066209753933e-02
