0.000000000000000000e+00 4.093998049174733467e+01
1.600000000000000033e-02 4.006016589457493637e+01
3.200000000000000067e-02 3.766502037197413699e+01
4.800000000000000100e-02 3.424707987670233678e+01
6.400000000000000133e-02 3.035941856276016892e+01
8.000000000000000167e-02 2.643950321658859437e+01
9.600000000000000200e-02 2.275652849817878476e+01
1.120000000000000023e-01 1.943978841827395954e+01
1.280000000000000027e-01 1.652348611086165064e+01
1.440000000000000169e-01 1.398551933954886906e+01
1.600000000000000033e-01 1.178352337070436739e+01
1.759999999999999898e-01 9.880643961721078838e+00
1.920000000000000040e-01 8.252261995107925685e+00
2.080000000000000182e-01 6.881649703154068654e+00
2.240000000000000047e-01 5.753052110761288418e+00
2.399999999999999911e-01 4.841975279249576936e+00
2.560000000000000053e-01 4.105462930494822693e+00
2.720000000000000195e-01 3.481046412416650249e+00
2.880000000000000338e-01 2.902640930989923262e+00
3.039999999999999925e-01 2.328008431598897143e+00
3.200000000000000067e-01 1.753414328609836925e+00
3.360000000000000209e-01 1.200175466982706718e+00
3.519999999999999796e-01 6.896771181302201459e-01
3.679999999999999938e-01 2.323543274039259476e-01
3.840000000000000080e-01 -1.653779164615626907e-01
4.000000000000000222e-01 -4.936315734643386133e-01
4.160000000000000364e-01 -7.457020315871593086e-01
4.319999999999999951e-01 -9.297261073887664873e-01
4.480000000000000093e-01 -1.067220297705120613e+00
4.640000000000000235e-01 -1.182787461988479061e+00
4.799999999999999822e-01 -1.301408302643220383e+00
4.959999999999999964e-01 -1.449126395885899976e+00
5.120000000000000107e-01 -1.641782337031346017e+00
5.280000000000000249e-01 -1.868257478381099901e+00
5.440000000000000391e-01 -2.090245984551815539e+00
5.600000000000000533e-01 -2.261949086696602329e+00
5.760000000000000675e-01 -2.350981308898391742e+00
5.919999999999999707e-01 -2.348380509185260756e+00
6.079999999999999849e-01 -2.271523686001943876e+00
6.239999999999999991e-01 -2.160023473587252774e+00
6.400000000000000133e-01 -2.058768676386425245e+00
6.560000000000000275e-01 -1.997842351313528386e+00
6.720000000000000417e-01 -1.987469928641259376e+00
6.880000000000000560e-01 -2.023552039900894162e+00
7.039999999999999591e-01 -2.087081217046125925e+00
7.199999999999999734e-01 -2.143057787003087800e+00
7.359999999999999876e-01 -2.155573136392670008e+00
7.520000000000000018e-01 -2.113000194188131786e+00
7.680000000000000160e-01 -2.038061772270731264e+00
7.840000000000000302e-01 -1.969362657309298381e+00
8.000000000000000444e-01 -1.931720736322259047e+00
8.160000000000000586e-01 -1.924753626823386465e+00
8.320000000000000728e-01 -1.933562877835695026e+00
8.479999999999999760e-01 -1.940863631721160276e+00
8.639999999999999902e-01 -1.929254665769206678e+00
8.800000000000000044e-01 -1.880162854902660552e+00
8.960000000000000187e-01 -1.778550585134726969e+00
9.120000000000000329e-01 -1.622518678015717919e+00
9.280000000000000471e-01 -1.426266801544128882e+00
9.440000000000000613e-01 -1.213202527122502872e+00
9.599999999999999645e-01 -1.010883073994825798e+00
9.759999999999999787e-01 -8.491841002743100164e-01
9.919999999999999929e-01 -7.494349869702063849e-01
1.008000000000000007e+00 -7.066817028143280721e-01
1.024000000000000021e+00 -6.862056096918174308e-01
1.040000000000000036e+00 -6.473038904452046438e-01
1.056000000000000050e+00 -5.744156089624818939e-01
1.072000000000000064e+00 -4.792291028911768724e-01
1.088000000000000078e+00 -3.753024930037284768e-01
1.104000000000000092e+00 -2.670867741089264502e-01
1.120000000000000107e+00 -1.653220691470004000e-01
1.136000000000000121e+00 -9.166322715735623905e-02
1.152000000000000135e+00 -5.379796085582864984e-02
1.167999999999999927e+00 -2.503414637332138440e-02
1.183999999999999941e+00 3.756940868589653953e-02
1.199999999999999956e+00 1.559812653078073152e-01
1.215999999999999970e+00 3.197247826027001527e-01
1.231999999999999984e+00 5.039037039756051328e-01
1.247999999999999998e+00 6.826194529727387383e-01
1.264000000000000012e+00 8.270485141309218413e-01
1.280000000000000027e+00 9.100424624285318176e-01
1.296000000000000041e+00 9.249680254838099636e-01
1.312000000000000055e+00 8.977752472842299714e-01
1.328000000000000069e+00 8.742480477833085573e-01
1.344000000000000083e+00 8.915056968217288658e-01
1.360000000000000098e+00 9.591227149338490410e-01
1.376000000000000112e+00 1.061811753542050152e+00
1.392000000000000126e+00 1.171265843018456154e+00
1.407999999999999918e+00 1.254119628178390844e+00
1.423999999999999932e+00 1.281804911977707739e+00
1.439999999999999947e+00 1.248351324761834746e+00
1.455999999999999961e+00 1.180847138069852420e+00
1.471999999999999975e+00 1.123059969658519286e+00
1.487999999999999989e+00 1.100814740196883079e+00
1.504000000000000004e+00 1.103836209415271830e+00
1.520000000000000018e+00 1.102748796242309481e+00
1.536000000000000032e+00 1.077528219177637858e+00
1.552000000000000046e+00 1.026521030323279682e+00
1.568000000000000060e+00 9.593341086562060527e-01
1.584000000000000075e+00 8.908973215677052915e-01
1.600000000000000089e+00 8.361701612746693657e-01
1.616000000000000103e+00 8.004548140411050783e-01
1.632000000000000117e+00 7.733891649049889905e-01
1.648000000000000131e+00 7.361907562071633437e-01
1.664000000000000146e+00 6.766011971317213991e-01
1.679999999999999938e+00 5.963846599917476121e-01
1.695999999999999952e+00 5.094980985173414023e-01
1.711999999999999966e+00 4.395227307382114090e-01
1.727999999999999980e+00 4.101235603887820602e-01
1.743999999999999995e+00 4.238321268933562536e-01
1.760000000000000009e+00 4.540704483849729578e-01
1.776000000000000023e+00 4.689973525553040590e-01
1.792000000000000037e+00 4.605639372307640533e-01
1.808000000000000052e+00 4.427526882479026482e-01
1.824000000000000066e+00 4.249894486883226685e-01
1.840000000000000080e+00 3.985640943142053638e-01
1.856000000000000094e+00 3.509724392236435730e-01
1.872000000000000108e+00 2.813938440067893509e-01
1.888000000000000123e+00 1.965000739354507975e-01
1.904000000000000137e+00 1.013775541382558182e-01
1.919999999999999929e+00 3.067534299566659689e-04
1.935999999999999943e+00 -1.005287065488703752e-01
1.951999999999999957e+00 -1.964458513379605809e-01
1.967999999999999972e+00 -2.884727127481166442e-01
1.983999999999999986e+00 -3.796712395798190753e-01
2.000000000000000000e+00 -4.659035828509429655e-01
2.016000000000000014e+00 -5.363328021080936425e-01
2.032000000000000028e+00 -5.884245035190674988e-01
2.048000000000000043e+00 -6.370032832601292272e-01
2.064000000000000057e+00 -6.990950153904403885e-01
2.080000000000000071e+00 -7.681644066970602092e-01
2.096000000000000085e+00 -8.107345744493741346e-01
2.112000000000000099e+00 -7.966069249477335523e-01
2.128000000000000114e+00 -7.302879779772645241e-01
2.144000000000000128e+00 -6.437969042917505158e-01
2.160000000000000142e+00 -5.611086845351477281e-01
2.176000000000000156e+00 -4.832347219309011122e-01
2.192000000000000171e+00 -4.083022459585074482e-01
2.208000000000000185e+00 -3.470796834923443597e-01
2.224000000000000199e+00 -3.076911356001644227e-01
2.240000000000000213e+00 -2.782123197583657448e-01
2.256000000000000227e+00 -2.398384975586143886e-01
2.272000000000000242e+00 -1.922652380563253383e-01
2.288000000000000256e+00 -1.541896636831207867e-01
2.304000000000000270e+00 -1.435699395008062651e-01
2.319999999999999840e+00 -1.674578393499535911e-01
2.335999999999999854e+00 -2.218065772248632717e-01
2.351999999999999869e+00 -2.863382723767347038e-01
2.367999999999999883e+00 -3.268445762897863038e-01
2.383999999999999897e+00 -3.187810575808721070e-01
2.399999999999999911e+00 -2.694263277007334367e-01
2.415999999999999925e+00 -2.101957371657964813e-01
2.431999999999999940e+00 -1.668624925746294008e-01
2.447999999999999954e+00 -1.399211886290585294e-01
2.463999999999999968e+00 -1.126710395695243033e-01
2.479999999999999982e+00 -7.169065527144524719e-02
2.495999999999999996e+00 -1.566571112937788571e-02
