0.000000000000000000e+00 4.113690443611828584e+01
1.600000000000000033e-02 4.029717375313914118e+01
3.200000000000000067e-02 3.797058173121382652e+01
4.800000000000000100e-02 3.459640067709688793e+01
6.400000000000000133e-02 3.069409596474194402e+01
8.000000000000000167e-02 2.670737554959751492e+01
9.600000000000000200e-02 2.294263720060289202e+01
1.120000000000000023e-01 1.957401629410052024e+01
1.280000000000000027e-01 1.666595162407831054e+01
1.440000000000000169e-01 1.419897965008765794e+01
1.600000000000000033e-01 1.210612166128709433e+01
1.759999999999999898e-01 1.031465591760023592e+01
1.920000000000000040e-01 8.772953315746079284e+00
2.080000000000000182e-01 7.450693624174798302e+00
2.240000000000000047e-01 6.323557656146119754e+00
2.399999999999999911e-01 5.363280248850633036e+00
2.560000000000000053e-01 4.540366637519094972e+00
2.720000000000000195e-01 3.828382488346810497e+00
2.880000000000000338e-01 3.199640150948019013e+00
3.039999999999999925e-01 2.619774109459457989e+00
3.200000000000000067e-01 2.055971856799271080e+00
3.360000000000000209e-01 1.496769816235537842e+00
3.519999999999999796e-01 9.620140859088273100e-01
3.679999999999999938e-01 4.880433658406866937e-01
3.840000000000000080e-01 9.975816316235776304e-02
4.000000000000000222e-01 -2.050014169223132177e-01
4.160000000000000364e-01 -4.488430492209475320e-01
4.319999999999999951e-01 -6.597246754165843052e-01
4.480000000000000093e-01 -8.632567964132961125e-01
4.640000000000000235e-01 -1.080427837719611706e+00
4.799999999999999822e-01 -1.320394588351980758e+00
4.959999999999999964e-01 -1.571707285016816336e+00
5.120000000000000107e-01 -1.806528156053628376e+00
5.280000000000000249e-01 -1.998819119390208732e+00
5.440000000000000391e-01 -2.137643104956921558e+00
5.600000000000000533e-01 -2.222187095048545391e+00
5.760000000000000675e-01 -2.249987118249896945e+00
5.919999999999999707e-01 -2.218312166886607706e+00
6.079999999999999849e-01 -2.138037273047080244e+00
6.239999999999999991e-01 -2.038806590186966083e+00
6.400000000000000133e-01 -1.953402336310227527e+00
6.560000000000000275e-01 -1.895930533444298627e+00
6.720000000000000417e-01 -1.856691924192616305e+00
6.880000000000000560e-01 -1.817137663299998929e+00
7.039999999999999591e-01 -1.767736196166692419e+00
7.199999999999999734e-01 -1.712649321939647029e+00
7.359999999999999876e-01 -1.661237219386007880e+00
7.520000000000000018e-01 -1.617840462586205952e+00
7.680000000000000160e-01 -1.578885621889449142e+00
7.840000000000000302e-01 -1.536523059964018278e+00
8.000000000000000444e-01 -1.482889002450804128e+00
8.160000000000000586e-01 -1.412849952421386446e+00
8.320000000000000728e-01 -1.327363514223847352e+00
8.479999999999999760e-01 -1.236180948769691090e+00
8.639999999999999902e-01 -1.153559422972382675e+00
8.800000000000000044e-01 -1.086182386268374600e+00
8.960000000000000187e-01 -1.025005975220743881e+00
9.120000000000000329e-01 -9.528960576496776635e-01
9.280000000000000471e-01 -8.622526007086896982e-01
9.440000000000000613e-01 -7.635901518904958385e-01
9.599999999999999645e-01 -6.764114563851165718e-01
9.759999999999999787e-01 -6.141005632339844311e-01
9.919999999999999929e-01 -5.783956175730882165e-01
1.008000000000000007e+00 -5.639504209953283276e-01
1.024000000000000021e+00 -5.613573247754596318e-01
1.040000000000000036e+00 -5.534141642368303193e-01
1.056000000000000050e+00 -5.149425111156425983e-01
1.072000000000000064e+00 -4.274486955549195999e-01
1.088000000000000078e+00 -2.993825881792033239e-01
1.104000000000000092e+00 -1.668367941780162789e-01
1.120000000000000107e+00 -6.630877314274302714e-02
1.136000000000000121e+00 -4.854016339592185161e-03
1.152000000000000135e+00 4.142789709459696046e-02
1.167999999999999927e+00 1.016770856234369969e-01
1.183999999999999941e+00 1.865331479676405613e-01
1.199999999999999956e+00 2.869852982678574582e-01
1.215999999999999970e+00 3.890192339696103563e-01
1.231999999999999984e+00 4.854457301104987965e-01
1.247999999999999998e+00 5.756662038622738509e-01
1.264000000000000012e+00 6.582792964479066145e-01
1.280000000000000027e+00 7.278590340234193379e-01
1.296000000000000041e+00 7.812670471338347689e-01
1.312000000000000055e+00 8.249250972868785725e-01
1.328000000000000069e+00 8.703800221117901081e-01
1.344000000000000083e+00 9.210087625350129592e-01
1.360000000000000098e+00 9.671871961717867228e-01
1.376000000000000112e+00 9.972584362486360821e-01
1.392000000000000126e+00 1.010517330313020601e+00
1.407999999999999918e+00 1.016652575406191250e+00
1.423999999999999932e+00 1.024306972168031793e+00
1.439999999999999947e+00 1.033357218229870256e+00
1.455999999999999961e+00 1.038473577974338813e+00
1.471999999999999975e+00 1.038488122004587177e+00
1.487999999999999989e+00 1.041773932532283453e+00
1.504000000000000004e+00 1.062408461669240856e+00
1.520000000000000018e+00 1.109227739290937764e+00
1.536000000000000032e+00 1.176052599381367081e+00
1.552000000000000046e+00 1.241906860373318100e+00
1.568000000000000060e+00 1.282225104103836832e+00
1.584000000000000075e+00 1.282661934644307999e+00
1.600000000000000089e+00 1.245772269205162486e+00
1.616000000000000103e+00 1.186754791856426072e+00
1.632000000000000117e+00 1.121161164584714154e+00
1.648000000000000131e+00 1.053123843537161486e+00
1.664000000000000146e+00 9.744892522182159178e-01
1.679999999999999938e+00 8.767486830242480211e-01
1.695999999999999952e+00 7.634256778732352311e-01
1.711999999999999966e+00 6.487620779356706446e-01
1.727999999999999980e+00 5.450097690644061244e-01
1.743999999999999995e+00 4.548286443807731394e-01
1.760000000000000009e+00 3.773289217747965996e-01
1.776000000000000023e+00 3.172622634865083779e-01
1.792000000000000037e+00 2.835612792219102118e-01
1.808000000000000052e+00 2.788932292154868708e-01
1.824000000000000066e+00 2.931036425787832411e-01
1.840000000000000080e+00 3.073297705081471376e-01
1.856000000000000094e+00 3.039335675688183969e-01
1.872000000000000108e+00 2.739757196951725926e-01
1.888000000000000123e+00 2.184970969940918106e-01
1.904000000000000137e+00 1.458662334622105317e-01
1.919999999999999929e+00 6.936080298382805986e-02
1.935999999999999943e+00 5.455217882994119714e-03
1.951999999999999957e+00 -2.984866157038986931e-02
1.967999999999999972e+00 -2.634626491947261034e-02
1.983999999999999986e+00 1.678315640119327004e-02
2.000000000000000000e+00 8.951984356189665593e-02
2.016000000000000014e+00 1.701470589905426656e-01
2.032000000000000028e+00 2.286273288383781632e-01
2.048000000000000043e+00 2.392512014932381970e-01
2.064000000000000057e+00 1.961353902691196360e-01
2.080000000000000071e+00 1.156376997744276713e-01
2.096000000000000085e+00 2.130064693393719441e-02
2.112000000000000099e+00 -7.203132186076102728e-02
2.128000000000000114e+00 -1.580263655018844804e-01
2.144000000000000128e+00 -2.281475498679019775e-01
2.160000000000000142e+00 -2.691691150698795609e-01
2.176000000000000156e+00 -2.739727785059755671e-01
2.192000000000000171e+00 -2.509197299994791464e-01
2.208000000000000185e+00 -2.179854876682726650e-01
2.224000000000000199e+00 -1.868343104547118549e-01
2.240000000000000213e+00 -1.545833113753886379e-01
2.256000000000000227e+00 -1.117570212422850789e-01
2.272000000000000242e+00 -5.572224949331350957e-02
2.288000000000000256e+00 5.999889015151209717e-03
2.304000000000000270e+00 6.421326549231085035e-02
2.319999999999999840e+00 1.170301878621685110e-01
2.335999999999999854e+00 1.701926725239172045e-01
2.351999999999999869e+00 2.296700540375199162e-01
2.367999999999999883e+00 2.941139486816190529e-01
2.383999999999999897e+00 3.541851773215747290e-01
2.399999999999999911e+00 3.984609812986216193e-01
2.415999999999999925e+00 4.181775490298272335e-01
2.431999999999999940e+00 4.060635134540100388e-01
2.447999999999999954e+00 3.551482228054578250e-01
2.463999999999999968e+00 2.645149227281650695e-01
2.479999999999999982e+00 1.468975657312021621e-01
2.495999999999999996e+00 2.709794296500525265e-02
