0.000000000000000000e+00 4.915087720024986595e+01
1.600000000000000033e-02 4.813480069711459919e+01
3.200000000000000067e-02 4.533579570196726394e+01
4.800000000000000100e-02 4.133426462875474527e+01
6.400000000000000133e-02 3.676660388645976951e+01
8.000000000000000167e-02 3.213824377435545898e+01
9.600000000000000200e-02 2.777458365201530555e+01
1.120000000000000023e-01 2.384171209455694651e+01
1.280000000000000027e-01 2.039193621634058218e+01
1.440000000000000169e-01 1.741263695261123701e+01
1.600000000000000033e-01 1.486152210800510431e+01
1.759999999999999898e-01 1.268759829299344943e+01
1.920000000000000040e-01 1.084450660119346033e+01
2.080000000000000182e-01 9.298258268595205323e+00
2.240000000000000047e-01 8.015362957426740209e+00
2.399999999999999911e-01 6.945849021650577271e+00
2.560000000000000053e-01 6.033599354529607162e+00
2.720000000000000195e-01 5.229326067654988641e+00
2.880000000000000338e-01 4.484209718942579137e+00
3.039999999999999925e-01 3.755133772946333881e+00
3.200000000000000067e-01 3.032045783614667922e+00
3.360000000000000209e-01 2.338699604056106551e+00
3.519999999999999796e-01 1.694780046523429284e+00
3.679999999999999938e-01 1.100210013969676215e+00
3.840000000000000080e-01 5.557551351568766895e-01
4.000000000000000222e-01 6.462971366786696148e-02
4.160000000000000364e-01 -3.965688092225863604e-01
4.319999999999999951e-01 -8.692175314136224573e-01
4.480000000000000093e-01 -1.352444720344027518e+00
4.640000000000000235e-01 -1.779838699852314354e+00
4.799999999999999822e-01 -2.079812628504812189e+00
4.959999999999999964e-01 -2.248422013123440255e+00
5.120000000000000107e-01 -2.336609087730727730e+00
5.280000000000000249e-01 -2.378309461675086833e+00
5.440000000000000391e-01 -2.370274899794712287e+00
5.600000000000000533e-01 -2.317656519827080430e+00
5.760000000000000675e-01 -2.255812313780022560e+00
5.919999999999999707e-01 -2.216018552206961978e+00
6.079999999999999849e-01 -2.203381946152579207e+00
6.239999999999999991e-01 -2.210763820056776296e+00
6.400000000000000133e-01 -2.226211870923852754e+00
6.560000000000000275e-01 -2.229718942786846458e+00
6.720000000000000417e-01 -2.209454659452118275e+00
6.880000000000000560e-01 -2.181481614158837790e+00
7.039999999999999591e-01 -2.171603836456838188e+00
7.199999999999999734e-01 -2.185149633409096737e+00
7.359999999999999876e-01 -2.204984689580701485e+00
7.520000000000000018e-01 -2.209840230301521213e+00
7.680000000000000160e-01 -2.191792035926685589e+00
7.840000000000000302e-01 -2.161092850112287689e+00
8.000000000000000444e-01 -2.135539860972370807e+00
8.160000000000000586e-01 -2.117225423642932203e+00
8.320000000000000728e-01 -2.082377095095504060e+00
8.479999999999999760e-01 -2.004844568239477098e+00
8.639999999999999902e-01 -1.891201402563098544e+00
8.800000000000000044e-01 -1.781275466947184416e+00
8.960000000000000187e-01 -1.707166973331889936e+00
9.120000000000000329e-01 -1.661452917165743948e+00
9.280000000000000471e-01 -1.606108851769730173e+00
9.440000000000000613e-01 -1.510339759828573269e+00
9.599999999999999645e-01 -1.374155180990307867e+00
9.759999999999999787e-01 -1.214736335123518751e+00
9.919999999999999929e-01 -1.052726655908753139e+00
1.008000000000000007e+00 -9.130891176149809052e-01
1.024000000000000021e+00 -8.105694802375376096e-01
1.040000000000000036e+00 -7.264023555525934706e-01
1.056000000000000050e+00 -6.219563404864424383e-01
1.072000000000000064e+00 -4.772847630508919026e-01
1.088000000000000078e+00 -3.082472014217667589e-01
1.104000000000000092e+00 -1.563024103817331756e-01
1.120000000000000107e+00 -5.658872641670332354e-02
1.136000000000000121e+00 -6.127854541107800347e-03
1.152000000000000135e+00 3.293854965310200750e-02
1.167999999999999927e+00 9.402333776561182244e-02
1.183999999999999941e+00 1.798815371130070284e-01
1.199999999999999956e+00 2.790159154156574561e-01
1.215999999999999970e+00 3.875890607676505395e-01
1.231999999999999984e+00 5.136167817168970640e-01
1.247999999999999998e+00 6.736349418552339818e-01
1.264000000000000012e+00 8.797242715822514159e-01
1.280000000000000027e+00 1.112691184983918724e+00
1.296000000000000041e+00 1.318489663666425837e+00
1.312000000000000055e+00 1.452132686866077771e+00
1.328000000000000069e+00 1.516407850090876863e+00
1.344000000000000083e+00 1.552129041946858967e+00
1.360000000000000098e+00 1.599437826606401103e+00
1.376000000000000112e+00 1.676446682067326721e+00
1.392000000000000126e+00 1.785854074584084739e+00
1.407999999999999918e+00 1.921567215933822181e+00
1.423999999999999932e+00 2.066536768466021634e+00
1.439999999999999947e+00 2.193122537752318024e+00
1.455999999999999961e+00 2.275010772084883559e+00
1.471999999999999975e+00 2.294885258717051180e+00
1.487999999999999989e+00 2.241653365791699937e+00
1.504000000000000004e+00 2.118316715202845035e+00
1.520000000000000018e+00 1.955442183179147531e+00
1.536000000000000032e+00 1.794767867474863943e+00
1.552000000000000046e+00 1.650206994933216986e+00
1.568000000000000060e+00 1.512435759746603381e+00
1.584000000000000075e+00 1.384818522496731763e+00
1.600000000000000089e+00 1.276842341840460193e+00
1.616000000000000103e+00 1.171885369189644477e+00
1.632000000000000117e+00 1.036084840099017024e+00
1.648000000000000131e+00 8.631508428492801199e-01
1.664000000000000146e+00 6.868575789425235278e-01
1.679999999999999938e+00 5.473953469791961179e-01
1.695999999999999952e+00 4.620024876898949362e-01
1.711999999999999966e+00 4.306158567049572228e-01
1.727999999999999980e+00 4.491044679116773519e-01
1.743999999999999995e+00 5.007151724465251919e-01
1.760000000000000009e+00 5.521118721226621062e-01
1.776000000000000023e+00 5.695144230101100158e-01
1.792000000000000037e+00 5.359390056105920452e-01
1.808000000000000052e+00 4.508566266226749497e-01
1.824000000000000066e+00 3.254747330789471427e-01
1.840000000000000080e+00 1.955650559396952259e-01
1.856000000000000094e+00 1.153507484765614877e-01
1.872000000000000108e+00 1.083233611057336232e-01
1.888000000000000123e+00 1.383262311324813809e-01
1.904000000000000137e+00 1.590890798429284436e-01
1.919999999999999929e+00 1.767923758098201570e-01
1.935999999999999943e+00 2.382567585601078342e-01
1.951999999999999957e+00 3.725632770806869831e-01
1.967999999999999972e+00 5.592735792819722995e-01
1.983999999999999986e+00 7.506763330068335627e-01
2.000000000000000000e+00 9.080544358881250666e-01
2.016000000000000014e+00 1.012390061627534754e+00
2.032000000000000028e+00 1.056616256978040846e+00
2.048000000000000043e+00 1.042163605766309953e+00
2.064000000000000057e+00 9.882829611877906872e-01
2.080000000000000071e+00 9.279387540084927943e-01
2.096000000000000085e+00 8.792229096900374685e-01
2.112000000000000099e+00 8.233245647140136070e-01
2.128000000000000114e+00 7.230098469858428079e-01
2.144000000000000128e+00 5.630283673895127849e-01
2.160000000000000142e+00 3.661067941250203406e-01
2.176000000000000156e+00 1.798102956813600051e-01
2.192000000000000171e+00 4.842005068793684558e-02
2.208000000000000185e+00 -9.693263963392421967e-03
2.224000000000000199e+00 -6.691470489831482377e-03
2.240000000000000213e+00 2.595628909771657486e-02
2.256000000000000227e+00 5.688486905938841542e-02
2.272000000000000242e+00 7.073519469608671728e-02
2.288000000000000256e+00 7.545470747908272768e-02
2.304000000000000270e+00 8.620074135462979514e-02
2.319999999999999840e+00 9.865647077278144605e-02
2.335999999999999854e+00 8.771933692308377106e-02
2.351999999999999869e+00 3.293555083242733633e-02
2.367999999999999883e+00 -5.973056951457742653e-02
2.383999999999999897e+00 -1.606454638932754420e-01
2.399999999999999911e+00 -2.380041425189109439e-01
2.415999999999999925e+00 -2.844924103977676255e-01
2.431999999999999940e+00 -3.100615414902579414e-01
2.447999999999999954e+00 -3.055077587571710662e-01
2.463999999999999968e+00 -2.466268065027671652e-01
2.479999999999999982e+00 -1.383330280530432332e-01
2.495999999999999996e+00 -2.419797129937372587e-02
