0.000000000000000000e+00 6.228752091116390943e+00 -1.267554632593438950e-03 -6.459817772159787575e-04
8.000000000000000167e-03 5.966403169106738957e+00 -1.466327935872143579e-03 -8.301459064487387834e-04
1.600000000000000033e-02 5.251643734978588718e+00 -1.903248117751642600e-03 -1.036823287264011057e-03
2.400000000000000050e-02 4.211806758999284028e+00 -2.111387301122788756e-03 -1.192057027650908528e-03
3.200000000000000067e-02 3.017096456720017805e+00 -1.363332950350283363e-03 -1.234507361925668177e-03
4.000000000000000083e-02 1.836331536000431752e+00 -1.217746603480823709e-04 -1.129555716621434254e-03
4.800000000000000100e-02 8.000754427666000312e-01 6.922738935440101360e-04 -8.735857994553439037e-04
5.600000000000000117e-02 -1.900191233274070926e-02 1.131383169870757779e-03 -4.940691702477126041e-04
6.400000000000000133e-02 -6.065864149990248810e-01 1.666891895115865316e-03 -4.612965781648559394e-05
7.200000000000000844e-02 -9.891300928870844222e-01 2.182116145076924002e-03 3.858145711925956662e-04
8.000000000000000167e-02 -1.209103205054246288e+00 2.412612570979342976e-03 6.880905885836188351e-04
8.799999999999999489e-02 -1.306369156989164226e+00 2.540491581717803458e-03 7.496500371135195401e-04
9.600000000000000200e-02 -1.306949918604404681e+00 2.636452382488529197e-03 5.339420244726570059e-04
1.040000000000000091e-01 -1.219421626359006972e+00 2.225980809257894870e-03 1.380033924170908060e-04
1.120000000000000023e-01 -1.042830891443141672e+00 1.152308810899866243e-03 -2.352726098608344334e-04
1.199999999999999956e-01 -7.796302475957876954e-01 8.553463003364653527e-05 -3.990431892715358029e-04
1.280000000000000027e-01 -4.441785321903743977e-01 -3.300130198454255819e-04 -3.080647093096023021e-04
1.360000000000000098e-01 -6.658620285350941304e-02 -1.000912284061754710e-04 -7.648980164886358900e-05
1.440000000000000169e-01 3.089759998210875325e-01 3.070742156007455980e-04 1.295224039592819839e-04
1.519999999999999962e-01 6.341797967382394319e-01 3.887187945017655123e-04 2.236651240050443047e-04
1.600000000000000033e-01 8.692510544551100837e-01 1.149836348395747148e-04 2.410162525141771141e-04
1.680000000000000104e-01 9.904488992627344945e-01 6.038053099466342524e-06 2.730042209871840950e-04
1.759999999999999898e-01 9.912558510788448407e-01 4.532498448675976728e-04 3.739941269263573342e-04
1.839999999999999969e-01 8.814366901772858753e-01 1.019978177008043800e-03 5.229952266936792934e-04
1.920000000000000040e-01 6.852014783452687885e-01 9.816421672647903610e-04 6.592417123896015998e-04
2.000000000000000111e-01 4.350071157845863401e-01 6.523736088023156720e-04 7.394230729763148898e-04
2.080000000000000182e-01 1.629733626295336024e-01 1.218194485379416915e-03 7.546739851520066055e-04
2.159999999999999976e-01 -1.026149628931627977e-01 3.178947943842319948e-03 7.115781741442243598e-04
2.240000000000000047e-01 -3.368648404917932715e-01 5.674714681547457333e-03 6.289552964849824505e-04
2.320000000000000118e-01 -5.198279658034417050e-01 7.316198211160993524e-03 5.560518941894440669e-04
2.399999999999999911e-01 -6.384539789173738766e-01 7.474600340712976576e-03 5.625632207301637213e-04
2.479999999999999982e-01 -6.867027215159899889e-01 6.516434788430441362e-03 6.845308847290729149e-04
2.560000000000000053e-01 -6.655421608476742579e-01 4.902422452278368432e-03 8.756434973306824465e-04
2.640000000000000124e-01 -5.822655830427656554e-01 2.847763129270250437e-03 1.017612821984798140e-03
2.720000000000000195e-01 -4.488344986727202390e-01 7.901146463206206848e-04 9.925789477379083712e-04
2.800000000000000266e-01 -2.809654190813283270e-01 -5.240106880061735093e-04 7.656455391473592637e-04
2.880000000000000338e-01 -9.726009104349728207e-02 -7.056727280613624620e-04 4.084198776715121620e-04
2.959999999999999853e-01 8.238282399151312940e-02 -2.878087915283804570e-04 4.207886135973296272e-05
3.039999999999999925e-01 2.386663433619893859e-01 -1.323169186447724192e-04 -2.458451280609468448e-04
3.119999999999999996e-01 3.558230295579700719e-01 -5.974576884332211514e-04 -4.384947753805786930e-04
3.200000000000000067e-01 4.245474338075868048e-01 -1.598738894111325498e-03 -5.661280606667043512e-04
3.280000000000000138e-01 4.427077042413203878e-01 -2.462375160055058770e-03 -6.654700099818943631e-04
3.360000000000000209e-01 4.141191764093349881e-01 -1.719194544232570312e-03 -7.592655800453927553e-04
3.440000000000000280e-01 3.464695443433864486e-01 1.469031263728604693e-03 -8.521784092218122374e-04
3.519999999999999796e-01 2.496882574853770409e-01 5.752086118912606329e-03 -9.287951948591060105e-04
3.599999999999999867e-01 1.357129702943816185e-01 8.736580121179105679e-03 -9.588257098574883919e-04
3.679999999999999938e-01 1.757838270909411332e-02 9.289816170406094836e-03 -9.133126310264168832e-04
3.760000000000000009e-01 -9.305723928288250901e-02 7.824363405582263065e-03 -7.770393621518676157e-04
3.840000000000000080e-01 -1.871263615177820305e-01 5.366402714782177175e-03 -5.497516852710723247e-04
3.920000000000000151e-01 -2.579692117173807975e-01 2.868752024203225382e-03 -2.475678197804155036e-04
4.000000000000000222e-01 -3.018005165976696547e-01 6.088165021984791791e-04 9.418344720298321140e-05
4.080000000000000293e-01 -3.175937224140432669e-01 -1.249094766395554730e-03 4.267775442869959908e-04
4.160000000000000364e-01 -3.056278164460328184e-01 -1.936874389411709146e-03 6.930941990472288964e-04
4.239999999999999880e-01 -2.674718499879538691e-01 -1.508418470376936488e-03 8.217407228220571487e-04
4.319999999999999951e-01 -2.079587622450093098e-01 -1.440680162537729325e-03 7.408799163160080482e-04
4.400000000000000022e-01 -1.354914429964806377e-01 -2.370894588190505109e-03 4.353285603899624242e-04
4.480000000000000093e-01 -5.961902429634587802e-02 -3.150224604932349518e-03 -1.032526302789630473e-05
4.560000000000000164e-01 1.023058296770595378e-02 -2.843956788425165347e-03 -4.556065650215402447e-04
4.640000000000000235e-01 6.444899382473433247e-02 -1.961157611573916774e-03 -7.967261621939061888e-04
4.720000000000000306e-01 9.608231897052509074e-02 -1.183185257901461047e-03 -9.991332027462138370e-04
4.799999999999999822e-01 1.050756567655391910e-01 -1.484795670054949097e-04 -1.054054453760718685e-03
4.879999999999999893e-01 9.694879253281432629e-02 1.796207431941070120e-03 -9.516303136851671099e-04
4.959999999999999964e-01 7.801835650102190156e-02 4.372034866285263478e-03 -7.170501790521154745e-04
5.040000000000000036e-01 5.387397492127401349e-02 6.348792607023679389e-03 -4.402882261085816159e-04
5.120000000000000107e-01 2.919489360599007710e-02 6.569217539483376833e-03 -2.301002334838896210e-04
5.200000000000000178e-01 5.661161386721131304e-03 5.070091337338373909e-03 -1.317041809543791238e-04
5.280000000000000249e-01 -1.832166589618882541e-02 3.041443621381865678e-03 -1.023913137890497868e-04
5.360000000000000320e-01 -4.453867890087392922e-02 1.372261936770935399e-03 -7.304486751460599592e-05
5.440000000000000391e-01 -7.281973903320233810e-02 -5.456409181353560596e-04 -3.231727462244939693e-05
5.520000000000000462e-01 -1.013561283443192018e-01 -4.027180060939685585e-03 -5.756558578200585065e-05
5.600000000000000533e-01 -1.271468185925014871e-01 -9.170942513167738841e-03 -2.746134451487696197e-04
5.680000000000000604e-01 -1.462591605577151233e-01 -1.454016047330346749e-02 -7.788702862299267792e-04
5.760000000000000675e-01 -1.549546733449614078e-01 -1.866728789298490246e-02 -1.555969943109929273e-03
5.839999999999999636e-01 -1.511294910681580672e-01 -2.095850768409842149e-02 -2.441960570228307679e-03
5.919999999999999707e-01 -1.355356843235678288e-01 -2.116589551959107557e-02 -3.178491137802311097e-03
5.999999999999999778e-01 -1.121726515582106148e-01 -1.870815265809708944e-02 -3.570333313586923109e-03
6.079999999999999849e-01 -8.606053833075293091e-02 -1.310764564666097587e-02 -3.626405410614520330e-03
6.159999999999999920e-01 -6.011293731552908720e-02 -4.774322695413033696e-03 -3.531151731750147623e-03
6.239999999999999991e-01 -3.576949131883250949e-02 5.628819755917829383e-03 -3.460974923851967058e-03
6.320000000000000062e-01 -1.552243299820993579e-02 1.805211334570899773e-02 -3.439163367205584805e-03
6.400000000000000133e-01 -1.987640967344094737e-03 3.233297991731313298e-02 -3.369120396767684867e-03
6.480000000000000204e-01 4.016219635677060161e-03 4.735414115974696803e-02 -3.177998892741987127e-03
6.560000000000000275e-01 2.204454182926187875e-03 6.147904833793500085e-02 -2.919799169992903700e-03
6.640000000000000346e-01 -8.386140339940569011e-03 7.348389468496009658e-02 -2.791768571765529047e-03
6.720000000000000417e-01 -2.798876474198942407e-02 8.300107248602979493e-02 -3.099657314669609399e-03
6.800000000000000488e-01 -5.488652969924297242e-02 9.004621116885397347e-02 -4.146928723406167680e-03
6.880000000000000560e-01 -8.563355531277551391e-02 9.448278569520197900e-02 -5.991313186351441937e-03
6.960000000000000631e-01 -1.158456995312425880e-01 9.662508939524437623e-02 -8.171441883606635551e-03
7.039999999999999591e-01 -1.414280267861553753e-01 9.776786281987656646e-02 -9.689762926378788985e-03
7.119999999999999662e-01 -1.590901002444393142e-01 9.883560138259546435e-02 -9.441870944011372321e-03
7.199999999999999734e-01 -1.657581774980350642e-01 9.902303856579741659e-02 -6.905124361368541325e-03
7.279999999999999805e-01 -1.593515424504809985e-01 9.703900726500773455e-02 -2.602595215371309410e-03
7.359999999999999876e-01 -1.410320273704135929e-01 9.283826907188666433e-02 2.032280668423293302e-03
7.439999999999999947e-01 -1.150008671243651637e-01 8.702316982799018774e-02 5.336553644800312926e-03
7.520000000000000018e-01 -8.549003807049276871e-02 7.959700531767295584e-02 6.237793829976406336e-03
7.600000000000000089e-01 -5.581601985978534852e-02 7.020512718945154385e-02 4.769937361670965013e-03
7.680000000000000160e-01 -3.000860191866237120e-02 5.890278449615372891e-02 2.022718296230048476e-03
7.760000000000000231e-01 -1.195615069151148048e-02 4.602143947002088759e-02 -4.738240381438573443e-04
7.840000000000000302e-01 -2.527041104956879829e-03 3.167823373214486565e-02 -1.604084805008513170e-03
7.920000000000000373e-01 3.754881883915115858e-04 1.609527928045540943e-02 -1.215447999649689774e-03
