0.000000000000000000e+00 4.859944090290804297e+01
1.600000000000000033e-02 4.756782967548674179e+01
3.200000000000000067e-02 4.473632984667236201e+01
4.800000000000000100e-02 4.064537328487399748e+01
6.400000000000000133e-02 3.591319095737653555e+01
8.000000000000000167e-02 3.106531579525480069e+01
9.600000000000000200e-02 2.646847953461417191e+01
1.120000000000000023e-01 2.232794886229359577e+01
1.280000000000000027e-01 1.872220778758288162e+01
1.440000000000000169e-01 1.565326434886893914e+01
1.600000000000000033e-01 1.308577089614460753e+01
1.759999999999999898e-01 1.096525244813104649e+01
1.920000000000000040e-01 9.225608703379858611e+00
2.080000000000000182e-01 7.794348882790377075e+00
2.240000000000000047e-01 6.599849402073173721e+00
2.399999999999999911e-01 5.579211818042113080e+00
2.560000000000000053e-01 4.681995579307221433e+00
2.720000000000000195e-01 3.872138790037501277e+00
2.880000000000000338e-01 3.129635444937776789e+00
3.039999999999999925e-01 2.445791267886916032e+00
3.200000000000000067e-01 1.813020736995040627e+00
3.360000000000000209e-01 1.222086159253004123e+00
3.519999999999999796e-01 6.646593718361440972e-01
3.679999999999999938e-01 1.312861252627138264e-01
3.840000000000000080e-01 -3.875362883411144765e-01
4.000000000000000222e-01 -8.934717336916419006e-01
4.160000000000000364e-01 -1.372098593964555135e+00
4.319999999999999951e-01 -1.792278131776446459e+00
4.480000000000000093e-01 -2.120708133035476450e+00
4.640000000000000235e-01 -2.343507006672713722e+00
4.799999999999999822e-01 -2.479444534877907280e+00
4.959999999999999964e-01 -2.572571774563230385e+00
5.120000000000000107e-01 -2.666163322464812691e+00
5.280000000000000249e-01 -2.781548292126916788e+00
5.440000000000000391e-01 -2.914237734336881935e+00
5.600000000000000533e-01 -3.042507369631661351e+00
5.760000000000000675e-01 -3.141452715158816744e+00
5.919999999999999707e-01 -3.194113992144009817e+00
6.079999999999999849e-01 -3.197534457246896000e+00
6.239999999999999991e-01 -3.161440584808968168e+00
6.400000000000000133e-01 -3.099890755228722039e+00
6.560000000000000275e-01 -3.026254893862124984e+00
6.720000000000000417e-01 -2.955159028250817776e+00
6.880000000000000560e-01 -2.901627231737350598e+00
7.039999999999999591e-01 -2.870731098191511066e+00
7.199999999999999734e-01 -2.851611633494716802e+00
7.359999999999999876e-01 -2.826864989031973696e+00
7.520000000000000018e-01 -2.786058027449152430e+00
7.680000000000000160e-01 -2.733798362326743003e+00
7.840000000000000302e-01 -2.685251420274245682e+00
8.000000000000000444e-01 -2.648188776779422771e+00
8.160000000000000586e-01 -2.610489449503051951e+00
8.320000000000000728e-01 -2.547948356172189399e+00
8.479999999999999760e-01 -2.445066374185873581e+00
8.639999999999999902e-01 -2.306872787295538796e+00
8.800000000000000044e-01 -2.149687856699812105e+00
8.960000000000000187e-01 -1.983729765943497814e+00
9.120000000000000329e-01 -1.806865052701014829e+00
9.280000000000000471e-01 -1.615365301449723567e+00
9.440000000000000613e-01 -1.418669486200928587e+00
9.599999999999999645e-01 -1.239485844321405628e+00
9.759999999999999787e-01 -1.096093798956838672e+00
9.919999999999999929e-01 -9.856940940200412671e-01
1.008000000000000007e+00 -8.887752588839663570e-01
1.024000000000000021e+00 -7.868661524081104197e-01
1.040000000000000036e+00 -6.744566189090752673e-01
1.056000000000000050e+00 -5.585874816165147250e-01
1.072000000000000064e+00 -4.511521936147638301e-01
1.088000000000000078e+00 -3.628309305906043947e-01
1.104000000000000092e+00 -2.974451980886547720e-01
1.120000000000000107e+00 -2.485113137697569641e-01
1.136000000000000121e+00 -2.042869052662222296e-01
1.152000000000000135e+00 -1.542599612462753900e-01
1.167999999999999927e+00 -9.376665051546989593e-02
1.183999999999999941e+00 -2.497392718549077892e-02
1.199999999999999956e+00 4.781981052842280977e-02
1.215999999999999970e+00 1.221771174812726762e-01
1.231999999999999984e+00 2.016929149480506667e-01
1.247999999999999998e+00 2.953576130367973618e-01
1.264000000000000012e+00 4.068984256892023699e-01
1.280000000000000027e+00 5.284398802003209550e-01
1.296000000000000041e+00 6.461966031082754247e-01
1.312000000000000055e+00 7.505717551735445747e-01
1.328000000000000069e+00 8.372033108358296616e-01
1.344000000000000083e+00 8.991301694153965851e-01
1.360000000000000098e+00 9.304443527618044829e-01
1.376000000000000112e+00 9.405794576007449059e-01
1.392000000000000126e+00 9.552262936973778817e-01
1.407999999999999918e+00 9.970468715230755841e-01
1.423999999999999932e+00 1.064377111408872478e+00
1.439999999999999947e+00 1.128780345655000739e+00
1.455999999999999961e+00 1.153797819944026859e+00
1.471999999999999975e+00 1.119713389429976669e+00
1.487999999999999989e+00 1.035559990821781184e+00
1.504000000000000004e+00 9.322523927214456663e-01
1.520000000000000018e+00 8.436635502104956608e-01
1.536000000000000032e+00 7.877254648328344544e-01
1.552000000000000046e+00 7.590327141521469034e-01
1.568000000000000060e+00 7.315503400209086848e-01
1.584000000000000075e+00 6.739806417802254312e-01
1.600000000000000089e+00 5.776983654750906805e-01
1.616000000000000103e+00 4.680847702987152581e-01
1.632000000000000117e+00 3.839844720081736495e-01
1.648000000000000131e+00 3.462855788956979985e-01
1.664000000000000146e+00 3.461382228852566412e-01
1.679999999999999938e+00 3.640515615258387849e-01
1.695999999999999952e+00 3.898149712431820957e-01
1.711999999999999966e+00 4.182425923789633293e-01
1.727999999999999980e+00 4.363641969986796765e-01
1.743999999999999995e+00 4.242940217430393179e-01
1.760000000000000009e+00 3.711143315039800439e-01
1.776000000000000023e+00 2.857635344511664788e-01
1.792000000000000037e+00 1.904071066326138706e-01
1.808000000000000052e+00 1.021101732980515958e-01
1.824000000000000066e+00 1.837815489397622015e-02
1.840000000000000080e+00 -7.423725363847874514e-02
1.856000000000000094e+00 -1.777997129054001146e-01
1.872000000000000108e+00 -2.761034604021306849e-01
1.888000000000000123e+00 -3.518793571116367036e-01
1.904000000000000137e+00 -4.062414128148384984e-01
1.919999999999999929e+00 -4.516382621581950807e-01
1.935999999999999943e+00 -4.899422620501789338e-01
1.951999999999999957e+00 -5.062188861390858330e-01
1.967999999999999972e+00 -4.824101046092171829e-01
1.983999999999999986e+00 -4.192833190942481525e-01
2.000000000000000000e+00 -3.444732919826076212e-01
2.016000000000000014e+00 -2.957903810316701576e-01
2.032000000000000028e+00 -2.953016352342851536e-01
2.048000000000000043e+00 -3.355678035252214753e-01
2.064000000000000057e+00 -3.920096384436202452e-01
2.080000000000000071e+00 -4.464733565751706768e-01
2.096000000000000085e+00 -4.946630779611565498e-01
2.112000000000000099e+00 -5.398734199684270818e-01
2.128000000000000114e+00 -5.908038194367508655e-01
2.144000000000000128e+00 -6.618081317848119038e-01
2.160000000000000142e+00 -7.611149776260179856e-01
2.176000000000000156e+00 -8.751876503797572093e-01
2.192000000000000171e+00 -9.697214048135327502e-01
2.208000000000000185e+00 -1.008377433294062930e+00
2.224000000000000199e+00 -9.758410785262787712e-01
2.240000000000000213e+00 -8.870342363331533697e-01
2.256000000000000227e+00 -7.760523220771983199e-01
2.272000000000000242e+00 -6.735396722430022631e-01
2.288000000000000256e+00 -5.892170697550281888e-01
2.304000000000000270e+00 -5.158961963730144262e-01
2.319999999999999840e+00 -4.431324926624847782e-01
2.335999999999999854e+00 -3.640160304423599169e-01
2.351999999999999869e+00 -2.794840873719775520e-01
2.367999999999999883e+00 -2.029256267129994351e-01
2.383999999999999897e+00 -1.601274302009949579e-01
2.399999999999999911e+00 -1.702895252873434517e-01
2.415999999999999925e+00 -2.194091044550896541e-01
2.431999999999999940e+00 -2.646235942035505273e-01
2.447999999999999954e+00 -2.651471653238982595e-01
2.463999999999999968e+00 -2.082883828034324813e-01
2.479999999999999982e+00 -1.140190465984455559e-01
2.495999999999999996e+00 -1.918849411890847373e-02
