0.000000000000000000e+00 4.903371953196996458e+01
1.600000000000000033e-02 4.802177179471328117e+01
3.200000000000000067e-02 4.523974606817483135e+01
4.800000000000000100e-02 4.122222266421849923e+01
6.400000000000000133e-02 3.657064302402736189e+01
8.000000000000000167e-02 3.182271049588482015e+01
9.600000000000000200e-02 2.733254819944215086e+01
1.120000000000000023e-01 2.326884543523254223e+01
1.280000000000000027e-01 1.971555202729574674e+01
1.440000000000000169e-01 1.664096481571354502e+01
1.600000000000000033e-01 1.402513825893856492e+01
1.759999999999999898e-01 1.185353520579185904e+01
1.920000000000000040e-01 1.004062949155397000e+01
2.080000000000000182e-01 8.563670480650603878e+00
2.240000000000000047e-01 7.337438953094936878e+00
2.399999999999999911e-01 6.314348905410710699e+00
2.560000000000000053e-01 5.471437920760523710e+00
2.720000000000000195e-01 4.726061191630397396e+00
2.880000000000000338e-01 4.068893546674111406e+00
3.039999999999999925e-01 3.432526534699131826e+00
3.200000000000000067e-01 2.799751051747930042e+00
3.360000000000000209e-01 2.196282951360473135e+00
3.519999999999999796e-01 1.609956062474888094e+00
3.679999999999999938e-01 1.081964936503762686e+00
3.840000000000000080e-01 6.035555911979894050e-01
4.000000000000000222e-01 1.494361001591292260e-01
4.160000000000000364e-01 -2.714591816885628117e-01
4.319999999999999951e-01 -6.651565181231993140e-01
4.480000000000000093e-01 -1.016983704150262513e+00
4.640000000000000235e-01 -1.294751340020813934e+00
4.799999999999999822e-01 -1.504970566497859652e+00
4.959999999999999964e-01 -1.677025516208727751e+00
5.120000000000000107e-01 -1.827568853460929343e+00
5.280000000000000249e-01 -1.981101435041863423e+00
5.440000000000000391e-01 -2.141173834049447944e+00
5.600000000000000533e-01 -2.277678132800339483e+00
5.760000000000000675e-01 -2.414728255583806327e+00
5.919999999999999707e-01 -2.538435447696390401e+00
6.079999999999999849e-01 -2.633405351734289024e+00
6.239999999999999991e-01 -2.724381569020668081e+00
6.400000000000000133e-01 -2.769218595256450310e+00
6.560000000000000275e-01 -2.804225337997793943e+00
6.720000000000000417e-01 -2.836490354796374014e+00
6.880000000000000560e-01 -2.873754799624102851e+00
7.039999999999999591e-01 -2.963059736601453498e+00
7.199999999999999734e-01 -3.052529436874144242e+00
7.359999999999999876e-01 -3.142423823854540554e+00
7.520000000000000018e-01 -3.188341010605012737e+00
7.680000000000000160e-01 -3.162164696027607302e+00
7.840000000000000302e-01 -3.098928410398861466e+00
8.000000000000000444e-01 -2.981034889614553762e+00
8.160000000000000586e-01 -2.841436052768152365e+00
8.320000000000000728e-01 -2.689778400463683994e+00
8.479999999999999760e-01 -2.510153149031648656e+00
8.639999999999999902e-01 -2.325984476162830106e+00
8.800000000000000044e-01 -2.134154385972074852e+00
8.960000000000000187e-01 -1.928318886772375063e+00
9.120000000000000329e-01 -1.734341099389568264e+00
9.280000000000000471e-01 -1.571486330868238301e+00
9.440000000000000613e-01 -1.450403344459249011e+00
9.599999999999999645e-01 -1.381978584808621013e+00
9.759999999999999787e-01 -1.342636235129851308e+00
9.919999999999999929e-01 -1.304411539149364030e+00
1.008000000000000007e+00 -1.285066902269835332e+00
1.024000000000000021e+00 -1.259448591276544072e+00
1.040000000000000036e+00 -1.214423690452660853e+00
1.056000000000000050e+00 -1.148765603524072976e+00
1.072000000000000064e+00 -1.005270840531816701e+00
1.088000000000000078e+00 -8.161696576876422693e-01
1.104000000000000092e+00 -5.821130116362807083e-01
1.120000000000000107e+00 -3.243116320150684073e-01
1.136000000000000121e+00 -9.791910991753725868e-02
1.152000000000000135e+00 1.185654363182998827e-01
1.167999999999999927e+00 2.756933302948982867e-01
1.183999999999999941e+00 3.823167120824747522e-01
1.199999999999999956e+00 4.380804660586694599e-01
1.215999999999999970e+00 4.291393867489653458e-01
1.231999999999999984e+00 4.192746201715111254e-01
1.247999999999999998e+00 4.122788837928001993e-01
1.264000000000000012e+00 4.320815750758664753e-01
1.280000000000000027e+00 4.831981330403747887e-01
1.296000000000000041e+00 5.206551685778048055e-01
1.312000000000000055e+00 5.450057571224009578e-01
1.328000000000000069e+00 5.601209755072008578e-01
1.344000000000000083e+00 5.647544134412569861e-01
1.360000000000000098e+00 5.746421886629194953e-01
1.376000000000000112e+00 5.854523498672992154e-01
1.392000000000000126e+00 5.829637119101540588e-01
1.407999999999999918e+00 5.887217408786671324e-01
1.423999999999999932e+00 6.267471840179591469e-01
1.439999999999999947e+00 6.950951323485971001e-01
1.455999999999999961e+00 8.107407126598602520e-01
1.471999999999999975e+00 9.364054448740795067e-01
1.487999999999999989e+00 1.020754469536476527e+00
1.504000000000000004e+00 1.062388229609260160e+00
1.520000000000000018e+00 1.011514825262605610e+00
1.536000000000000032e+00 8.959245037561706093e-01
1.552000000000000046e+00 7.293703580294624844e-01
1.568000000000000060e+00 5.148964628569502322e-01
1.584000000000000075e+00 3.263629233315938905e-01
1.600000000000000089e+00 1.586502123928258123e-01
1.616000000000000103e+00 5.970393521681091609e-02
1.632000000000000117e+00 3.025893134657750214e-02
1.648000000000000131e+00 4.080390991233391607e-02
1.664000000000000146e+00 1.052291991095344187e-01
1.679999999999999938e+00 1.620827760776613891e-01
1.695999999999999952e+00 2.062594584775386819e-01
1.711999999999999966e+00 2.260968691870914038e-01
1.727999999999999980e+00 1.908198536411861712e-01
1.743999999999999995e+00 1.253768513698548248e-01
1.760000000000000009e+00 3.130978159945959488e-02
1.776000000000000023e+00 -8.494210111073452474e-02
1.792000000000000037e+00 -1.922188580206978803e-01
1.808000000000000052e+00 -2.793186361711139654e-01
1.824000000000000066e+00 -3.351843341898245177e-01
1.840000000000000080e+00 -3.444448306948670324e-01
1.856000000000000094e+00 -3.301097440017308204e-01
1.872000000000000108e+00 -3.265737480739913101e-01
1.888000000000000123e+00 -3.301994054890474706e-01
1.904000000000000137e+00 -3.544976580696589941e-01
1.919999999999999929e+00 -3.883405462068341141e-01
1.935999999999999943e+00 -3.998639254181431957e-01
1.951999999999999957e+00 -4.229227486552435966e-01
1.967999999999999972e+00 -4.307847478080046311e-01
1.983999999999999986e+00 -4.347202200575607800e-01
2.000000000000000000e+00 -4.522953419495746030e-01
2.016000000000000014e+00 -4.556145472771967464e-01
2.032000000000000028e+00 -4.963697868392059620e-01
2.048000000000000043e+00 -5.513866399223062986e-01
2.064000000000000057e+00 -6.308694995885125723e-01
2.080000000000000071e+00 -7.320769780758938916e-01
2.096000000000000085e+00 -7.994440357171188616e-01
2.112000000000000099e+00 -8.492337865388747131e-01
2.128000000000000114e+00 -8.452180722985809247e-01
2.144000000000000128e+00 -7.982415786259914325e-01
2.160000000000000142e+00 -7.379426036830994962e-01
2.176000000000000156e+00 -6.570186472599788274e-01
2.192000000000000171e+00 -5.908589163431812175e-01
2.208000000000000185e+00 -5.429471750986284428e-01
2.224000000000000199e+00 -5.029129210388131321e-01
2.240000000000000213e+00 -4.887761305172337312e-01
2.256000000000000227e+00 -4.944600813134398809e-01
2.272000000000000242e+00 -4.986917360145344813e-01
2.288000000000000256e+00 -4.977258206032105781e-01
2.304000000000000270e+00 -4.806843965102306493e-01
2.319999999999999840e+00 -4.374934486895669661e-01
2.335999999999999854e+00 -3.962089929278466705e-01
2.351999999999999869e+00 -3.603776732196483090e-01
2.367999999999999883e+00 -3.289505479367601515e-01
2.383999999999999897e+00 -3.303705592549591730e-01
2.399999999999999911e+00 -3.179631756078721283e-01
2.415999999999999925e+00 -2.950797292813412409e-01
2.431999999999999940e+00 -2.667817939243617986e-01
2.447999999999999954e+00 -2.111714648410604744e-01
2.463999999999999968e+00 -1.689233468993725229e-01
2.479999999999999982e+00 -9.737499784862556351e-02
2.495999999999999996e+00 -1.671143387730832444e-02
