0.000000000000000000e+00 4.131545085223823577e+01
1.600000000000000033e-02 4.043288822339274446e+01
3.200000000000000067e-02 3.803021241705089039e+01
4.800000000000000100e-02 3.459562040673248617e+01
6.400000000000000133e-02 3.067804947390830961e+01
8.000000000000000167e-02 2.671882429295159511e+01
9.600000000000000200e-02 2.299956126203249340e+01
1.120000000000000023e-01 1.965935337001427996e+01
1.280000000000000027e-01 1.673764796546030809e+01
1.440000000000000169e-01 1.422434722560951492e+01
1.600000000000000033e-01 1.209387190787514221e+01
1.759999999999999898e-01 1.031231163065011636e+01
1.920000000000000040e-01 8.837112320884918049e+00
2.080000000000000182e-01 7.624682662910071684e+00
2.240000000000000047e-01 6.634050692008703898e+00
2.399999999999999911e-01 5.817451030325181627e+00
2.560000000000000053e-01 5.113922620256191820e+00
2.720000000000000195e-01 4.462495951338832256e+00
2.880000000000000338e-01 3.825438207406099522e+00
3.039999999999999925e-01 3.197820193074249140e+00
3.200000000000000067e-01 2.595019783407804592e+00
3.360000000000000209e-01 2.033102640962291652e+00
3.519999999999999796e-01 1.519498695758585649e+00
3.679999999999999938e-01 1.054090878610422166e+00
3.840000000000000080e-01 6.313451411819334114e-01
4.000000000000000222e-01 2.422892703385619850e-01
4.160000000000000364e-01 -1.202946528741477283e-01
4.319999999999999951e-01 -4.575090154582996393e-01
4.480000000000000093e-01 -7.651346111024435181e-01
4.640000000000000235e-01 -1.035238560823731557e+00
4.799999999999999822e-01 -1.257245420460078922e+00
4.959999999999999964e-01 -1.425177017979288419e+00
5.120000000000000107e-01 -1.546353144835681537e+00
5.280000000000000249e-01 -1.633951338744424886e+00
5.440000000000000391e-01 -1.687173820189121098e+00
5.600000000000000533e-01 -1.690445729187966650e+00
5.760000000000000675e-01 -1.639914912464073948e+00
5.919999999999999707e-01 -1.558730621937451710e+00
6.079999999999999849e-01 -1.474938887059870751e+00
6.239999999999999991e-01 -1.395705341374089414e+00
6.400000000000000133e-01 -1.317305440497970714e+00
6.560000000000000275e-01 -1.249065753476464646e+00
6.720000000000000417e-01 -1.208588255405971035e+00
6.880000000000000560e-01 -1.200474620040703044e+00
7.039999999999999591e-01 -1.218817569233361153e+00
7.199999999999999734e-01 -1.265900021953676235e+00
7.359999999999999876e-01 -1.349488114234753677e+00
7.520000000000000018e-01 -1.463054788796472439e+00
7.680000000000000160e-01 -1.583401103597287696e+00
7.840000000000000302e-01 -1.685432413775461491e+00
8.000000000000000444e-01 -1.747747540670771649e+00
8.160000000000000586e-01 -1.750972688146912315e+00
8.320000000000000728e-01 -1.688177618023279480e+00
8.479999999999999760e-01 -1.577208620281610907e+00
8.639999999999999902e-01 -1.449738129386812568e+00
8.800000000000000044e-01 -1.324062927579343407e+00
8.960000000000000187e-01 -1.193737805290993492e+00
9.120000000000000329e-01 -1.043746518587445715e+00
9.280000000000000471e-01 -8.730598675602914138e-01
9.440000000000000613e-01 -6.972049782320683953e-01
9.599999999999999645e-01 -5.281019807625302320e-01
9.759999999999999787e-01 -3.560891238984720819e-01
9.919999999999999929e-01 -1.596616734499977930e-01
1.008000000000000007e+00 6.439391256569772237e-02
1.024000000000000021e+00 2.852692343148919285e-01
1.040000000000000036e+00 4.565942309541557997e-01
1.056000000000000050e+00 5.510120653386135769e-01
1.072000000000000064e+00 5.779724155322116808e-01
1.088000000000000078e+00 5.715029363932817574e-01
1.104000000000000092e+00 5.645197047607555252e-01
1.120000000000000107e+00 5.761455767935953487e-01
1.136000000000000121e+00 6.167047620995640411e-01
1.152000000000000135e+00 6.895412071884473582e-01
1.167999999999999927e+00 7.807163264834100502e-01
1.183999999999999941e+00 8.591546057980925521e-01
1.199999999999999956e+00 9.006922301439231893e-01
1.215999999999999970e+00 9.084952257036263967e-01
1.231999999999999984e+00 9.040150789715258872e-01
1.247999999999999998e+00 9.081672766009669662e-01
1.264000000000000012e+00 9.392489685743427019e-01
1.280000000000000027e+00 1.012632691177439037e+00
1.296000000000000041e+00 1.122330023776126895e+00
1.312000000000000055e+00 1.229423362778978346e+00
1.328000000000000069e+00 1.287524978727404124e+00
1.344000000000000083e+00 1.280476411962975458e+00
1.360000000000000098e+00 1.226622982589601341e+00
1.376000000000000112e+00 1.153705516221413374e+00
1.392000000000000126e+00 1.082473059568575424e+00
1.407999999999999918e+00 1.026228954646962066e+00
1.423999999999999932e+00 9.863970606997961577e-01
1.439999999999999947e+00 9.485052424092947909e-01
1.455999999999999961e+00 8.991192556504774558e-01
1.471999999999999975e+00 8.492469951802517070e-01
1.487999999999999989e+00 8.264426146093163394e-01
1.504000000000000004e+00 8.386792339210024094e-01
1.520000000000000018e+00 8.576445077114657201e-01
1.536000000000000032e+00 8.451805191979170351e-01
1.552000000000000046e+00 7.902614592786252334e-01
1.568000000000000060e+00 7.149585756434937434e-01
1.584000000000000075e+00 6.484640311275723379e-01
1.600000000000000089e+00 6.000782281984893274e-01
1.616000000000000103e+00 5.565789390810326198e-01
1.632000000000000117e+00 5.033725648883209391e-01
1.648000000000000131e+00 4.462368582336413980e-01
1.664000000000000146e+00 4.090237612886631346e-01
1.679999999999999938e+00 4.081516001427536455e-01
1.695999999999999952e+00 4.332193231374986686e-01
1.711999999999999966e+00 4.576396612254200469e-01
1.727999999999999980e+00 4.657787941800830556e-01
1.743999999999999995e+00 4.626026739778607566e-01
1.760000000000000009e+00 4.584211006851562353e-01
1.776000000000000023e+00 4.565936290811364318e-01
1.792000000000000037e+00 4.613725972120455432e-01
1.808000000000000052e+00 4.844346282713355434e-01
1.824000000000000066e+00 5.300692821122245935e-01
1.840000000000000080e+00 5.810261694567953050e-01
1.856000000000000094e+00 6.128465996698680973e-01
1.872000000000000108e+00 6.175151770985437549e-01
1.888000000000000123e+00 6.011753571177255173e-01
1.904000000000000137e+00 5.671760167185461166e-01
1.919999999999999929e+00 5.186662963589039332e-01
1.935999999999999943e+00 4.716527529247034334e-01
1.951999999999999957e+00 4.456891991907298012e-01
1.967999999999999972e+00 4.432688409582687394e-01
1.983999999999999986e+00 4.539925602759505852e-01
2.000000000000000000e+00 4.737462654162845621e-01
2.016000000000000014e+00 5.005062485857367793e-01
2.032000000000000028e+00 5.151750849966840740e-01
2.048000000000000043e+00 4.904786113015998095e-01
2.064000000000000057e+00 4.243414877331819213e-01
2.080000000000000071e+00 3.468357787827869854e-01
2.096000000000000085e+00 2.865271200843422239e-01
2.112000000000000099e+00 2.427500710605809131e-01
2.128000000000000114e+00 1.981036098888661057e-01
2.144000000000000128e+00 1.461060620669354937e-01
2.160000000000000142e+00 9.564868143949320500e-02
2.176000000000000156e+00 5.573357491748448522e-02
2.192000000000000171e+00 2.890673088393502441e-02
2.208000000000000185e+00 1.972233489973233139e-02
2.224000000000000199e+00 4.007626687633399770e-02
2.240000000000000213e+00 1.004230241852887562e-01
2.256000000000000227e+00 1.947758884603880969e-01
2.272000000000000242e+00 2.937260274980713071e-01
2.288000000000000256e+00 3.557106247722234271e-01
2.304000000000000270e+00 3.540812494035043834e-01
2.319999999999999840e+00 2.973202806002670506e-01
2.335999999999999854e+00 2.184517996619123048e-01
2.351999999999999869e+00 1.438035562943608958e-01
2.367999999999999883e+00 7.864016174986243612e-02
2.383999999999999897e+00 2.230016418077930898e-02
2.399999999999999911e+00 -1.669968801328684110e-02
2.415999999999999925e+00 -2.876269569438491200e-02
2.431999999999999940e+00 -1.714087475200713750e-02
2.447999999999999954e+00 5.289177057050038246e-03
2.463999999999999968e+00 2.635476985457253091e-02
2.479999999999999982e+00 3.344765251583549370e-02
2.495999999999999996e+00 1.120965277505928462e-02
