0.000000000000000000e+00 4.107015578078853935e+01
1.600000000000000033e-02 4.022111865570169442e+01
3.200000000000000067e-02 3.788429301439875019e+01
4.800000000000000100e-02 3.449929590788933353e+01
6.400000000000000133e-02 3.059020517142526785e+01
8.000000000000000167e-02 2.660465537945780667e+01
9.600000000000000200e-02 2.284104271046782841e+01
1.120000000000000023e-01 1.945462386301239732e+01
1.280000000000000027e-01 1.649921550981162710e+01
1.440000000000000169e-01 1.397103964659692110e+01
1.600000000000000033e-01 1.183925381986509606e+01
1.759999999999999898e-01 1.005718270510937806e+01
1.920000000000000040e-01 8.562262454910593235e+00
2.080000000000000182e-01 7.283163141912361915e+00
2.240000000000000047e-01 6.157241510497521553e+00
2.399999999999999911e-01 5.144451646102126574e+00
2.560000000000000053e-01 4.231787294793464937e+00
2.720000000000000195e-01 3.430069444256009792e+00
2.880000000000000338e-01 2.760232369532800600e+00
3.039999999999999925e-01 2.231293682073373308e+00
3.200000000000000067e-01 1.823114299870542965e+00
3.360000000000000209e-01 1.486684011958544493e+00
3.519999999999999796e-01 1.164427593644026482e+00
3.679999999999999938e-01 8.169497726209303812e-01
3.840000000000000080e-01 4.356325082225175893e-01
4.000000000000000222e-01 3.715411111998966065e-02
4.160000000000000364e-01 -3.480845964317773600e-01
4.319999999999999951e-01 -6.877890702993725291e-01
4.480000000000000093e-01 -9.604841067155822643e-01
4.640000000000000235e-01 -1.164340233799012303e+00
4.799999999999999822e-01 -1.315252535509852327e+00
4.959999999999999964e-01 -1.433807136600415921e+00
5.120000000000000107e-01 -1.531200310859262892e+00
5.280000000000000249e-01 -1.608172741970378183e+00
5.440000000000000391e-01 -1.667279488513998542e+00
5.600000000000000533e-01 -1.723318909161210444e+00
5.760000000000000675e-01 -1.800743313394771006e+00
5.919999999999999707e-01 -1.919458738522843433e+00
6.079999999999999849e-01 -2.078971628149343331e+00
6.239999999999999991e-01 -2.255489429651776678e+00
6.400000000000000133e-01 -2.417773808746948916e+00
6.560000000000000275e-01 -2.548364203828341168e+00
6.720000000000000417e-01 -2.651285326887297344e+00
6.880000000000000560e-01 -2.740936609385189016e+00
7.039999999999999591e-01 -2.824510206397692347e+00
7.199999999999999734e-01 -2.896282058457331221e+00
7.359999999999999876e-01 -2.946914678958949096e+00
7.520000000000000018e-01 -2.972351824712040624e+00
7.680000000000000160e-01 -2.972261105890233956e+00
7.840000000000000302e-01 -2.944744388728191442e+00
8.000000000000000444e-01 -2.886038834799887987e+00
8.160000000000000586e-01 -2.795707583737264468e+00
8.320000000000000728e-01 -2.681301579551762515e+00
8.479999999999999760e-01 -2.556022760936109250e+00
8.639999999999999902e-01 -2.431702336965701594e+00
8.800000000000000044e-01 -2.315587344970434280e+00
8.960000000000000187e-01 -2.212178879092380868e+00
9.120000000000000329e-01 -2.124138512279460933e+00
9.280000000000000471e-01 -2.049235596548931504e+00
9.440000000000000613e-01 -1.976699349657215832e+00
9.599999999999999645e-01 -1.889390549137061948e+00
9.759999999999999787e-01 -1.771921083718942747e+00
9.919999999999999929e-01 -1.615755478131859046e+00
1.008000000000000007e+00 -1.418345774172204088e+00
1.024000000000000021e+00 -1.183885594322116708e+00
1.040000000000000036e+00 -9.265965991316225114e-01
1.056000000000000050e+00 -6.693001407840006856e-01
1.072000000000000064e+00 -4.363185738360751409e-01
1.088000000000000078e+00 -2.442043231775850864e-01
1.104000000000000092e+00 -9.257048014330342134e-02
1.120000000000000107e+00 3.826850724017624716e-02
1.136000000000000121e+00 1.754615973059135692e-01
1.152000000000000135e+00 3.326397015703346227e-01
1.167999999999999927e+00 4.964684997801645516e-01
1.183999999999999941e+00 6.330247512442662705e-01
1.199999999999999956e+00 7.087143114487818307e-01
1.215999999999999970e+00 7.089163776698330643e-01
1.231999999999999984e+00 6.440388425175191944e-01
1.247999999999999998e+00 5.438484845553793745e-01
1.264000000000000012e+00 4.448955275148059885e-01
1.280000000000000027e+00 3.778508989308511645e-01
1.296000000000000041e+00 3.605371260380199616e-01
1.312000000000000055e+00 3.965524396737778456e-01
1.328000000000000069e+00 4.778641868892374300e-01
1.344000000000000083e+00 5.905013151511553371e-01
1.360000000000000098e+00 7.196262038552105889e-01
1.376000000000000112e+00 8.519222304558786707e-01
1.392000000000000126e+00 9.770385858072646590e-01
1.407999999999999918e+00 1.086869057810387229e+00
1.423999999999999932e+00 1.171735419378332255e+00
1.439999999999999947e+00 1.218752345635198298e+00
1.455999999999999961e+00 1.216014109872132432e+00
1.471999999999999975e+00 1.159802161630496542e+00
1.487999999999999989e+00 1.060163982073213162e+00
1.504000000000000004e+00 9.400654235876009235e-01
1.520000000000000018e+00 8.267852795826376999e-01
1.536000000000000032e+00 7.414226060955020348e-01
1.552000000000000046e+00 6.931584986249830216e-01
1.568000000000000060e+00 6.798533057726591222e-01
1.584000000000000075e+00 6.921160121137449606e-01
1.600000000000000089e+00 7.152897605684893634e-01
1.616000000000000103e+00 7.287515019301649133e-01
1.632000000000000117e+00 7.101344884966594995e-01
1.648000000000000131e+00 6.472898393168077247e-01
1.664000000000000146e+00 5.495458172300319299e-01
1.679999999999999938e+00 4.483560096385429405e-01
1.695999999999999952e+00 3.830108141225882501e-01
1.711999999999999966e+00 3.776298557908284170e-01
1.727999999999999980e+00 4.270027928380814020e-01
1.743999999999999995e+00 5.028344075831184812e-01
1.760000000000000009e+00 5.730485586263807107e-01
1.776000000000000023e+00 6.190309441713583993e-01
1.792000000000000037e+00 6.397160251313835921e-01
1.808000000000000052e+00 6.406903102249724702e-01
1.824000000000000066e+00 6.205803561632708965e-01
1.840000000000000080e+00 5.693647083006753151e-01
1.856000000000000094e+00 4.778359665316034843e-01
1.872000000000000108e+00 3.475999568121611594e-01
1.888000000000000123e+00 1.953103552790677044e-01
1.904000000000000137e+00 4.962574551340610124e-02
1.919999999999999929e+00 -5.954293199500779177e-02
1.935999999999999943e+00 -1.175400430224411569e-01
1.951999999999999957e+00 -1.375270173224218129e-01
1.967999999999999972e+00 -1.545974815179296247e-01
1.983999999999999986e+00 -2.027534589325378500e-01
2.000000000000000000e+00 -2.967209698159561926e-01
2.016000000000000014e+00 -4.314114252356119339e-01
2.032000000000000028e+00 -5.891772848771953397e-01
2.048000000000000043e+00 -7.447222512513572701e-01
2.064000000000000057e+00 -8.687651478531859262e-01
2.080000000000000071e+00 -9.349540792474723139e-01
2.096000000000000085e+00 -9.319434226709687463e-01
2.112000000000000099e+00 -8.731882856637539492e-01
2.128000000000000114e+00 -7.917447427515672542e-01
2.144000000000000128e+00 -7.208420675655393683e-01
2.160000000000000142e+00 -6.743735902495416878e-01
2.176000000000000156e+00 -6.389305625027466018e-01
2.192000000000000171e+00 -5.831694446233719464e-01
2.208000000000000185e+00 -4.808095910017419761e-01
2.224000000000000199e+00 -3.293050408996037182e-01
2.240000000000000213e+00 -1.490343187863134855e-01
2.256000000000000227e+00 3.234441628891650961e-02
2.272000000000000242e+00 1.945327831109255612e-01
2.288000000000000256e+00 3.278748935278298360e-01
2.304000000000000270e+00 4.288394499025429685e-01
2.319999999999999840e+00 4.978957033759081052e-01
2.335999999999999854e+00 5.393027175316208455e-01
2.351999999999999869e+00 5.558344079658348313e-01
2.367999999999999883e+00 5.432107850002485527e-01
2.383999999999999897e+00 4.931126096499386380e-01
2.399999999999999911e+00 4.025972745085463211e-01
2.415999999999999925e+00 2.826712290675555961e-01
2.431999999999999940e+00 1.590370108839392893e-01
2.447999999999999954e+00 6.069908696586221591e-02
2.463999999999999968e+00 4.464818398592271774e-03
2.479999999999999982e+00 -1.150158738441217111e-02
2.495999999999999996e+00 -3.347561515441496542e-03
