0.000000000000000000e+00 4.894884236928022148e+01
1.600000000000000033e-02 4.795306749761638088e+01
3.200000000000000067e-02 4.521583426493851476e+01
4.800000000000000100e-02 4.125324996455714910e+01
6.400000000000000133e-02 3.666894947578684594e+01
8.000000000000000167e-02 3.198446729026939650e+01
9.600000000000000200e-02 2.755820651755217199e+01
1.120000000000000023e-01 2.357381180822405042e+01
1.280000000000000027e-01 2.008510023073468886e+01
1.440000000000000169e-01 1.708349104625556691e+01
1.600000000000000033e-01 1.453991456659865200e+01
1.759999999999999898e-01 1.241221733750819922e+01
1.920000000000000040e-01 1.064383453476151686e+01
2.080000000000000182e-01 9.169220382440281369e+00
2.240000000000000047e-01 7.922238866090094866e+00
2.399999999999999911e-01 6.839644506460870410e+00
2.560000000000000053e-01 5.866280318109182268e+00
2.720000000000000195e-01 4.969240730735232425e+00
2.880000000000000338e-01 4.142932792476477388e+00
3.039999999999999925e-01 3.392505169702042078e+00
3.200000000000000067e-01 2.712401707046506072e+00
3.360000000000000209e-01 2.081729955843115931e+00
3.519999999999999796e-01 1.479228420038776415e+00
3.679999999999999938e-01 8.993463523789220204e-01
3.840000000000000080e-01 3.546230334819806540e-01
4.000000000000000222e-01 -1.339611781737953533e-01
4.160000000000000364e-01 -5.482028215699733531e-01
4.319999999999999951e-01 -8.754005466565749627e-01
4.480000000000000093e-01 -1.108978604333782370e+00
4.640000000000000235e-01 -1.254387549534922819e+00
4.799999999999999822e-01 -1.331367996150419675e+00
4.959999999999999964e-01 -1.366560598346913791e+00
5.120000000000000107e-01 -1.381191365101229529e+00
5.280000000000000249e-01 -1.386313703786003604e+00
5.440000000000000391e-01 -1.390624492715894611e+00
5.600000000000000533e-01 -1.405968088009376338e+00
5.760000000000000675e-01 -1.442559408478390592e+00
5.919999999999999707e-01 -1.504861086955068261e+00
6.079999999999999849e-01 -1.594075705978131641e+00
6.239999999999999991e-01 -1.707392126029551482e+00
6.400000000000000133e-01 -1.832193501914156197e+00
6.560000000000000275e-01 -1.949929562277111117e+00
6.720000000000000417e-01 -2.046348474285862640e+00
6.880000000000000560e-01 -2.114839050359514694e+00
7.039999999999999591e-01 -2.155788791023903084e+00
7.199999999999999734e-01 -2.173148105604986835e+00
7.359999999999999876e-01 -2.171840719233503858e+00
7.520000000000000018e-01 -2.161508971417841707e+00
7.680000000000000160e-01 -2.156484849979066087e+00
7.840000000000000302e-01 -2.166056469141188323e+00
8.000000000000000444e-01 -2.183636692543850177e+00
8.160000000000000586e-01 -2.187530587296532936e+00
8.320000000000000728e-01 -2.154806618251580375e+00
8.479999999999999760e-01 -2.073861668859598328e+00
8.639999999999999902e-01 -1.949152506108940086e+00
8.800000000000000044e-01 -1.799099968894587009e+00
8.960000000000000187e-01 -1.646506352127115047e+00
9.120000000000000329e-01 -1.507538574514569962e+00
9.280000000000000471e-01 -1.386606408750356012e+00
9.440000000000000613e-01 -1.281047183203190443e+00
9.599999999999999645e-01 -1.190237501086149230e+00
9.759999999999999787e-01 -1.118418386940311704e+00
9.919999999999999929e-01 -1.069152946291802353e+00
1.008000000000000007e+00 -1.035491724020026760e+00
1.024000000000000021e+00 -9.991876879113184007e-01
1.040000000000000036e+00 -9.440947509250184888e-01
1.056000000000000050e+00 -8.667129139919618197e-01
1.072000000000000064e+00 -7.758375641864418970e-01
1.088000000000000078e+00 -6.833837749366432623e-01
1.104000000000000092e+00 -5.904981091788881198e-01
1.120000000000000107e+00 -4.830442590200838548e-01
1.136000000000000121e+00 -3.423433980045604841e-01
1.152000000000000135e+00 -1.628665098088668273e-01
1.167999999999999927e+00 4.015396939512654029e-02
1.183999999999999941e+00 2.433555668940839412e-01
1.199999999999999956e+00 4.314792449324602597e-01
1.215999999999999970e+00 5.999329098992876030e-01
1.231999999999999984e+00 7.459016096040651522e-01
1.247999999999999998e+00 8.605247282178027923e-01
1.264000000000000012e+00 9.343388791497815316e-01
1.280000000000000027e+00 9.707235222161371135e-01
1.296000000000000041e+00 9.909954260274531634e-01
1.312000000000000055e+00 1.020931993362776069e+00
1.328000000000000069e+00 1.065866298399665846e+00
1.344000000000000083e+00 1.100015991468846988e+00
1.360000000000000098e+00 1.083718976834003422e+00
1.376000000000000112e+00 9.959455832633293815e-01
1.392000000000000126e+00 8.557048980877267619e-01
1.407999999999999918e+00 7.126058282785164844e-01
1.423999999999999932e+00 6.157673200031889005e-01
1.439999999999999947e+00 5.851544357858619039e-01
1.455999999999999961e+00 6.069031657085908193e-01
1.471999999999999975e+00 6.571247856612206784e-01
1.487999999999999989e+00 7.243427069918559891e-01
1.504000000000000004e+00 8.070362359783106454e-01
1.520000000000000018e+00 8.986077835011632153e-01
1.536000000000000032e+00 9.784219755268029894e-01
1.552000000000000046e+00 1.017384672528827583e+00
1.568000000000000060e+00 9.950238082735246570e-01
1.584000000000000075e+00 9.162401321823961942e-01
1.600000000000000089e+00 8.137392262679971067e-01
1.616000000000000103e+00 7.303870196461966779e-01
1.632000000000000117e+00 6.948635920683010614e-01
1.648000000000000131e+00 7.079656734787885819e-01
1.664000000000000146e+00 7.468944297237676277e-01
1.679999999999999938e+00 7.821916429309666574e-01
1.695999999999999952e+00 7.908192666290327910e-01
1.711999999999999966e+00 7.585889814871856762e-01
1.727999999999999980e+00 6.787450380956008278e-01
1.743999999999999995e+00 5.538798160380662416e-01
1.760000000000000009e+00 4.001960585879604237e-01
1.776000000000000023e+00 2.434292567622398651e-01
1.792000000000000037e+00 1.051037226284305959e-01
1.808000000000000052e+00 -9.687876212321247169e-03
1.824000000000000066e+00 -1.109248224739244754e-01
1.840000000000000080e+00 -2.055849524264871109e-01
1.856000000000000094e+00 -2.846590787405385292e-01
1.872000000000000108e+00 -3.334391764595746599e-01
1.888000000000000123e+00 -3.487830944813663514e-01
1.904000000000000137e+00 -3.428420040363860943e-01
1.919999999999999929e+00 -3.338447126185776770e-01
1.935999999999999943e+00 -3.365799011368830196e-01
1.951999999999999957e+00 -3.585040525801394540e-01
1.967999999999999972e+00 -3.991332511795299132e-01
1.983999999999999986e+00 -4.523239716629971485e-01
2.000000000000000000e+00 -5.085326607749631744e-01
2.016000000000000014e+00 -5.572211756629245061e-01
2.032000000000000028e+00 -5.924358050686282517e-01
2.048000000000000043e+00 -6.160674244750458106e-01
2.064000000000000057e+00 -6.354385868435167284e-01
2.080000000000000071e+00 -6.573156123193162337e-01
2.096000000000000085e+00 -6.827873764955595393e-01
2.112000000000000099e+00 -7.067997588766987693e-01
2.128000000000000114e+00 -7.210742445386546517e-01
2.144000000000000128e+00 -7.226934026424585156e-01
2.160000000000000142e+00 -7.219013566527497927e-01
2.176000000000000156e+00 -7.350809838010070596e-01
2.192000000000000171e+00 -7.698554776625614604e-01
2.208000000000000185e+00 -8.190772442220076721e-01
2.224000000000000199e+00 -8.686867678900889178e-01
2.240000000000000213e+00 -9.070794250874554265e-01
2.256000000000000227e+00 -9.224649846547432475e-01
2.272000000000000242e+00 -9.001575362704765659e-01
2.288000000000000256e+00 -8.309494038621971779e-01
2.304000000000000270e+00 -7.199836373209755891e-01
2.319999999999999840e+00 -5.868621566887258778e-01
2.335999999999999854e+00 -4.563011247964324224e-01
2.351999999999999869e+00 -3.458076884656824390e-01
2.367999999999999883e+00 -2.582765651851335331e-01
2.383999999999999897e+00 -1.834224634508304363e-01
2.399999999999999911e+00 -1.079410254594001389e-01
2.415999999999999925e+00 -2.759829875182768372e-02
2.431999999999999940e+00 4.422841735808018260e-02
2.447999999999999954e+00 8.207587444393965592e-02
2.463999999999999968e+00 7.309719565777964001e-02
2.479999999999999982e+00 3.453038886216690945e-02
2.495999999999999996e+00 2.927109017461298254e-03
