0.000000000000000000e+00 4.159597250914622890e+01
1.600000000000000033e-02 4.071031404878959137e+01
3.200000000000000067e-02 3.828181588066539831e+01
4.800000000000000100e-02 3.480912618345431753e+01
6.400000000000000133e-02 3.084804113395235703e+01
8.000000000000000167e-02 2.683648620634149395e+01
9.600000000000000200e-02 2.305330736367902844e+01
1.120000000000000023e-01 1.965738052141637837e+01
1.280000000000000027e-01 1.672739911655582645e+01
1.440000000000000169e-01 1.426052388037699004e+01
1.600000000000000033e-01 1.219292790837374163e+01
1.759999999999999898e-01 1.044444248975627332e+01
1.920000000000000040e-01 8.938645564506206398e+00
2.080000000000000182e-01 7.625531817891614494e+00
2.240000000000000047e-01 6.488795270098506762e+00
2.399999999999999911e-01 5.525834296934627687e+00
2.560000000000000053e-01 4.725984229501832168e+00
2.720000000000000195e-01 4.060245375597721029e+00
2.880000000000000338e-01 3.493229914378821466e+00
3.039999999999999925e-01 2.995524944309362336e+00
3.200000000000000067e-01 2.548455187924051568e+00
3.360000000000000209e-01 2.148290516428613461e+00
3.519999999999999796e-01 1.782471625352973987e+00
3.679999999999999938e-01 1.415517124945482541e+00
3.840000000000000080e-01 1.021149034887601115e+00
4.000000000000000222e-01 6.090945761557039484e-01
4.160000000000000364e-01 2.259168638354344671e-01
4.319999999999999951e-01 -8.553397482709021449e-02
4.480000000000000093e-01 -3.307326477436817180e-01
4.640000000000000235e-01 -5.458017123931696579e-01
4.799999999999999822e-01 -7.548730071821865284e-01
4.959999999999999964e-01 -9.561245329172582963e-01
5.120000000000000107e-01 -1.136832896673633853e+00
5.280000000000000249e-01 -1.289989695632127065e+00
5.440000000000000391e-01 -1.426814202418166477e+00
5.600000000000000533e-01 -1.563940910396491857e+00
5.760000000000000675e-01 -1.699822118610452071e+00
5.919999999999999707e-01 -1.826919643274574678e+00
6.079999999999999849e-01 -1.937516256781807833e+00
6.239999999999999991e-01 -2.014143148132828465e+00
6.400000000000000133e-01 -2.035816531405493901e+00
6.560000000000000275e-01 -1.988679385364499064e+00
6.720000000000000417e-01 -1.873424361695252172e+00
6.880000000000000560e-01 -1.709098095339565360e+00
7.039999999999999591e-01 -1.533823217103689185e+00
7.199999999999999734e-01 -1.397364861547967685e+00
7.359999999999999876e-01 -1.338285965690820589e+00
7.520000000000000018e-01 -1.364308565793847849e+00
7.680000000000000160e-01 -1.444246382298317366e+00
7.840000000000000302e-01 -1.515935270388559131e+00
8.000000000000000444e-01 -1.531033566559615089e+00
8.160000000000000586e-01 -1.491144965116244947e+00
8.320000000000000728e-01 -1.435630856468624428e+00
8.479999999999999760e-01 -1.395133471062783181e+00
8.639999999999999902e-01 -1.354643965625469626e+00
8.800000000000000044e-01 -1.283993300065820575e+00
8.960000000000000187e-01 -1.190452161770587658e+00
9.120000000000000329e-01 -1.108598562491631023e+00
9.280000000000000471e-01 -1.041605390366157735e+00
9.440000000000000613e-01 -9.525603205513482052e-01
9.599999999999999645e-01 -8.072620397985124097e-01
9.759999999999999787e-01 -6.080461898811830856e-01
9.919999999999999929e-01 -4.053833522369106879e-01
1.008000000000000007e+00 -2.471570870572822043e-01
1.024000000000000021e+00 -1.339570576647405864e-01
1.040000000000000036e+00 -3.688783055315589254e-02
1.056000000000000050e+00 7.807236195955323532e-02
1.072000000000000064e+00 2.230990827987544556e-01
1.088000000000000078e+00 3.799689983882695299e-01
1.104000000000000092e+00 5.202154499158576639e-01
1.120000000000000107e+00 6.257832462161573295e-01
1.136000000000000121e+00 6.981776579975178532e-01
1.152000000000000135e+00 7.502485928047036845e-01
1.167999999999999927e+00 7.958268071597726090e-01
1.183999999999999941e+00 8.455897371762104431e-01
1.199999999999999956e+00 8.997758099778154772e-01
1.215999999999999970e+00 9.485501532581982476e-01
1.231999999999999984e+00 9.847301040388132254e-01
1.247999999999999998e+00 1.015903787182825369e+00
1.264000000000000012e+00 1.062537383048156814e+00
1.280000000000000027e+00 1.128749230964868788e+00
1.296000000000000041e+00 1.190312786298115544e+00
1.312000000000000055e+00 1.228576352982189146e+00
1.328000000000000069e+00 1.253024685515047532e+00
1.344000000000000083e+00 1.270342106247849268e+00
1.360000000000000098e+00 1.261047638160434747e+00
1.376000000000000112e+00 1.213965280808802616e+00
1.392000000000000126e+00 1.144269198475008409e+00
1.407999999999999918e+00 1.081020916785767172e+00
1.423999999999999932e+00 1.043939786679684456e+00
1.439999999999999947e+00 1.017766034879050707e+00
1.455999999999999961e+00 9.796740517373764279e-01
1.471999999999999975e+00 9.304163194315441254e-01
1.487999999999999989e+00 8.818724876583095007e-01
1.504000000000000004e+00 8.428066330156196440e-01
1.520000000000000018e+00 8.172942766095860900e-01
1.536000000000000032e+00 8.075908946912689901e-01
1.552000000000000046e+00 8.159828120628868087e-01
1.568000000000000060e+00 8.431967991736583068e-01
1.584000000000000075e+00 8.846431428529109020e-01
1.600000000000000089e+00 9.288707561410388669e-01
1.616000000000000103e+00 9.623213485703919767e-01
1.632000000000000117e+00 9.761572215435199151e-01
1.648000000000000131e+00 9.676753857617060861e-01
1.664000000000000146e+00 9.415535117756799188e-01
1.679999999999999938e+00 9.009788686964710358e-01
1.695999999999999952e+00 8.380011325810950984e-01
1.711999999999999966e+00 7.494552634183789808e-01
1.727999999999999980e+00 6.487303120011642665e-01
1.743999999999999995e+00 5.452525211907218727e-01
1.760000000000000009e+00 4.368675738171593492e-01
1.776000000000000023e+00 3.373555434015118593e-01
1.792000000000000037e+00 2.700010082706254533e-01
1.808000000000000052e+00 2.455987218670692973e-01
1.824000000000000066e+00 2.621013266038537681e-01
1.840000000000000080e+00 3.066699002112958095e-01
1.856000000000000094e+00 3.801173649582022529e-01
1.872000000000000108e+00 4.888645659308843427e-01
1.888000000000000123e+00 6.129106073079833017e-01
1.904000000000000137e+00 7.204727477677448366e-01
1.919999999999999929e+00 7.966362661296678693e-01
1.935999999999999943e+00 8.526382165004481317e-01
1.951999999999999957e+00 9.118669777882060234e-01
1.967999999999999972e+00 9.913272747737588153e-01
1.983999999999999986e+00 1.086362337733109973e+00
2.000000000000000000e+00 1.169925581139961812e+00
2.016000000000000014e+00 1.213537694488588281e+00
2.032000000000000028e+00 1.207274345157492101e+00
2.048000000000000043e+00 1.172207606057108498e+00
2.064000000000000057e+00 1.148597031037320360e+00
2.080000000000000071e+00 1.162488262471738087e+00
2.096000000000000085e+00 1.209001199952022043e+00
2.112000000000000099e+00 1.265560339274560020e+00
2.128000000000000114e+00 1.311663265554008584e+00
2.144000000000000128e+00 1.332163691958860641e+00
2.160000000000000142e+00 1.317093526952415328e+00
2.176000000000000156e+00 1.270697922933589519e+00
2.192000000000000171e+00 1.197958789641607291e+00
2.208000000000000185e+00 1.094650837299045332e+00
2.224000000000000199e+00 9.674302006232629036e-01
2.240000000000000213e+00 8.310643069581657993e-01
2.256000000000000227e+00 7.026447389718392111e-01
2.272000000000000242e+00 5.923000042547565958e-01
2.288000000000000256e+00 4.879441326562458658e-01
2.304000000000000270e+00 3.819684020129379132e-01
2.319999999999999840e+00 2.851376530216698235e-01
2.335999999999999854e+00 2.075849713230266402e-01
2.351999999999999869e+00 1.534360822532912505e-01
2.367999999999999883e+00 1.239758607269601659e-01
2.383999999999999897e+00 1.115392225539608706e-01
2.399999999999999911e+00 1.033070986940894526e-01
2.415999999999999925e+00 9.733902317791530423e-02
2.431999999999999940e+00 9.763983162501591040e-02
2.447999999999999954e+00 1.006245397407903586e-01
2.463999999999999968e+00 9.352768585737056273e-02
2.479999999999999982e+00 6.350475047410673868e-02
2.495999999999999996e+00 1.324822998973918149e-02
