0.000000000000000000e+00 4.103376477576961889e+01
1.600000000000000033e-02 4.020218589177627422e+01
3.200000000000000067e-02 3.789378040307431661e+01
4.800000000000000100e-02 3.454421445129028001e+01
6.400000000000000133e-02 3.067021047813968693e+01
8.000000000000000167e-02 2.671135692746768342e+01
9.600000000000000200e-02 2.296389465643060745e+01
1.120000000000000023e-01 1.958881087738593507e+01
1.280000000000000027e-01 1.664607325971790530e+01
1.440000000000000169e-01 1.412872081143207303e+01
1.600000000000000033e-01 1.199477605562454130e+01
1.759999999999999898e-01 1.019555729672516975e+01
1.920000000000000040e-01 8.690091247959633947e+00
2.080000000000000182e-01 7.441151111853860911e+00
2.240000000000000047e-01 6.406025629737491123e+00
2.399999999999999911e-01 5.537904645933506842e+00
2.560000000000000053e-01 4.796143284707841126e+00
2.720000000000000195e-01 4.151743940117754050e+00
2.880000000000000338e-01 3.582726030559183705e+00
3.039999999999999925e-01 3.067077460931617150e+00
3.200000000000000067e-01 2.582563453196086378e+00
3.360000000000000209e-01 2.113666101171552736e+00
3.519999999999999796e-01 1.656654348000373922e+00
3.679999999999999938e-01 1.216000917575194240e+00
3.840000000000000080e-01 7.978722974709008264e-01
4.000000000000000222e-01 4.098225096781331622e-01
4.160000000000000364e-01 6.286235162719050473e-02
4.319999999999999951e-01 -2.349259737452209784e-01
4.480000000000000093e-01 -4.906397669981530374e-01
4.640000000000000235e-01 -7.285603766044536078e-01
4.799999999999999822e-01 -9.738805299681243532e-01
4.959999999999999964e-01 -1.230531955800697519e+00
5.120000000000000107e-01 -1.474310594129452534e+00
5.280000000000000249e-01 -1.669426244924292702e+00
5.440000000000000391e-01 -1.793701113891422283e+00
5.600000000000000533e-01 -1.850090793600597028e+00
5.760000000000000675e-01 -1.860056461957109830e+00
5.919999999999999707e-01 -1.853367345687844780e+00
6.079999999999999849e-01 -1.862897433062133512e+00
6.239999999999999991e-01 -1.916490069225709192e+00
6.400000000000000133e-01 -2.022042783227599116e+00
6.560000000000000275e-01 -2.159485166383865895e+00
6.720000000000000417e-01 -2.291967652546234024e+00
6.880000000000000560e-01 -2.387020358757237837e+00
7.039999999999999591e-01 -2.427241826255027046e+00
7.199999999999999734e-01 -2.404193777364325602e+00
7.359999999999999876e-01 -2.310299519246702182e+00
7.520000000000000018e-01 -2.145114211729898468e+00
7.680000000000000160e-01 -1.930574782955489344e+00
7.840000000000000302e-01 -1.712417204605423793e+00
8.000000000000000444e-01 -1.538544229219046766e+00
8.160000000000000586e-01 -1.433583061670884895e+00
8.320000000000000728e-01 -1.392524670277062615e+00
8.479999999999999760e-01 -1.392099277208314945e+00
8.639999999999999902e-01 -1.402210944187070707e+00
8.800000000000000044e-01 -1.390128262791940239e+00
8.960000000000000187e-01 -1.326870587412535496e+00
9.120000000000000329e-01 -1.202281005044455453e+00
9.280000000000000471e-01 -1.035831780871652841e+00
9.440000000000000613e-01 -8.647606360534048076e-01
9.599999999999999645e-01 -7.159592490338825277e-01
9.759999999999999787e-01 -5.921286540445872548e-01
9.919999999999999929e-01 -4.869365040851361126e-01
1.008000000000000007e+00 -4.061853679075765333e-01
1.024000000000000021e+00 -3.655089105933830851e-01
1.040000000000000036e+00 -3.673897059667906584e-01
1.056000000000000050e+00 -3.861554015289860864e-01
1.072000000000000064e+00 -3.794090054732812134e-01
1.088000000000000078e+00 -3.152255605938245608e-01
1.104000000000000092e+00 -1.892926718100268746e-01
1.120000000000000107e+00 -1.926746010154602867e-02
1.136000000000000121e+00 1.708561137587235323e-01
1.152000000000000135e+00 3.571770085044926324e-01
1.167999999999999927e+00 5.144323787781204249e-01
1.183999999999999941e+00 6.232999902998761499e-01
1.199999999999999956e+00 6.873419435735165228e-01
1.215999999999999970e+00 7.373397278360305229e-01
1.231999999999999984e+00 8.089171464324722560e-01
1.247999999999999998e+00 9.121683005033057734e-01
1.264000000000000012e+00 1.025970486025884476e+00
1.280000000000000027e+00 1.123919237271021387e+00
1.296000000000000041e+00 1.202388672003840586e+00
1.312000000000000055e+00 1.278979983158687883e+00
1.328000000000000069e+00 1.366372679902869924e+00
1.344000000000000083e+00 1.455509155919621156e+00
1.360000000000000098e+00 1.525513907876769659e+00
1.376000000000000112e+00 1.562262552678849836e+00
1.392000000000000126e+00 1.562756240360871018e+00
1.407999999999999918e+00 1.527361403161711984e+00
1.423999999999999932e+00 1.456479720323869964e+00
1.439999999999999947e+00 1.357170959652687303e+00
1.455999999999999961e+00 1.249133754959498521e+00
1.471999999999999975e+00 1.158785250131372013e+00
1.487999999999999989e+00 1.104541412122484134e+00
1.504000000000000004e+00 1.087404398534098204e+00
1.520000000000000018e+00 1.093765181412261978e+00
1.536000000000000032e+00 1.103544614448308980e+00
1.552000000000000046e+00 1.097326371537600931e+00
1.568000000000000060e+00 1.064583670481920707e+00
1.584000000000000075e+00 1.011574981672108686e+00
1.600000000000000089e+00 9.587200173415005855e-01
1.616000000000000103e+00 9.240455194787309257e-01
1.632000000000000117e+00 9.064751261216641431e-01
1.648000000000000131e+00 8.864069357543110650e-01
1.664000000000000146e+00 8.444411508427459578e-01
1.679999999999999938e+00 7.798875261926998537e-01
1.695999999999999952e+00 7.100664673657410830e-01
1.711999999999999966e+00 6.522122960824641158e-01
1.727999999999999980e+00 6.091174456837675777e-01
1.743999999999999995e+00 5.729755348993283981e-01
1.760000000000000009e+00 5.381927289208553455e-01
1.776000000000000023e+00 5.060550247083921427e-01
1.792000000000000037e+00 4.799013635636170116e-01
1.808000000000000052e+00 4.619391747647726421e-01
1.824000000000000066e+00 4.552188531853911813e-01
1.840000000000000080e+00 4.628851058613747127e-01
1.856000000000000094e+00 4.807852035724707873e-01
1.872000000000000108e+00 4.927398391270372269e-01
1.888000000000000123e+00 4.798680530951415779e-01
1.904000000000000137e+00 4.391730207104523331e-01
1.919999999999999929e+00 3.909586081752652875e-01
1.935999999999999943e+00 3.635477600472677984e-01
1.951999999999999957e+00 3.697824786423917209e-01
1.967999999999999972e+00 3.990954248356258227e-01
1.983999999999999986e+00 4.304325615448179598e-01
2.000000000000000000e+00 4.504654507481763437e-01
2.016000000000000014e+00 4.601228568697910970e-01
2.032000000000000028e+00 4.663985795681072632e-01
2.048000000000000043e+00 4.710528265617874299e-01
2.064000000000000057e+00 4.693737253860836844e-01
2.080000000000000071e+00 4.574359841126673931e-01
2.096000000000000085e+00 4.347334933689133152e-01
2.112000000000000099e+00 3.991687374811793698e-01
2.128000000000000114e+00 3.467730437920143460e-01
2.144000000000000128e+00 2.820001317742785729e-01
2.160000000000000142e+00 2.247079054357389860e-01
2.176000000000000156e+00 1.984150214390070499e-01
2.192000000000000171e+00 2.068002949823302128e-01
2.208000000000000185e+00 2.238945258854279086e-01
2.224000000000000199e+00 2.122628376315234544e-01
2.240000000000000213e+00 1.523094630056251175e-01
2.256000000000000227e+00 5.308230979468779587e-02
2.272000000000000242e+00 -6.130452121020226602e-02
2.288000000000000256e+00 -1.677286257536644842e-01
2.304000000000000270e+00 -2.466471514017707645e-01
2.319999999999999840e+00 -2.804176655680774011e-01
2.335999999999999854e+00 -2.602041859293072745e-01
2.351999999999999869e+00 -1.952061867946779661e-01
2.367999999999999883e+00 -1.097340857380502549e-01
2.383999999999999897e+00 -2.822078213707869196e-02
2.399999999999999911e+00 3.670258435391562241e-02
2.415999999999999925e+00 8.215052094851579834e-02
2.431999999999999940e+00 1.055259804873070889e-01
2.447999999999999954e+00 1.027732272899354038e-01
2.463999999999999968e+00 7.654555141281824127e-02
2.479999999999999982e+00 3.980324793180573667e-02
2.495999999999999996e+00 6.771828233944773845e-03
