0.000000000000000000e+00 4.951620696666454080e+01
1.600000000000000033e-02 4.845746547278219651e+01
3.200000000000000067e-02 4.555723897057438876e+01
4.800000000000000100e-02 4.141571636548064816e+01
6.400000000000000133e-02 3.669195847779246122e+01
8.000000000000000167e-02 3.190560413116102723e+01
9.600000000000000200e-02 2.738697827083785796e+01
1.120000000000000023e-01 2.331361118912950303e+01
1.280000000000000027e-01 1.976410540268472715e+01
1.440000000000000169e-01 1.674705572377556706e+01
1.600000000000000033e-01 1.421379678594845686e+01
1.759999999999999898e-01 1.208646844687769395e+01
1.920000000000000040e-01 1.029748262894913857e+01
2.080000000000000182e-01 8.805724643983076305e+00
2.240000000000000047e-01 7.575163423265790286e+00
2.399999999999999911e-01 6.546854120360556806e+00
2.560000000000000053e-01 5.643842637718678112e+00
2.720000000000000195e-01 4.804977298590249468e+00
2.880000000000000338e-01 4.007910967413576664e+00
3.039999999999999925e-01 3.258840058939546314e+00
3.200000000000000067e-01 2.569632325533040884e+00
3.360000000000000209e-01 1.951498070983745947e+00
3.519999999999999796e-01 1.418063143810426308e+00
3.679999999999999938e-01 9.761728927863412286e-01
3.840000000000000080e-01 6.119222304659142075e-01
4.000000000000000222e-01 2.908382860323396879e-01
4.160000000000000364e-01 -2.664376880864708849e-02
4.319999999999999951e-01 -3.644317662684524173e-01
4.480000000000000093e-01 -7.181026157662210307e-01
4.640000000000000235e-01 -1.059855015858889749e+00
4.799999999999999822e-01 -1.357920889139754062e+00
4.959999999999999964e-01 -1.596251905929848780e+00
5.120000000000000107e-01 -1.776376151239801082e+00
5.280000000000000249e-01 -1.900620727273027555e+00
5.440000000000000391e-01 -1.963158479497723263e+00
5.600000000000000533e-01 -1.964719798216973512e+00
5.760000000000000675e-01 -1.928291497352490946e+00
5.919999999999999707e-01 -1.889014702892781061e+00
6.079999999999999849e-01 -1.868265643143110610e+00
6.239999999999999991e-01 -1.864271735792618401e+00
6.400000000000000133e-01 -1.868262116199021605e+00
6.560000000000000275e-01 -1.881868355841429086e+00
6.720000000000000417e-01 -1.912903917394931597e+00
6.880000000000000560e-01 -1.953887997068282090e+00
7.039999999999999591e-01 -1.969958644244890422e+00
7.199999999999999734e-01 -1.918707488923852456e+00
7.359999999999999876e-01 -1.787494269274446657e+00
7.520000000000000018e-01 -1.607366074532564193e+00
7.680000000000000160e-01 -1.429566206305996179e+00
7.840000000000000302e-01 -1.290638099714401354e+00
8.000000000000000444e-01 -1.195288493704577126e+00
8.160000000000000586e-01 -1.124729520078922018e+00
8.320000000000000728e-01 -1.058385786801515183e+00
8.479999999999999760e-01 -9.892172916989718789e-01
8.639999999999999902e-01 -9.195220210729785348e-01
8.800000000000000044e-01 -8.446869832447231330e-01
8.960000000000000187e-01 -7.508603075577242603e-01
9.120000000000000329e-01 -6.337126679933796636e-01
9.280000000000000471e-01 -5.107897235904741429e-01
9.440000000000000613e-01 -4.095028001571989762e-01
9.599999999999999645e-01 -3.451662712942140665e-01
9.759999999999999787e-01 -3.109095123539834526e-01
9.919999999999999929e-01 -2.899962628186166236e-01
1.008000000000000007e+00 -2.764543169982868753e-01
1.024000000000000021e+00 -2.756694447063289810e-01
1.040000000000000036e+00 -2.871082417626097394e-01
1.056000000000000050e+00 -2.976716188777135952e-01
1.072000000000000064e+00 -2.901350724756431299e-01
1.088000000000000078e+00 -2.485921261277559413e-01
1.104000000000000092e+00 -1.572382083582717638e-01
1.120000000000000107e+00 -3.943675580952639946e-03
1.136000000000000121e+00 2.092658823774915244e-01
1.152000000000000135e+00 4.608641101239090987e-01
1.167999999999999927e+00 7.172540145630502684e-01
1.183999999999999941e+00 9.488574426403584283e-01
1.199999999999999956e+00 1.145672933387636760e+00
1.215999999999999970e+00 1.318356507711886838e+00
1.231999999999999984e+00 1.480924224181888516e+00
1.247999999999999998e+00 1.635278557337562555e+00
1.264000000000000012e+00 1.772925528595095557e+00
1.280000000000000027e+00 1.884409561281073620e+00
1.296000000000000041e+00 1.963690859485062834e+00
1.312000000000000055e+00 2.003123637324407458e+00
1.328000000000000069e+00 1.987584418629315008e+00
1.344000000000000083e+00 1.906655208137651103e+00
1.360000000000000098e+00 1.777446099505834987e+00
1.376000000000000112e+00 1.643237418592017995e+00
1.392000000000000126e+00 1.542971875638611268e+00
1.407999999999999918e+00 1.486028968304178965e+00
1.423999999999999932e+00 1.456213930491764286e+00
1.439999999999999947e+00 1.434718671483307562e+00
1.455999999999999961e+00 1.417155438960487013e+00
1.471999999999999975e+00 1.410502619818893466e+00
1.487999999999999989e+00 1.416122242687706256e+00
1.504000000000000004e+00 1.420218704840334967e+00
1.520000000000000018e+00 1.406006590245804100e+00
1.536000000000000032e+00 1.371102206182331473e+00
1.552000000000000046e+00 1.324965279766348702e+00
1.568000000000000060e+00 1.273163050462319479e+00
1.584000000000000075e+00 1.212305401828994267e+00
1.600000000000000089e+00 1.138938745513875306e+00
1.616000000000000103e+00 1.057143201756983508e+00
1.632000000000000117e+00 9.732198385947136154e-01
1.648000000000000131e+00 8.851199192773987479e-01
1.664000000000000146e+00 7.862680966136008642e-01
1.679999999999999938e+00 6.825500147874600243e-01
1.695999999999999952e+00 5.978911841930807380e-01
1.711999999999999966e+00 5.580082532085087754e-01
1.727999999999999980e+00 5.665315100966199502e-01
1.743999999999999995e+00 5.933518993428340549e-01
1.760000000000000009e+00 5.884733682621983153e-01
1.776000000000000023e+00 5.174193776933359024e-01
1.792000000000000037e+00 3.912978157112937394e-01
1.808000000000000052e+00 2.601693280787794049e-01
1.824000000000000066e+00 1.720458011389020547e-01
1.840000000000000080e+00 1.407243924340618457e-01
1.856000000000000094e+00 1.510483981967042644e-01
1.872000000000000108e+00 1.802489159092121318e-01
1.888000000000000123e+00 2.070565024245338559e-01
1.904000000000000137e+00 2.111948304990743097e-01
1.919999999999999929e+00 1.799540278287656003e-01
1.935999999999999943e+00 1.229215811345746034e-01
1.951999999999999957e+00 7.243138053662703801e-02
1.967999999999999972e+00 5.718670657022630749e-02
1.983999999999999986e+00 7.645631251715047372e-02
2.000000000000000000e+00 1.038669601307186385e-01
2.016000000000000014e+00 1.105175979400175451e-01
2.032000000000000028e+00 8.271347888811791949e-02
2.048000000000000043e+00 2.473211616647847527e-02
2.064000000000000057e+00 -4.780495737846239546e-02
2.080000000000000071e+00 -1.115730404511810769e-01
2.096000000000000085e+00 -1.359189769588539931e-01
2.112000000000000099e+00 -9.288266135021228109e-02
2.128000000000000114e+00 2.408273540715340569e-02
2.144000000000000128e+00 1.886659483800997295e-01
2.160000000000000142e+00 3.474889565026655913e-01
2.176000000000000156e+00 4.431262039207326531e-01
2.192000000000000171e+00 4.424552355931636871e-01
2.208000000000000185e+00 3.500812419217348426e-01
2.224000000000000199e+00 1.998709436800151507e-01
2.240000000000000213e+00 3.532701990881006310e-02
2.256000000000000227e+00 -1.081285337099148758e-01
2.272000000000000242e+00 -2.116528203649563622e-01
2.288000000000000256e+00 -2.748545559662237125e-01
2.304000000000000270e+00 -3.150080883495912643e-01
2.319999999999999840e+00 -3.555892568531630604e-01
2.335999999999999854e+00 -4.041658012101171371e-01
2.351999999999999869e+00 -4.439983225650988019e-01
2.367999999999999883e+00 -4.526015261159677672e-01
2.383999999999999897e+00 -4.260752827240789076e-01
2.399999999999999911e+00 -3.834018492675790313e-01
2.415999999999999925e+00 -3.464958789412330709e-01
2.431999999999999940e+00 -3.162457289267144867e-01
2.447999999999999954e+00 -2.738904026293057514e-01
2.463999999999999968e+00 -2.061185106717363380e-01
2.479999999999999982e+00 -1.187407199160895460e-01
2.495999999999999996e+00 -2.419965660936202606e-02
