0.000000000000000000e+00 3.960107479540651809e+01
1.600000000000000033e-02 3.880112488753394473e+01
3.200000000000000067e-02 3.659074130438841621e+01
4.800000000000000100e-02 3.336642576207690070e+01
6.400000000000000133e-02 2.962357195110802266e+01
8.000000000000000167e-02 2.580586236456747784e+01
9.600000000000000200e-02 2.221512900133146218e+01
1.120000000000000023e-01 1.900151787632716704e+01
1.280000000000000027e-01 1.620524070056852395e+01
1.440000000000000169e-01 1.380562140793421477e+01
1.600000000000000033e-01 1.175338714844496657e+01
1.759999999999999898e-01 9.989880679673099451e+00
1.920000000000000040e-01 8.462937169708331098e+00
2.080000000000000182e-01 7.136409746218807193e+00
2.240000000000000047e-01 5.986039540691347582e+00
2.399999999999999911e-01 4.988146100761142954e+00
2.560000000000000053e-01 4.116499072140086035e+00
2.720000000000000195e-01 3.349645043738869621e+00
2.880000000000000338e-01 2.675145410117303335e+00
3.039999999999999925e-01 2.083598039122356749e+00
3.200000000000000067e-01 1.562496469029786672e+00
3.360000000000000209e-01 1.098978706986129206e+00
3.519999999999999796e-01 6.840698794907367208e-01
3.679999999999999938e-01 3.084635480516218498e-01
3.840000000000000080e-01 -4.368101321039107032e-02
4.000000000000000222e-01 -3.892737236177866711e-01
4.160000000000000364e-01 -7.315042461106355809e-01
4.319999999999999951e-01 -1.053502215553897781e+00
4.480000000000000093e-01 -1.329846966507582717e+00
4.640000000000000235e-01 -1.545137127927852738e+00
4.799999999999999822e-01 -1.702955653064250452e+00
4.959999999999999964e-01 -1.820406784792325983e+00
5.120000000000000107e-01 -1.915786857149525790e+00
5.280000000000000249e-01 -1.998893171104309197e+00
5.440000000000000391e-01 -2.068611883291395337e+00
5.600000000000000533e-01 -2.117342188396512892e+00
5.760000000000000675e-01 -2.138733323539711240e+00
5.919999999999999707e-01 -2.134262739247380303e+00
6.079999999999999849e-01 -2.115310400698060089e+00
6.239999999999999991e-01 -2.099952198857707675e+00
6.400000000000000133e-01 -2.106459152356556785e+00
6.560000000000000275e-01 -2.146622699387663591e+00
6.720000000000000417e-01 -2.220719237136642210e+00
6.880000000000000560e-01 -2.314881846014628319e+00
7.039999999999999591e-01 -2.403498175740755638e+00
7.199999999999999734e-01 -2.459664925072161612e+00
7.359999999999999876e-01 -2.469738761861071108e+00
7.520000000000000018e-01 -2.440089278211669654e+00
7.680000000000000160e-01 -2.389222275785745975e+00
7.840000000000000302e-01 -2.333801111055365141e+00
8.000000000000000444e-01 -2.281808152464676276e+00
8.160000000000000586e-01 -2.233403437686111825e+00
8.320000000000000728e-01 -2.181110121935309287e+00
8.479999999999999760e-01 -2.110235953303946310e+00
8.639999999999999902e-01 -2.009013904816141949e+00
8.800000000000000044e-01 -1.885410603230779136e+00
8.960000000000000187e-01 -1.771099731294070390e+00
9.120000000000000329e-01 -1.702683883184180846e+00
9.280000000000000471e-01 -1.697078120754834218e+00
9.440000000000000613e-01 -1.744371221607580402e+00
9.599999999999999645e-01 -1.819106007637941724e+00
9.759999999999999787e-01 -1.892613586595093045e+00
9.919999999999999929e-01 -1.937226559288395933e+00
1.008000000000000007e+00 -1.929564047560629492e+00
1.024000000000000021e+00 -1.859327368844803985e+00
1.040000000000000036e+00 -1.737087992180409213e+00
1.056000000000000050e+00 -1.590698231395423212e+00
1.072000000000000064e+00 -1.449997084123558988e+00
1.088000000000000078e+00 -1.330038110636287518e+00
1.104000000000000092e+00 -1.223862632880069023e+00
1.120000000000000107e+00 -1.108751592884843484e+00
1.136000000000000121e+00 -9.615613184057140161e-01
1.152000000000000135e+00 -7.738970131367153282e-01
1.167999999999999927e+00 -5.584105436002418932e-01
1.183999999999999941e+00 -3.429507353064670250e-01
1.199999999999999956e+00 -1.570183565091320954e-01
1.215999999999999970e+00 -2.020176737752966273e-02
1.231999999999999984e+00 6.030918888812590584e-02
1.247999999999999998e+00 8.563874788207516409e-02
1.264000000000000012e+00 6.301883595913169989e-02
1.280000000000000027e+00 7.539047353036650370e-03
1.296000000000000041e+00 -5.970664153741829516e-02
1.312000000000000055e+00 -1.209612927076573197e-01
1.328000000000000069e+00 -1.691124354896904047e-01
1.344000000000000083e+00 -2.025355613587054293e-01
1.360000000000000098e+00 -2.135906481414593105e-01
1.376000000000000112e+00 -1.867229578789160738e-01
1.392000000000000126e+00 -1.094694649054416963e-01
1.407999999999999918e+00 1.645823150986758937e-02
1.423999999999999932e+00 1.736854503695186569e-01
1.439999999999999947e+00 3.341251206426095188e-01
1.455999999999999961e+00 4.663706358260553131e-01
1.471999999999999975e+00 5.478252027944524594e-01
1.487999999999999989e+00 5.785041321172090800e-01
1.504000000000000004e+00 5.825688464754280593e-01
1.520000000000000018e+00 5.903521085942081692e-01
1.536000000000000032e+00 6.153472503980670361e-01
1.552000000000000046e+00 6.479719927021564407e-01
1.568000000000000060e+00 6.696277425101822001e-01
1.584000000000000075e+00 6.705288008013029488e-01
1.600000000000000089e+00 6.558634316526831265e-01
1.616000000000000103e+00 6.397631366030591682e-01
1.632000000000000117e+00 6.353290260603920991e-01
1.648000000000000131e+00 6.469807769323466795e-01
1.664000000000000146e+00 6.674300440238879473e-01
1.679999999999999938e+00 6.802515538513900228e-01
1.695999999999999952e+00 6.674664637692109270e-01
1.711999999999999966e+00 6.182843375189902568e-01
1.727999999999999980e+00 5.335950508515039381e-01
1.743999999999999995e+00 4.241001807095146625e-01
1.760000000000000009e+00 3.054298697002200691e-01
1.776000000000000023e+00 1.945103738767023083e-01
1.792000000000000037e+00 1.065074810622428231e-01
1.808000000000000052e+00 4.914749367277410769e-02
1.824000000000000066e+00 1.697798194071415898e-02
1.840000000000000080e+00 -6.664885751804019813e-03
1.856000000000000094e+00 -3.890499655724331124e-02
1.872000000000000108e+00 -8.765064980459305599e-02
1.888000000000000123e+00 -1.505833585976962541e-01
1.904000000000000137e+00 -2.181528628623582433e-01
1.919999999999999929e+00 -2.749362130474531374e-01
1.935999999999999943e+00 -3.053803268006117788e-01
1.951999999999999957e+00 -3.095242604728986602e-01
1.967999999999999972e+00 -3.150767179869095602e-01
1.983999999999999986e+00 -3.647990634417336286e-01
2.000000000000000000e+00 -4.828033935629847395e-01
2.016000000000000014e+00 -6.509253746824380515e-01
2.032000000000000028e+00 -8.178888072931251862e-01
2.048000000000000043e+00 -9.299785019212313264e-01
2.064000000000000057e+00 -9.559533619988495046e-01
2.080000000000000071e+00 -8.941455794696696602e-01
2.096000000000000085e+00 -7.678662979804103950e-01
2.112000000000000099e+00 -6.156162002278230405e-01
2.128000000000000114e+00 -4.767848910639870819e-01
2.144000000000000128e+00 -3.763835104478612248e-01
2.160000000000000142e+00 -3.175582021770533281e-01
2.176000000000000156e+00 -2.867073288392102959e-01
2.192000000000000171e+00 -2.665262610030859070e-01
2.208000000000000185e+00 -2.478058824820842387e-01
2.224000000000000199e+00 -2.333882731521930431e-01
2.240000000000000213e+00 -2.327413044403903175e-01
2.256000000000000227e+00 -2.507383899918257941e-01
2.272000000000000242e+00 -2.787029320890518913e-01
2.288000000000000256e+00 -2.962116501065492069e-01
2.304000000000000270e+00 -2.849443947890887840e-01
2.319999999999999840e+00 -2.441524418152366815e-01
2.335999999999999854e+00 -1.924216036615997993e-01
2.351999999999999869e+00 -1.514191412076239807e-01
2.367999999999999883e+00 -1.263218909118048738e-01
2.383999999999999897e+00 -1.027115626321487285e-01
2.399999999999999911e+00 -6.209322619590185166e-02
2.415999999999999925e+00 1.284840973838901864e-03
2.431999999999999940e+00 7.652676776411435067e-02
2.447999999999999954e+00 1.415072033532509266e-01
2.463999999999999968e+00 1.690157757257985394e-01
2.479999999999999982e+00 1.353381913402898484e-01
2.495999999999999996e+00 3.410404528759808374e-02
