0.000000000000000000e+00 4.033258847352023935e+01
1.600000000000000033e-02 3.951543044153508788e+01
3.200000000000000067e-02 3.725186693472663535e+01
4.800000000000000100e-02 3.398515794640788101e+01
6.400000000000000133e-02 3.022123730388013740e+01
8.000000000000000167e-02 2.639023210898898952e+01
9.600000000000000200e-02 2.279479176303140520e+01
1.120000000000000023e-01 1.959382661172078954e+01
1.280000000000000027e-01 1.681933914983217448e+01
1.440000000000000169e-01 1.443451635294417557e+01
1.600000000000000033e-01 1.238797539073297749e+01
1.759999999999999898e-01 1.063245683867773117e+01
1.920000000000000040e-01 9.129592625972549058e+00
2.080000000000000182e-01 7.852956126764309097e+00
2.240000000000000047e-01 6.777716561139092377e+00
2.399999999999999911e-01 5.865354404063306326e+00
2.560000000000000053e-01 5.064922810820097432e+00
2.720000000000000195e-01 4.331830735207600647e+00
2.880000000000000338e-01 3.647015158971694593e+00
3.039999999999999925e-01 3.018883785685394283e+00
3.200000000000000067e-01 2.461692866209443054e+00
3.360000000000000209e-01 1.969465461827021757e+00
3.519999999999999796e-01 1.517883185870104512e+00
3.679999999999999938e-01 1.088332905987812849e+00
3.840000000000000080e-01 6.746687854884475533e-01
4.000000000000000222e-01 2.723856608164986204e-01
4.160000000000000364e-01 -1.215765671543816984e-01
4.319999999999999951e-01 -5.040862586425653991e-01
4.480000000000000093e-01 -8.673715366280290162e-01
4.640000000000000235e-01 -1.199132289744352153e+00
4.799999999999999822e-01 -1.485568671375731453e+00
4.959999999999999964e-01 -1.717579731491487571e+00
5.120000000000000107e-01 -1.891789029497432884e+00
5.280000000000000249e-01 -2.016229342027641369e+00
5.440000000000000391e-01 -2.113908575909014154e+00
5.600000000000000533e-01 -2.203482939083454273e+00
5.760000000000000675e-01 -2.280584614997374082e+00
5.919999999999999707e-01 -2.325502854858027213e+00
6.079999999999999849e-01 -2.316876926043293317e+00
6.239999999999999991e-01 -2.242196582052908393e+00
6.400000000000000133e-01 -2.114989391034849397e+00
6.560000000000000275e-01 -1.976216981602356038e+00
6.720000000000000417e-01 -1.861849031297633683e+00
6.880000000000000560e-01 -1.775910251832306219e+00
7.039999999999999591e-01 -1.706449853154240248e+00
7.199999999999999734e-01 -1.651581117604520532e+00
7.359999999999999876e-01 -1.610796455726295040e+00
7.520000000000000018e-01 -1.566168433232628443e+00
7.680000000000000160e-01 -1.495006331361741214e+00
7.840000000000000302e-01 -1.392362841091543624e+00
8.000000000000000444e-01 -1.267460503152610052e+00
8.160000000000000586e-01 -1.129609331346315360e+00
8.320000000000000728e-01 -9.869654702231293042e-01
8.479999999999999760e-01 -8.459031403749952549e-01
8.639999999999999902e-01 -7.038639269999779069e-01
8.800000000000000044e-01 -5.554131245545060880e-01
8.960000000000000187e-01 -4.103495127376312612e-01
9.120000000000000329e-01 -2.906148189701511786e-01
9.280000000000000471e-01 -2.036196067371994489e-01
9.440000000000000613e-01 -1.336063996372121865e-01
9.599999999999999645e-01 -6.350421388222611541e-02
9.759999999999999787e-01 7.403704028424096077e-03
9.919999999999999929e-01 6.784695681278871127e-02
1.008000000000000007e+00 1.076426934467916846e-01
1.024000000000000021e+00 1.265371692525978919e-01
1.040000000000000036e+00 1.293575677611505104e-01
1.056000000000000050e+00 1.143214835631505416e-01
1.072000000000000064e+00 7.940461827327895128e-02
1.088000000000000078e+00 3.985940445936080045e-02
1.104000000000000092e+00 2.549838805378294368e-02
1.120000000000000107e+00 6.284379462073254319e-02
1.136000000000000121e+00 1.626109196535078516e-01
1.152000000000000135e+00 3.099071148698944178e-01
1.167999999999999927e+00 4.638446197119408532e-01
1.183999999999999941e+00 5.821129821165537122e-01
1.199999999999999956e+00 6.493935142273365990e-01
1.215999999999999970e+00 6.755484482899448695e-01
1.231999999999999984e+00 6.741305123660745746e-01
1.247999999999999998e+00 6.530754479987724848e-01
1.264000000000000012e+00 6.168320253793819763e-01
1.280000000000000027e+00 5.680205945507706966e-01
1.296000000000000041e+00 5.136224696392273081e-01
1.312000000000000055e+00 4.689271970430453629e-01
1.328000000000000069e+00 4.492242515498460209e-01
1.344000000000000083e+00 4.620886958552765655e-01
1.360000000000000098e+00 5.041358709546045480e-01
1.376000000000000112e+00 5.606097035240796833e-01
1.392000000000000126e+00 6.208617298038650034e-01
1.407999999999999918e+00 6.902739384244244158e-01
1.423999999999999932e+00 7.708215176997166296e-01
1.439999999999999947e+00 8.472668161209278015e-01
1.455999999999999961e+00 9.085507384475127735e-01
1.471999999999999975e+00 9.611313988752187010e-01
1.487999999999999989e+00 1.010735316006290407e+00
1.504000000000000004e+00 1.048507113758866849e+00
1.520000000000000018e+00 1.060283959321713487e+00
1.536000000000000032e+00 1.038637621858916615e+00
1.552000000000000046e+00 9.819592610626739493e-01
1.568000000000000060e+00 8.898479015801035175e-01
1.584000000000000075e+00 7.696788929383605593e-01
1.600000000000000089e+00 6.448178546209117901e-01
1.616000000000000103e+00 5.421869312193738910e-01
1.632000000000000117e+00 4.687469011192768598e-01
1.648000000000000131e+00 4.112313893173599189e-01
1.664000000000000146e+00 3.600616338979740760e-01
1.679999999999999938e+00 3.189966699549190432e-01
1.695999999999999952e+00 2.883247010913341235e-01
1.711999999999999966e+00 2.584999205188785454e-01
1.727999999999999980e+00 2.313345568804282826e-01
1.743999999999999995e+00 2.293048444642320216e-01
1.760000000000000009e+00 2.684668304894405888e-01
1.776000000000000023e+00 3.359025483308723525e-01
1.792000000000000037e+00 4.089824947767453089e-01
1.808000000000000052e+00 4.826106870392162795e-01
1.824000000000000066e+00 5.577942238507446193e-01
1.840000000000000080e+00 6.178832774457048149e-01
1.856000000000000094e+00 6.427265690457697467e-01
1.872000000000000108e+00 6.327305056013097229e-01
1.888000000000000123e+00 5.925092593853311662e-01
1.904000000000000137e+00 5.116152555332729168e-01
1.919999999999999929e+00 3.886721114893513240e-01
1.935999999999999943e+00 2.538852333238054149e-01
1.951999999999999957e+00 1.494572392554560647e-01
1.967999999999999972e+00 1.003390513497046943e-01
1.983999999999999986e+00 1.023729450222998355e-01
2.000000000000000000e+00 1.288300524124832980e-01
2.016000000000000014e+00 1.571518381533124065e-01
2.032000000000000028e+00 1.919344172912395841e-01
2.048000000000000043e+00 2.540902400416427120e-01
2.064000000000000057e+00 3.512452510281560691e-01
2.080000000000000071e+00 4.618350365068683572e-01
2.096000000000000085e+00 5.421176030751457819e-01
2.112000000000000099e+00 5.509184651591700899e-01
2.128000000000000114e+00 4.769560369676870137e-01
2.144000000000000128e+00 3.431478171274650046e-01
2.160000000000000142e+00 1.846820345818665499e-01
2.176000000000000156e+00 3.261788234039078582e-02
2.192000000000000171e+00 -8.413578811947569625e-02
2.208000000000000185e+00 -1.428449253097573979e-01
2.224000000000000199e+00 -1.406847819704078462e-01
2.240000000000000213e+00 -9.860160462977368701e-02
2.256000000000000227e+00 -5.396297151020877647e-02
2.272000000000000242e+00 -4.272951771969732415e-02
2.288000000000000256e+00 -7.560608172418362138e-02
2.304000000000000270e+00 -1.356260776664760803e-01
2.319999999999999840e+00 -1.980870003744254204e-01
2.335999999999999854e+00 -2.431556831367459870e-01
2.351999999999999869e+00 -2.622129421596627874e-01
2.367999999999999883e+00 -2.642740423773059510e-01
2.383999999999999897e+00 -2.637361063896694335e-01
2.399999999999999911e+00 -2.615970034831034408e-01
2.415999999999999925e+00 -2.514053639789259886e-01
2.431999999999999940e+00 -2.318198398792589154e-01
2.447999999999999954e+00 -1.988499931025864143e-01
2.463999999999999968e+00 -1.429614691567150930e-01
2.479999999999999982e+00 -7.033059077383488344e-02
2.495999999999999996e+00 -1.000200824764192753e-02
