0.000000000000000000e+00 4.888050768150097980e+01
1.600000000000000033e-02 4.784614145630082049e+01
3.200000000000000067e-02 4.500607744294075729e+01
4.800000000000000100e-02 4.089692757317229166e+01
6.400000000000000133e-02 3.614564470095790227e+01
8.000000000000000167e-02 3.130699830523490235e+01
9.600000000000000200e-02 2.677518541394447738e+01
1.120000000000000023e-01 2.274437928389117758e+01
1.280000000000000027e-01 1.923937468498809977e+01
1.440000000000000169e-01 1.621368773212319070e+01
1.600000000000000033e-01 1.363741293922899089e+01
1.759999999999999898e-01 1.149617254423279711e+01
1.920000000000000040e-01 9.746923380591846708e+00
2.080000000000000182e-01 8.326347805019691961e+00
2.240000000000000047e-01 7.179226787476104654e+00
2.399999999999999911e-01 6.247271030838810191e+00
2.560000000000000053e-01 5.466412935093316605e+00
2.720000000000000195e-01 4.790257715068393374e+00
2.880000000000000338e-01 4.182704897546723366e+00
3.039999999999999925e-01 3.590480824650648550e+00
3.200000000000000067e-01 2.958028087350452751e+00
3.360000000000000209e-01 2.270602645130855191e+00
3.519999999999999796e-01 1.560421847549482210e+00
3.679999999999999938e-01 8.715200145689879774e-01
3.840000000000000080e-01 2.335039432672502135e-01
4.000000000000000222e-01 -3.359158819062426637e-01
4.160000000000000364e-01 -8.251244195227293021e-01
4.319999999999999951e-01 -1.234503169453667004e+00
4.480000000000000093e-01 -1.575828101040078533e+00
4.640000000000000235e-01 -1.857223088669025968e+00
4.799999999999999822e-01 -2.076126026675611413e+00
4.959999999999999964e-01 -2.231129275894897734e+00
5.120000000000000107e-01 -2.331442428155199753e+00
5.280000000000000249e-01 -2.387360182867619862e+00
5.440000000000000391e-01 -2.403242844176234794e+00
5.600000000000000533e-01 -2.395522870844788876e+00
5.760000000000000675e-01 -2.398301591863623905e+00
5.919999999999999707e-01 -2.430475586060671933e+00
6.079999999999999849e-01 -2.485436287208231398e+00
6.239999999999999991e-01 -2.558763447432820470e+00
6.400000000000000133e-01 -2.645676958568209169e+00
6.560000000000000275e-01 -2.721211757785492402e+00
6.720000000000000417e-01 -2.761200169908052615e+00
6.880000000000000560e-01 -2.767282827308279014e+00
7.039999999999999591e-01 -2.748186867121310328e+00
7.199999999999999734e-01 -2.695319846287393073e+00
7.359999999999999876e-01 -2.594265845269009496e+00
7.520000000000000018e-01 -2.447523778528069460e+00
7.680000000000000160e-01 -2.275284091142087295e+00
7.840000000000000302e-01 -2.104116990792085140e+00
8.000000000000000444e-01 -1.961652305174303557e+00
8.160000000000000586e-01 -1.869734016161693324e+00
8.320000000000000728e-01 -1.827056576161141477e+00
8.479999999999999760e-01 -1.798975029289929362e+00
8.639999999999999902e-01 -1.738417725545297721e+00
8.800000000000000044e-01 -1.625118665948122265e+00
8.960000000000000187e-01 -1.479311960856288355e+00
9.120000000000000329e-01 -1.336595745713755168e+00
9.280000000000000471e-01 -1.223279123514696476e+00
9.440000000000000613e-01 -1.155161498632897521e+00
9.599999999999999645e-01 -1.127115828639219108e+00
9.759999999999999787e-01 -1.094815114874742035e+00
9.919999999999999929e-01 -1.006019932096233083e+00
1.008000000000000007e+00 -8.534528379917490915e-01
1.024000000000000021e+00 -6.658974262447145964e-01
1.040000000000000036e+00 -4.718170590255697516e-01
1.056000000000000050e+00 -3.006734338367881842e-01
1.072000000000000064e+00 -1.815053726374053211e-01
1.088000000000000078e+00 -1.101274157710989132e-01
1.104000000000000092e+00 -4.421892304833211634e-02
1.120000000000000107e+00 5.144273984802085614e-02
1.136000000000000121e+00 1.758722363697085844e-01
1.152000000000000135e+00 3.121919402396358678e-01
1.167999999999999927e+00 4.495416164196423536e-01
1.183999999999999941e+00 5.797807853982690496e-01
1.199999999999999956e+00 6.925229851481208287e-01
1.215999999999999970e+00 7.772100550353109316e-01
1.231999999999999984e+00 8.254995062543166728e-01
1.247999999999999998e+00 8.344620134211432338e-01
1.264000000000000012e+00 8.084346005771150256e-01
1.280000000000000027e+00 7.633311803368520998e-01
1.296000000000000041e+00 7.323359740175033883e-01
1.312000000000000055e+00 7.491339979528460757e-01
1.328000000000000069e+00 8.166585018083933889e-01
1.344000000000000083e+00 9.125773107471238932e-01
1.360000000000000098e+00 1.019877814093613333e+00
1.376000000000000112e+00 1.119340045170722053e+00
1.392000000000000126e+00 1.174782438404322393e+00
1.407999999999999918e+00 1.166748369456876544e+00
1.423999999999999932e+00 1.112523812813937640e+00
1.439999999999999947e+00 1.033727656148592411e+00
1.455999999999999961e+00 9.415851460102186987e-01
1.471999999999999975e+00 8.548984443818024026e-01
1.487999999999999989e+00 7.945526480621916132e-01
1.504000000000000004e+00 7.580650388032895703e-01
1.520000000000000018e+00 7.226240251326970787e-01
1.536000000000000032e+00 6.756256467779910846e-01
1.552000000000000046e+00 6.279534507255257747e-01
1.568000000000000060e+00 5.973070396073492105e-01
1.584000000000000075e+00 5.920437774174235335e-01
1.600000000000000089e+00 6.121083390089017140e-01
1.616000000000000103e+00 6.520387142086229160e-01
1.632000000000000117e+00 6.936075058744655131e-01
1.648000000000000131e+00 7.034593288989008375e-01
1.664000000000000146e+00 6.560413238107271061e-01
1.679999999999999938e+00 5.579161788262491095e-01
1.695999999999999952e+00 4.354141802594010402e-01
1.711999999999999966e+00 3.103374543635176175e-01
1.727999999999999980e+00 2.048455954926064471e-01
1.743999999999999995e+00 1.458182226494010025e-01
1.760000000000000009e+00 1.393590048365675460e-01
1.776000000000000023e+00 1.683978564574180325e-01
1.792000000000000037e+00 2.291564924208399079e-01
1.808000000000000052e+00 3.281063715628978472e-01
1.824000000000000066e+00 4.428095424587026319e-01
1.840000000000000080e+00 5.315144267059684902e-01
1.856000000000000094e+00 5.699891155468722603e-01
1.872000000000000108e+00 5.498677403440269673e-01
1.888000000000000123e+00 4.662237471455727977e-01
1.904000000000000137e+00 3.281266885452696624e-01
1.919999999999999929e+00 1.628544579991408059e-01
1.935999999999999943e+00 -1.337319921637080463e-03
1.951999999999999957e+00 -1.509664521399946002e-01
1.967999999999999972e+00 -2.888733291632438749e-01
1.983999999999999986e+00 -4.205886996897077457e-01
2.000000000000000000e+00 -5.352466552232433283e-01
2.016000000000000014e+00 -6.101110934109242878e-01
2.032000000000000028e+00 -6.312573737580150501e-01
2.048000000000000043e+00 -5.895319125519216108e-01
2.064000000000000057e+00 -4.753023163042391364e-01
2.080000000000000071e+00 -3.067359980853052726e-01
2.096000000000000085e+00 -1.349969867570459947e-01
2.112000000000000099e+00 -8.488977901453383058e-04
2.128000000000000114e+00 8.102294147463080798e-02
2.144000000000000128e+00 9.721911239839102492e-02
2.160000000000000142e+00 4.283734111420609003e-02
2.176000000000000156e+00 -5.471276466971016633e-02
2.192000000000000171e+00 -1.625795799413167486e-01
2.208000000000000185e+00 -2.740970720092885671e-01
2.224000000000000199e+00 -3.850813289845936849e-01
2.240000000000000213e+00 -4.738086686030541506e-01
2.256000000000000227e+00 -5.251173464542737701e-01
2.272000000000000242e+00 -5.460877701115870453e-01
2.288000000000000256e+00 -5.501049628620853227e-01
2.304000000000000270e+00 -5.414477964436773538e-01
2.319999999999999840e+00 -5.159085563431267119e-01
2.335999999999999854e+00 -4.671238481016021793e-01
2.351999999999999869e+00 -3.910202755234973848e-01
2.367999999999999883e+00 -2.887226912992572614e-01
2.383999999999999897e+00 -1.707145808261401609e-01
2.399999999999999911e+00 -6.231802200495708405e-02
2.415999999999999925e+00 5.000791457611857352e-03
2.431999999999999940e+00 2.200051544796490302e-02
2.447999999999999954e+00 8.736195264432219595e-03
2.463999999999999968e+00 -1.341002556058864398e-02
2.479999999999999982e+00 -2.866712232977823918e-02
2.495999999999999996e+00 -1.173263480801822051e-02
