0.000000000000000000e+00 3.968902761804854862e+01
1.600000000000000033e-02 3.885997899707172820e+01
3.200000000000000067e-02 3.657819799353183754e+01
4.800000000000000100e-02 3.329963048799827163e+01
6.400000000000000133e-02 2.953958328865408589e+01
8.000000000000000167e-02 2.573188301806072431e+01
9.600000000000000200e-02 2.217013202529994587e+01
1.120000000000000023e-01 1.899196637487874995e+01
1.280000000000000027e-01 1.622114719117235637e+01
1.440000000000000169e-01 1.384572398517533642e+01
1.600000000000000033e-01 1.184707445222883315e+01
1.759999999999999898e-01 1.017575428646519420e+01
1.920000000000000040e-01 8.760582151653357741e+00
2.080000000000000182e-01 7.555279113294358417e+00
2.240000000000000047e-01 6.538430317035944128e+00
2.399999999999999911e-01 5.670004234224649053e+00
2.560000000000000053e-01 4.891331349586651278e+00
2.720000000000000195e-01 4.165879067462185503e+00
2.880000000000000338e-01 3.482821992714714820e+00
3.039999999999999925e-01 2.831418717576835054e+00
3.200000000000000067e-01 2.210290969023776864e+00
3.360000000000000209e-01 1.646756793243103312e+00
3.519999999999999796e-01 1.166286417600480796e+00
3.679999999999999938e-01 7.530930992568064530e-01
3.840000000000000080e-01 3.699318910134464233e-01
4.000000000000000222e-01 -1.430904415678220076e-04
4.160000000000000364e-01 -3.539344577162312766e-01
4.319999999999999951e-01 -6.839520478612469701e-01
4.480000000000000093e-01 -9.727136149913856444e-01
4.640000000000000235e-01 -1.200536273713066926e+00
4.799999999999999822e-01 -1.378852379744003986e+00
4.959999999999999964e-01 -1.546395075493474991e+00
5.120000000000000107e-01 -1.717313232270053058e+00
5.280000000000000249e-01 -1.863888502917893097e+00
5.440000000000000391e-01 -1.961339346605427636e+00
5.600000000000000533e-01 -2.018232640285738455e+00
5.760000000000000675e-01 -2.056355364347083992e+00
5.919999999999999707e-01 -2.092164750662142580e+00
6.079999999999999849e-01 -2.139866851773355894e+00
6.239999999999999991e-01 -2.201269860399032829e+00
6.400000000000000133e-01 -2.254022904336048683e+00
6.560000000000000275e-01 -2.278350895351499705e+00
6.720000000000000417e-01 -2.288271570825696877e+00
6.880000000000000560e-01 -2.310452258861697139e+00
7.039999999999999591e-01 -2.346620910771881618e+00
7.199999999999999734e-01 -2.383348821165200970e+00
7.359999999999999876e-01 -2.419527002199543642e+00
7.520000000000000018e-01 -2.454868347818907726e+00
7.680000000000000160e-01 -2.468929367228265725e+00
7.840000000000000302e-01 -2.438209885775915797e+00
8.000000000000000444e-01 -2.360059456747881867e+00
8.160000000000000586e-01 -2.244383431587325894e+00
8.320000000000000728e-01 -2.102294449266093768e+00
8.479999999999999760e-01 -1.954366789457345766e+00
8.639999999999999902e-01 -1.825383219870389429e+00
8.800000000000000044e-01 -1.720216290256192160e+00
8.960000000000000187e-01 -1.626446748103236528e+00
9.120000000000000329e-01 -1.542561348826047007e+00
9.280000000000000471e-01 -1.477875309886349298e+00
9.440000000000000613e-01 -1.425858718613891574e+00
9.599999999999999645e-01 -1.364479363645716203e+00
9.759999999999999787e-01 -1.280895615578095281e+00
9.919999999999999929e-01 -1.173860717292372291e+00
1.008000000000000007e+00 -1.041172797461641597e+00
1.024000000000000021e+00 -8.875727500677088599e-01
1.040000000000000036e+00 -7.338253595671326845e-01
1.056000000000000050e+00 -5.983309446880447080e-01
1.072000000000000064e+00 -4.822772900926574069e-01
1.088000000000000078e+00 -3.843518717817765440e-01
1.104000000000000092e+00 -3.091148405469301141e-01
1.120000000000000107e+00 -2.504924173460374992e-01
1.136000000000000121e+00 -1.908582020674497171e-01
1.152000000000000135e+00 -1.241621393301711312e-01
1.167999999999999927e+00 -5.696322116001265728e-02
1.183999999999999941e+00 1.204127081471248473e-02
1.199999999999999956e+00 8.592279300165128753e-02
1.215999999999999970e+00 1.512185937062331953e-01
1.231999999999999984e+00 1.986253277110519300e-01
1.247999999999999998e+00 2.499547622367133404e-01
1.264000000000000012e+00 3.279865218288516848e-01
1.280000000000000027e+00 4.131973497882193702e-01
1.296000000000000041e+00 4.665806325530400533e-01
1.312000000000000055e+00 4.789106911226113650e-01
1.328000000000000069e+00 4.652127248204354082e-01
1.344000000000000083e+00 4.361162329395881776e-01
1.360000000000000098e+00 4.097201841990735227e-01
1.376000000000000112e+00 4.220938190758664610e-01
1.392000000000000126e+00 4.881220731368223764e-01
1.407999999999999918e+00 5.785028135293001084e-01
1.423999999999999932e+00 6.652985899517083190e-01
1.439999999999999947e+00 7.578885645221026257e-01
1.455999999999999961e+00 8.674067798408218177e-01
1.471999999999999975e+00 9.728462364533865259e-01
1.487999999999999989e+00 1.048702977810260339e+00
1.504000000000000004e+00 1.091507441920276600e+00
1.520000000000000018e+00 1.101282295688630342e+00
1.536000000000000032e+00 1.074739713389021301e+00
1.552000000000000046e+00 1.028128728218684174e+00
1.568000000000000060e+00 9.842997382974170151e-01
1.584000000000000075e+00 9.284407298415812138e-01
1.600000000000000089e+00 8.202111642973077821e-01
1.616000000000000103e+00 6.568152246311212972e-01
1.632000000000000117e+00 4.847045355016573187e-01
1.648000000000000131e+00 3.483198664650993814e-01
1.664000000000000146e+00 2.635170341480977951e-01
1.679999999999999938e+00 2.325959865473524457e-01
1.695999999999999952e+00 2.452257558858004782e-01
1.711999999999999966e+00 2.722924524428686488e-01
1.727999999999999980e+00 2.922975287363019925e-01
1.743999999999999995e+00 3.116709086084692437e-01
1.760000000000000009e+00 3.345064804624533483e-01
1.776000000000000023e+00 3.370695852498719614e-01
1.792000000000000037e+00 2.989549665392948752e-01
1.808000000000000052e+00 2.316002948364474512e-01
1.824000000000000066e+00 1.510191807177873879e-01
1.840000000000000080e+00 5.184842946251833062e-02
1.856000000000000094e+00 -7.013635383712520099e-02
1.872000000000000108e+00 -1.997835900519718544e-01
1.888000000000000123e+00 -3.222921414607933244e-01
1.904000000000000137e+00 -4.301847205233664817e-01
1.919999999999999929e+00 -5.032294643537544854e-01
1.935999999999999943e+00 -5.182468337387116097e-01
1.951999999999999957e+00 -4.858951924658469479e-01
1.967999999999999972e+00 -4.428508222036659503e-01
1.983999999999999986e+00 -4.054369284838695298e-01
2.000000000000000000e+00 -3.642571919366558442e-01
2.016000000000000014e+00 -3.188118778592415326e-01
2.032000000000000028e+00 -2.794714680765974513e-01
2.048000000000000043e+00 -2.406451107457709404e-01
2.064000000000000057e+00 -1.885420188984222312e-01
2.080000000000000071e+00 -1.311610539823781230e-01
2.096000000000000085e+00 -9.138524422896790456e-02
2.112000000000000099e+00 -7.904945246482189547e-02
2.128000000000000114e+00 -9.274574161821341756e-02
2.144000000000000128e+00 -1.325094924905056148e-01
2.160000000000000142e+00 -1.871733928411211667e-01
2.176000000000000156e+00 -2.273871916914508018e-01
2.192000000000000171e+00 -2.335379109324858260e-01
2.208000000000000185e+00 -2.158338882517910895e-01
2.224000000000000199e+00 -1.944086856715941669e-01
2.240000000000000213e+00 -1.791113686991787635e-01
2.256000000000000227e+00 -1.759117412847404083e-01
2.272000000000000242e+00 -1.881757265576871341e-01
2.288000000000000256e+00 -2.040256936295994916e-01
2.304000000000000270e+00 -2.050033380786292214e-01
2.319999999999999840e+00 -1.900043173318659850e-01
2.335999999999999854e+00 -1.695647806833915638e-01
2.351999999999999869e+00 -1.401582837799647818e-01
2.367999999999999883e+00 -8.703641587842331218e-02
2.383999999999999897e+00 -7.875850864793443665e-03
2.399999999999999911e+00 8.425982789240619997e-02
2.415999999999999925e+00 1.706917064701531095e-01
2.431999999999999940e+00 2.256577228815950520e-01
2.447999999999999954e+00 2.244943289065589043e-01
2.463999999999999968e+00 1.702244981487479325e-01
2.479999999999999982e+00 9.381738120068616738e-02
2.495999999999999996e+00 1.834440890093969045e-02
