0.000000000000000000e+00 4.899092538517620454e+01
1.600000000000000033e-02 4.793055643481320516e+01
3.200000000000000067e-02 4.501945362208343937e+01
4.800000000000000100e-02 4.084200300072206602e+01
6.400000000000000133e-02 3.606260489458604468e+01
8.000000000000000167e-02 3.122778733204686574e+01
9.600000000000000200e-02 2.668814921137389007e+01
1.120000000000000023e-01 2.261452990436953314e+01
1.280000000000000027e-01 1.906722175544883768e+01
1.440000000000000169e-01 1.606011785862654406e+01
1.600000000000000033e-01 1.358196543786489308e+01
1.759999999999999898e-01 1.158783043305774996e+01
1.920000000000000040e-01 9.997128969280582922e+00
2.080000000000000182e-01 8.711609349569316763e+00
2.240000000000000047e-01 7.638563014145888452e+00
2.399999999999999911e-01 6.703136718049217180e+00
2.560000000000000053e-01 5.850580688433390186e+00
2.720000000000000195e-01 5.047060651526212638e+00
2.880000000000000338e-01 4.279654620910523732e+00
3.039999999999999925e-01 3.553049789523573310e+00
3.200000000000000067e-01 2.878781579618881814e+00
3.360000000000000209e-01 2.255993901854278949e+00
3.519999999999999796e-01 1.659593283358378857e+00
3.679999999999999938e-01 1.052479952553041276e+00
3.840000000000000080e-01 4.187468748577400923e-01
4.000000000000000222e-01 -2.088975984843132183e-01
4.160000000000000364e-01 -7.637223541244607672e-01
4.319999999999999951e-01 -1.197714257310123598e+00
4.480000000000000093e-01 -1.518717486876779876e+00
4.640000000000000235e-01 -1.777894508651937988e+00
4.799999999999999822e-01 -2.027819396967155630e+00
4.959999999999999964e-01 -2.285931977204765264e+00
5.120000000000000107e-01 -2.524980974293914660e+00
5.280000000000000249e-01 -2.695334468633169500e+00
5.440000000000000391e-01 -2.760496437931247993e+00
5.600000000000000533e-01 -2.720401655361617266e+00
5.760000000000000675e-01 -2.609963138508067715e+00
5.919999999999999707e-01 -2.476303858906914623e+00
6.079999999999999849e-01 -2.356744436587721481e+00
6.239999999999999991e-01 -2.275024797763069984e+00
6.400000000000000133e-01 -2.246246608412933110e+00
6.560000000000000275e-01 -2.273501304370233456e+00
6.720000000000000417e-01 -2.337146809956293314e+00
6.880000000000000560e-01 -2.396784160181663736e+00
7.039999999999999591e-01 -2.414699728737736972e+00
7.199999999999999734e-01 -2.381207562529508603e+00
7.359999999999999876e-01 -2.321115590128289607e+00
7.520000000000000018e-01 -2.276078214252921228e+00
7.680000000000000160e-01 -2.273715660823648399e+00
7.840000000000000302e-01 -2.307856948736974445e+00
8.000000000000000444e-01 -2.345171614470463517e+00
8.160000000000000586e-01 -2.350557497743889890e+00
8.320000000000000728e-01 -2.310290326889087087e+00
8.479999999999999760e-01 -2.235268425195755970e+00
8.639999999999999902e-01 -2.143437803402281627e+00
8.800000000000000044e-01 -2.039054610945923773e+00
8.960000000000000187e-01 -1.910351087544225557e+00
9.120000000000000329e-01 -1.744949171349027273e+00
9.280000000000000471e-01 -1.543090068603887755e+00
9.440000000000000613e-01 -1.318650261611407082e+00
9.599999999999999645e-01 -1.090425747908071230e+00
9.759999999999999787e-01 -8.710300711725557088e-01
9.919999999999999929e-01 -6.643552100000204019e-01
1.008000000000000007e+00 -4.720136809916684606e-01
1.024000000000000021e+00 -2.977886581550259759e-01
1.040000000000000036e+00 -1.467425477693340974e-01
1.056000000000000050e+00 -2.417407661141497341e-02
1.072000000000000064e+00 6.350558935847190611e-02
1.088000000000000078e+00 1.093649905248466614e-01
1.104000000000000092e+00 1.140639397721000675e-01
1.120000000000000107e+00 9.560095092203836631e-02
1.136000000000000121e+00 8.415092634176209174e-02
1.152000000000000135e+00 1.076109324361736730e-01
1.167999999999999927e+00 1.852262814874335306e-01
1.183999999999999941e+00 3.257923715346913718e-01
1.199999999999999956e+00 5.250391866060262203e-01
1.215999999999999970e+00 7.649721497424809558e-01
1.231999999999999984e+00 1.014319988764902591e+00
1.247999999999999998e+00 1.235262527762004625e+00
1.264000000000000012e+00 1.401940367544404209e+00
1.280000000000000027e+00 1.515861110441282911e+00
1.296000000000000041e+00 1.595246769779755214e+00
1.312000000000000055e+00 1.645512127276991254e+00
1.328000000000000069e+00 1.647825020090140535e+00
1.344000000000000083e+00 1.582384458273233818e+00
1.360000000000000098e+00 1.459901968634155445e+00
1.376000000000000112e+00 1.322423949792107756e+00
1.392000000000000126e+00 1.209200216389248350e+00
1.407999999999999918e+00 1.124974268615013484e+00
1.423999999999999932e+00 1.040083255268450468e+00
1.439999999999999947e+00 9.183971423225771868e-01
1.455999999999999961e+00 7.510686384193965281e-01
1.471999999999999975e+00 5.672264430002230684e-01
1.487999999999999989e+00 4.117656716840810138e-01
1.504000000000000004e+00 3.128570854150223290e-01
1.520000000000000018e+00 2.655274009951650305e-01
1.536000000000000032e+00 2.404498329869340922e-01
1.552000000000000046e+00 2.097624485956240681e-01
1.568000000000000060e+00 1.669610855457963061e-01
1.584000000000000075e+00 1.229984516001302597e-01
1.600000000000000089e+00 8.949119657964266228e-02
1.616000000000000103e+00 7.080571824515720369e-02
1.632000000000000117e+00 6.601749500898597411e-02
1.648000000000000131e+00 7.128804603191980782e-02
1.664000000000000146e+00 8.174704703670156170e-02
1.679999999999999938e+00 9.300784188086202997e-02
1.695999999999999952e+00 1.006727701414406873e-01
1.711999999999999966e+00 1.015002565402885332e-01
1.727999999999999980e+00 9.408965732654783753e-02
1.743999999999999995e+00 7.227503216546971032e-02
1.760000000000000009e+00 2.362612657917926087e-02
1.776000000000000023e+00 -5.820077837085033123e-02
1.792000000000000037e+00 -1.649389795591923169e-01
1.808000000000000052e+00 -2.752027700514115827e-01
1.824000000000000066e+00 -3.587217684808941542e-01
1.840000000000000080e+00 -3.869574122887635692e-01
1.856000000000000094e+00 -3.495577167850167921e-01
1.872000000000000108e+00 -2.659934823293477191e-01
1.888000000000000123e+00 -1.781442939824041394e-01
1.904000000000000137e+00 -1.235728241951194878e-01
1.919999999999999929e+00 -1.166931561259048483e-01
1.935999999999999943e+00 -1.529325314681920511e-01
1.951999999999999957e+00 -2.204375313079638132e-01
1.967999999999999972e+00 -3.076699861491288823e-01
1.983999999999999986e+00 -4.071734424266623686e-01
2.000000000000000000e+00 -5.138792427818739128e-01
2.016000000000000014e+00 -6.164419592060480513e-01
2.032000000000000028e+00 -6.907367375411428423e-01
2.048000000000000043e+00 -7.093659296460960162e-01
2.064000000000000057e+00 -6.639788863142453978e-01
2.080000000000000071e+00 -5.787470997787400595e-01
2.096000000000000085e+00 -4.981527429032103216e-01
2.112000000000000099e+00 -4.587686792479964693e-01
2.128000000000000114e+00 -4.721797580024530427e-01
2.144000000000000128e+00 -5.276410669699360678e-01
2.160000000000000142e+00 -6.015490878642064665e-01
2.176000000000000156e+00 -6.663159861591612110e-01
2.192000000000000171e+00 -6.968641262306587425e-01
2.208000000000000185e+00 -6.750129432903571036e-01
2.224000000000000199e+00 -5.972098155775907857e-01
2.240000000000000213e+00 -4.778133435417199482e-01
2.256000000000000227e+00 -3.379140137090401175e-01
2.272000000000000242e+00 -1.947550251819969436e-01
2.288000000000000256e+00 -6.206959300064913976e-02
2.304000000000000270e+00 4.797401884266714461e-02
2.319999999999999840e+00 1.234535989945389212e-01
2.335999999999999854e+00 1.515566779174311873e-01
2.351999999999999869e+00 1.204016425180485378e-01
2.367999999999999883e+00 2.478928806590920478e-02
2.383999999999999897e+00 -1.242004174576370884e-01
2.399999999999999911e+00 -2.945685409724083659e-01
2.415999999999999925e+00 -4.400648200722263037e-01
2.431999999999999940e+00 -5.136476681912284237e-01
2.447999999999999954e+00 -4.854189318665524389e-01
2.463999999999999968e+00 -3.612477239864130829e-01
2.479999999999999982e+00 -1.881467372723142351e-01
2.495999999999999996e+00 -3.091933262424670370e-02
