0.000000000000000000e+00 4.113069941644684491e+01
1.600000000000000033e-02 4.028450040850822944e+01
3.200000000000000067e-02 3.795638097455528737e+01
4.800000000000000100e-02 3.459695705662218046e+01
6.400000000000000133e-02 3.073809661017953943e+01
8.000000000000000167e-02 2.682184318152209102e+01
9.600000000000000200e-02 2.312699359606868654e+01
1.120000000000000023e-01 1.978673092849016157e+01
1.280000000000000027e-01 1.684310089687180323e+01
1.440000000000000169e-01 1.429244291863104976e+01
1.600000000000000033e-01 1.210885849794732039e+01
1.759999999999999898e-01 1.025448429806353268e+01
1.920000000000000040e-01 8.685583506133017551e+00
2.080000000000000182e-01 7.356736383164534487e+00
2.240000000000000047e-01 6.223197194551749689e+00
2.399999999999999911e-01 5.241950879028823174e+00
2.560000000000000053e-01 4.373523015662214242e+00
2.720000000000000195e-01 3.587150371209392841e+00
2.880000000000000338e-01 2.866553530997151267e+00
3.039999999999999925e-01 2.208747543459200990e+00
3.200000000000000067e-01 1.614486034854941909e+00
3.360000000000000209e-01 1.078174471572779236e+00
3.519999999999999796e-01 5.855983376993637579e-01
3.679999999999999938e-01 1.224598493226406598e-01
3.840000000000000080e-01 -3.116791568188660433e-01
4.000000000000000222e-01 -6.984126007606713538e-01
4.160000000000000364e-01 -1.013865491912518291e+00
4.319999999999999951e-01 -1.249703954765376990e+00
4.480000000000000093e-01 -1.421437745327591040e+00
4.640000000000000235e-01 -1.557158844908467454e+00
4.799999999999999822e-01 -1.678541520566370959e+00
4.959999999999999964e-01 -1.791452451369365706e+00
5.120000000000000107e-01 -1.892003434306134713e+00
5.280000000000000249e-01 -1.976056902608541277e+00
5.440000000000000391e-01 -2.039187540808793386e+00
5.600000000000000533e-01 -2.073007145229054160e+00
5.760000000000000675e-01 -2.071738864577878036e+00
5.919999999999999707e-01 -2.045944761205023887e+00
6.079999999999999849e-01 -2.025773707875556884e+00
6.239999999999999991e-01 -2.044796676098615151e+00
6.400000000000000133e-01 -2.115228109478309193e+00
6.560000000000000275e-01 -2.215856224298260901e+00
6.720000000000000417e-01 -2.304769422722273919e+00
6.880000000000000560e-01 -2.346677031516248846e+00
7.039999999999999591e-01 -2.332889276441145743e+00
7.199999999999999734e-01 -2.281713741927068551e+00
7.359999999999999876e-01 -2.222400454165538886e+00
7.520000000000000018e-01 -2.174322134344276680e+00
7.680000000000000160e-01 -2.135852591928097066e+00
7.840000000000000302e-01 -2.090874471170450999e+00
8.000000000000000444e-01 -2.025512593321538990e+00
8.160000000000000586e-01 -1.939195725837874917e+00
8.320000000000000728e-01 -1.841187441154627624e+00
8.479999999999999760e-01 -1.737666533330877172e+00
8.639999999999999902e-01 -1.624050904571252341e+00
8.800000000000000044e-01 -1.493086264796200435e+00
8.960000000000000187e-01 -1.350611643713637511e+00
9.120000000000000329e-01 -1.218750294267251677e+00
9.280000000000000471e-01 -1.119333292527506130e+00
9.440000000000000613e-01 -1.053246377589049265e+00
9.599999999999999645e-01 -9.961607356805947111e-01
9.759999999999999787e-01 -9.149620727870333425e-01
9.919999999999999929e-01 -7.900233330605372917e-01
1.008000000000000007e+00 -6.238835387247384512e-01
1.024000000000000021e+00 -4.321481418373734340e-01
1.040000000000000036e+00 -2.307959607504410926e-01
1.056000000000000050e+00 -3.250408788018988027e-02
1.072000000000000064e+00 1.513066144408796720e-01
1.088000000000000078e+00 3.108801420550074690e-01
1.104000000000000092e+00 4.406459117218654020e-01
1.120000000000000107e+00 5.395602778619204010e-01
1.136000000000000121e+00 6.090137730581117737e-01
1.152000000000000135e+00 6.508656778533142839e-01
1.167999999999999927e+00 6.676576577523327671e-01
1.183999999999999941e+00 6.646544136692207339e-01
1.199999999999999956e+00 6.505541111419488320e-01
1.215999999999999970e+00 6.353265622674716395e-01
1.231999999999999984e+00 6.279312437161269633e-01
1.247999999999999998e+00 6.356783633834496294e-01
1.264000000000000012e+00 6.633675118696537032e-01
1.280000000000000027e+00 7.112830442161063305e-01
1.296000000000000041e+00 7.734123525267041499e-01
1.312000000000000055e+00 8.378285243691502293e-01
1.328000000000000069e+00 8.916347636595050030e-01
1.344000000000000083e+00 9.287037482166073943e-01
1.360000000000000098e+00 9.515418713913339488e-01
1.376000000000000112e+00 9.635399193488990432e-01
1.392000000000000126e+00 9.616052476216236933e-01
1.407999999999999918e+00 9.395207216653292948e-01
1.423999999999999932e+00 8.981741253358305199e-01
1.439999999999999947e+00 8.507894667973386893e-01
1.455999999999999961e+00 8.175344047838661865e-01
1.471999999999999975e+00 8.148873213373928337e-01
1.487999999999999989e+00 8.485406352352520276e-01
1.504000000000000004e+00 9.109468953901281862e-01
1.520000000000000018e+00 9.803551973895455740e-01
1.536000000000000032e+00 1.027039114825044175e+00
1.552000000000000046e+00 1.033130091322033595e+00
1.568000000000000060e+00 1.011674019422045712e+00
1.584000000000000075e+00 9.999151595930312331e-01
1.600000000000000089e+00 1.026185687763774279e+00
1.616000000000000103e+00 1.080596853031108084e+00
1.632000000000000117e+00 1.119246285044176448e+00
1.648000000000000131e+00 1.100659483087113921e+00
1.664000000000000146e+00 1.021784864277186733e+00
1.679999999999999938e+00 9.207315755431735305e-01
1.695999999999999952e+00 8.464373508201279428e-01
1.711999999999999966e+00 8.245295108400479966e-01
1.727999999999999980e+00 8.451298114792592520e-01
1.743999999999999995e+00 8.765426470584281038e-01
1.760000000000000009e+00 8.915287455312016496e-01
1.776000000000000023e+00 8.854822779843363190e-01
1.792000000000000037e+00 8.728264291756466786e-01
1.808000000000000052e+00 8.685306984119067764e-01
1.824000000000000066e+00 8.752033925210392917e-01
1.840000000000000080e+00 8.874828105006630219e-01
1.856000000000000094e+00 9.058182140777025770e-01
1.872000000000000108e+00 9.414234595402951600e-01
1.888000000000000123e+00 1.003643639787511255e+00
1.904000000000000137e+00 1.082945302217954930e+00
1.919999999999999929e+00 1.151602447649563876e+00
1.935999999999999943e+00 1.184704435914122111e+00
1.951999999999999957e+00 1.178918581565675305e+00
1.967999999999999972e+00 1.147792481215587745e+00
1.983999999999999986e+00 1.098688678982584932e+00
2.000000000000000000e+00 1.017512480028680555e+00
2.016000000000000014e+00 8.799629832881066260e-01
2.032000000000000028e+00 6.790392384819938787e-01
2.048000000000000043e+00 4.405587374690047020e-01
2.064000000000000057e+00 2.127692840509710637e-01
2.080000000000000071e+00 4.263084591495802655e-02
2.096000000000000085e+00 -4.234505474574157963e-02
2.112000000000000099e+00 -4.051293168888522173e-02
2.128000000000000114e+00 2.596227208166134934e-02
2.144000000000000128e+00 1.186036944898206519e-01
2.160000000000000142e+00 1.951788028224235860e-01
2.176000000000000156e+00 2.266566707976394313e-01
2.192000000000000171e+00 2.118662746133061214e-01
2.208000000000000185e+00 1.771259104304850895e-01
2.224000000000000199e+00 1.557848379204176958e-01
2.240000000000000213e+00 1.612553115585887431e-01
2.256000000000000227e+00 1.754881388289267763e-01
2.272000000000000242e+00 1.636536864389147028e-01
2.288000000000000256e+00 1.049093740628601334e-01
2.304000000000000270e+00 1.329614814720660870e-02
2.319999999999999840e+00 -7.158609931273998694e-02
2.335999999999999854e+00 -1.158004728142749129e-01
2.351999999999999869e+00 -1.145440019447965391e-01
2.367999999999999883e+00 -8.958337357327104955e-02
2.383999999999999897e+00 -6.804751656338316190e-02
2.399999999999999911e+00 -6.149340693449212303e-02
2.415999999999999925e+00 -6.035308032361531155e-02
2.431999999999999940e+00 -4.722529953150483156e-02
2.447999999999999954e+00 -1.697113395045340284e-02
2.463999999999999968e+00 1.534567526593285693e-02
2.479999999999999982e+00 2.679700356876880268e-02
2.495999999999999996e+00 8.141255542727540012e-03
