0.000000000000000000e+00 4.927880886190608578e+01
1.600000000000000033e-02 4.821817150595755663e+01
3.200000000000000067e-02 4.528959001761153047e+01
4.800000000000000100e-02 4.106613788566166789e+01
6.400000000000000133e-02 3.621197817146136089e+01
8.000000000000000167e-02 3.129216224924968515e+01
9.600000000000000200e-02 2.669015555495480641e+01
1.120000000000000023e-01 2.260384555875855739e+01
1.280000000000000027e-01 1.909004314142553937e+01
1.440000000000000169e-01 1.612334707868599182e+01
1.600000000000000033e-01 1.364390601868209707e+01
1.759999999999999898e-01 1.158426764651779095e+01
1.920000000000000040e-01 9.879346011274042993e+00
2.080000000000000182e-01 8.469095924826071098e+00
2.240000000000000047e-01 7.295589102523402758e+00
2.399999999999999911e-01 6.301555132296835282e+00
2.560000000000000053e-01 5.438543007742214996e+00
2.720000000000000195e-01 4.672583559428116651e+00
2.880000000000000338e-01 3.978091530401137277e+00
3.039999999999999925e-01 3.331324760973928711e+00
3.200000000000000067e-01 2.712147510294611319e+00
3.360000000000000209e-01 2.110345512438986937e+00
3.519999999999999796e-01 1.529641876235679376e+00
3.679999999999999938e-01 9.850543018527456729e-01
3.840000000000000080e-01 4.945341367470257876e-01
4.000000000000000222e-01 6.877585249668453915e-02
4.160000000000000364e-01 -2.968470397082365042e-01
4.319999999999999951e-01 -6.200411153339290271e-01
4.480000000000000093e-01 -9.150344170968254254e-01
4.640000000000000235e-01 -1.179087143789034897e+00
4.799999999999999822e-01 -1.400411342488888877e+00
4.959999999999999964e-01 -1.574721631085887363e+00
5.120000000000000107e-01 -1.708996808354707131e+00
5.280000000000000249e-01 -1.814682022745930157e+00
5.440000000000000391e-01 -1.902415518821900742e+00
5.600000000000000533e-01 -1.981373973340731398e+00
5.760000000000000675e-01 -2.059415890499943114e+00
5.919999999999999707e-01 -2.139530611955891448e+00
6.079999999999999849e-01 -2.214372581281257801e+00
6.239999999999999991e-01 -2.267642206608326383e+00
6.400000000000000133e-01 -2.286543337707152901e+00
6.560000000000000275e-01 -2.276466714396670810e+00
6.720000000000000417e-01 -2.263302049350350842e+00
6.880000000000000560e-01 -2.277121890471464294e+00
7.039999999999999591e-01 -2.327170570705877406e+00
7.199999999999999734e-01 -2.391733915141264433e+00
7.359999999999999876e-01 -2.438317679316121644e+00
7.520000000000000018e-01 -2.456516627110013840e+00
7.680000000000000160e-01 -2.468271212238128065e+00
7.840000000000000302e-01 -2.503179411798592824e+00
8.000000000000000444e-01 -2.562309416413345087e+00
8.160000000000000586e-01 -2.607664754192529077e+00
8.320000000000000728e-01 -2.589395875679279424e+00
8.479999999999999760e-01 -2.481651320698409879e+00
8.639999999999999902e-01 -2.293993076480100868e+00
8.800000000000000044e-01 -2.056878584634946439e+00
8.960000000000000187e-01 -1.799256842906200138e+00
9.120000000000000329e-01 -1.535699460360380186e+00
9.280000000000000471e-01 -1.271019716517103770e+00
9.440000000000000613e-01 -1.012934182006022255e+00
9.599999999999999645e-01 -7.758238644187163136e-01
9.759999999999999787e-01 -5.741569418586627283e-01
9.919999999999999929e-01 -4.174509049772556213e-01
1.008000000000000007e+00 -3.099164196882568389e-01
1.024000000000000021e+00 -2.486937593319199225e-01
1.040000000000000036e+00 -2.200021482285977881e-01
1.056000000000000050e+00 -1.990891956189622392e-01
1.072000000000000064e+00 -1.587533370942749988e-01
1.088000000000000078e+00 -8.300810315424354824e-02
1.104000000000000092e+00 2.388892661215532773e-02
1.120000000000000107e+00 1.410030384535692627e-01
1.136000000000000121e+00 2.487860839658272982e-01
1.152000000000000135e+00 3.476392890408689929e-01
1.167999999999999927e+00 4.555476674663539449e-01
1.183999999999999941e+00 5.887806721483750394e-01
1.199999999999999956e+00 7.478144270519746506e-01
1.215999999999999970e+00 9.168624452013008908e-01
1.231999999999999984e+00 1.073203610676505493e+00
1.247999999999999998e+00 1.198823775627360089e+00
1.264000000000000012e+00 1.286055642421541023e+00
1.280000000000000027e+00 1.334754456158865343e+00
1.296000000000000041e+00 1.345067651511124840e+00
1.312000000000000055e+00 1.316147799418058817e+00
1.328000000000000069e+00 1.253080572019047656e+00
1.344000000000000083e+00 1.167172416406983659e+00
1.360000000000000098e+00 1.068453085665249436e+00
1.376000000000000112e+00 9.660724213147406925e-01
1.392000000000000126e+00 8.725091159571655153e-01
1.407999999999999918e+00 7.981420834109601570e-01
1.423999999999999932e+00 7.408919389576797965e-01
1.439999999999999947e+00 6.836186971282609548e-01
1.455999999999999961e+00 6.069550450217504611e-01
1.471999999999999975e+00 5.107646496729880692e-01
1.487999999999999989e+00 4.224291609086328059e-01
1.504000000000000004e+00 3.794915424742713039e-01
1.520000000000000018e+00 3.975964302527334460e-01
1.536000000000000032e+00 4.518004171418562032e-01
1.552000000000000046e+00 4.945825225736424913e-01
1.568000000000000060e+00 4.949077653679063715e-01
1.584000000000000075e+00 4.560213782690587525e-01
1.600000000000000089e+00 3.994237204301778754e-01
1.616000000000000103e+00 3.413610632666220224e-01
1.632000000000000117e+00 2.841622706161577305e-01
1.648000000000000131e+00 2.225485284745050141e-01
1.664000000000000146e+00 1.579116020385969987e-01
1.679999999999999938e+00 1.072329553872963803e-01
1.695999999999999952e+00 9.082219211700341688e-02
1.711999999999999966e+00 1.086895587974788385e-01
1.727999999999999980e+00 1.335899572509192668e-01
1.743999999999999995e+00 1.296416733116891040e-01
1.760000000000000009e+00 8.178159755891806215e-02
1.776000000000000023e+00 9.531901758993302845e-03
1.792000000000000037e+00 -5.076381422932338405e-02
1.808000000000000052e+00 -7.522196365209243840e-02
1.824000000000000066e+00 -6.515900639013386120e-02
1.840000000000000080e+00 -4.213770647356325505e-02
1.856000000000000094e+00 -3.392496757695422083e-02
1.872000000000000108e+00 -5.821828355189105630e-02
1.888000000000000123e+00 -1.148227037693982794e-01
1.904000000000000137e+00 -1.888715134739552548e-01
1.919999999999999929e+00 -2.603551033348502908e-01
1.935999999999999943e+00 -3.156598222831816236e-01
1.951999999999999957e+00 -3.506406853745925867e-01
1.967999999999999972e+00 -3.644416846010303246e-01
1.983999999999999986e+00 -3.583147348078181693e-01
2.000000000000000000e+00 -3.358468758566813817e-01
2.016000000000000014e+00 -2.955955889149934901e-01
2.032000000000000028e+00 -2.308728626217029511e-01
2.048000000000000043e+00 -1.416200563408694935e-01
2.064000000000000057e+00 -3.995163607963808650e-02
2.080000000000000071e+00 5.733354497671215577e-02
2.096000000000000085e+00 1.387381722786052152e-01
2.112000000000000099e+00 2.005314848603114430e-01
2.128000000000000114e+00 2.428522190346417697e-01
2.144000000000000128e+00 2.680015834793920693e-01
2.160000000000000142e+00 2.815101287440959776e-01
2.176000000000000156e+00 2.920257687827357840e-01
2.192000000000000171e+00 3.088334402063462325e-01
2.208000000000000185e+00 3.356452704129194164e-01
2.224000000000000199e+00 3.688114963484653841e-01
2.240000000000000213e+00 4.071695098514577782e-01
2.256000000000000227e+00 4.576968391593857488e-01
2.272000000000000242e+00 5.253502761603898730e-01
2.288000000000000256e+00 6.001768762799498669e-01
2.304000000000000270e+00 6.536388400865706938e-01
2.319999999999999840e+00 6.487081707309921841e-01
2.335999999999999854e+00 5.616652331435407763e-01
2.351999999999999869e+00 3.976832819966880650e-01
2.367999999999999883e+00 1.880008670479089983e-01
2.383999999999999897e+00 -2.577524472146132048e-02
2.399999999999999911e+00 -2.091714101916871127e-01
2.415999999999999925e+00 -3.393780747922647834e-01
2.431999999999999940e+00 -3.977278123981384250e-01
2.447999999999999954e+00 -3.725562073054674017e-01
2.463999999999999968e+00 -2.753526390124165224e-01
2.479999999999999982e+00 -1.448766444137611076e-01
2.495999999999999996e+00 -2.513833966534849071e-02
