0.000000000000000000e+00 4.917473325992261834e+01
1.600000000000000033e-02 4.809947509965405033e+01
3.200000000000000067e-02 4.522809633916020999e+01
4.800000000000000100e-02 4.114093649776884121e+01
6.400000000000000133e-02 3.647422485780366941e+01
8.000000000000000167e-02 3.178416216422769480e+01
9.600000000000000200e-02 2.736940772288530255e+01
1.120000000000000023e-01 2.339349943373442997e+01
1.280000000000000027e-01 1.992225763060575616e+01
1.440000000000000169e-01 1.692092639595704640e+01
1.600000000000000033e-01 1.436365786877797568e+01
1.759999999999999898e-01 1.218488902616426905e+01
1.920000000000000040e-01 1.032474689117738720e+01
2.080000000000000182e-01 8.763951673917663499e+00
2.240000000000000047e-01 7.456581675547290011e+00
2.399999999999999911e-01 6.374419757756824012e+00
2.560000000000000053e-01 5.447979653570127034e+00
2.720000000000000195e-01 4.602408453757007578e+00
2.880000000000000338e-01 3.842446017731662167e+00
3.039999999999999925e-01 3.144556650272917864e+00
3.200000000000000067e-01 2.507799817986094304e+00
3.360000000000000209e-01 1.928105310104699655e+00
3.519999999999999796e-01 1.331359628431240782e+00
3.679999999999999938e-01 7.283598625955247652e-01
3.840000000000000080e-01 1.465544406780686926e-01
4.000000000000000222e-01 -4.146289105516346996e-01
4.160000000000000364e-01 -8.908037643582334963e-01
4.319999999999999951e-01 -1.290466930375774535e+00
4.480000000000000093e-01 -1.632715703872861246e+00
4.640000000000000235e-01 -1.858032144867275637e+00
4.799999999999999822e-01 -1.996214747451452443e+00
4.959999999999999964e-01 -2.065147358543778733e+00
5.120000000000000107e-01 -2.066628446936409347e+00
5.280000000000000249e-01 -2.103732348250442641e+00
5.440000000000000391e-01 -2.195761768071273767e+00
5.600000000000000533e-01 -2.317912744632778299e+00
5.760000000000000675e-01 -2.470526847457050756e+00
5.919999999999999707e-01 -2.578677518686583792e+00
6.079999999999999849e-01 -2.634979903423466663e+00
6.239999999999999991e-01 -2.662240318078373136e+00
6.400000000000000133e-01 -2.629487807454855108e+00
6.560000000000000275e-01 -2.582273108958446972e+00
6.720000000000000417e-01 -2.538991874383251357e+00
6.880000000000000560e-01 -2.496418314207332401e+00
7.039999999999999591e-01 -2.498977928836833673e+00
7.199999999999999734e-01 -2.520751114554968808e+00
7.359999999999999876e-01 -2.556176635085200655e+00
7.520000000000000018e-01 -2.601251608166878615e+00
7.680000000000000160e-01 -2.616239154315130211e+00
7.840000000000000302e-01 -2.636096932831831996e+00
8.000000000000000444e-01 -2.650984937349635029e+00
8.160000000000000586e-01 -2.635388290769767661e+00
8.320000000000000728e-01 -2.588916336460860723e+00
8.479999999999999760e-01 -2.443494627316027845e+00
8.639999999999999902e-01 -2.235958481715360602e+00
8.800000000000000044e-01 -2.048261825637529121e+00
8.960000000000000187e-01 -1.882940464850158868e+00
9.120000000000000329e-01 -1.761281903538197469e+00
9.280000000000000471e-01 -1.627197456317003743e+00
9.440000000000000613e-01 -1.437049514075907863e+00
9.599999999999999645e-01 -1.255197956236428380e+00
9.759999999999999787e-01 -1.079802260639359801e+00
9.919999999999999929e-01 -9.107251530411291096e-01
1.008000000000000007e+00 -7.586385369148509472e-01
1.024000000000000021e+00 -5.899877401182644920e-01
1.040000000000000036e+00 -4.381405649476783903e-01
1.056000000000000050e+00 -3.169671484508024828e-01
1.072000000000000064e+00 -1.843365600276587191e-01
1.088000000000000078e+00 -2.590912355358476055e-02
1.104000000000000092e+00 1.696632275340207718e-01
1.120000000000000107e+00 3.852678611295604627e-01
1.136000000000000121e+00 6.011712344861289692e-01
1.152000000000000135e+00 8.069719986243175658e-01
1.167999999999999927e+00 9.699287374547725937e-01
1.183999999999999941e+00 1.085790378349168694e+00
1.199999999999999956e+00 1.144587697161122852e+00
1.215999999999999970e+00 1.143842812083130767e+00
1.231999999999999984e+00 1.123576488839545862e+00
1.247999999999999998e+00 1.077044509267971906e+00
1.264000000000000012e+00 1.021337648201200210e+00
1.280000000000000027e+00 1.012814537819660021e+00
1.296000000000000041e+00 1.050902200974770384e+00
1.312000000000000055e+00 1.154664829058894338e+00
1.328000000000000069e+00 1.281913539768886112e+00
1.344000000000000083e+00 1.324490217595745367e+00
1.360000000000000098e+00 1.310453183166806701e+00
1.376000000000000112e+00 1.295342315599442351e+00
1.392000000000000126e+00 1.329164118717709453e+00
1.407999999999999918e+00 1.489706607318109777e+00
1.423999999999999932e+00 1.696156069046102166e+00
1.439999999999999947e+00 1.846862831986868070e+00
1.455999999999999961e+00 1.930503002441016802e+00
1.471999999999999975e+00 1.906422020516187033e+00
1.487999999999999989e+00 1.826583546240322820e+00
1.504000000000000004e+00 1.752181626518762636e+00
1.520000000000000018e+00 1.657406451796006541e+00
1.536000000000000032e+00 1.571267733837845348e+00
1.552000000000000046e+00 1.469950754925383629e+00
1.568000000000000060e+00 1.325424457185897964e+00
1.584000000000000075e+00 1.182597514909506042e+00
1.600000000000000089e+00 1.033655277507326886e+00
1.616000000000000103e+00 9.054582870828051799e-01
1.632000000000000117e+00 8.203565049944469001e-01
1.648000000000000131e+00 7.526096099924406424e-01
1.664000000000000146e+00 7.298052495622817659e-01
1.679999999999999938e+00 7.251053444713529972e-01
1.695999999999999952e+00 7.188298388228021585e-01
1.711999999999999966e+00 7.316593836677822704e-01
1.727999999999999980e+00 7.098391362102275393e-01
1.743999999999999995e+00 6.726507021723878710e-01
1.760000000000000009e+00 6.385119019417516695e-01
1.776000000000000023e+00 5.605011177577899906e-01
1.792000000000000037e+00 4.726694228155682853e-01
1.808000000000000052e+00 3.540512316391683512e-01
1.824000000000000066e+00 1.881174342276665246e-01
1.840000000000000080e+00 3.695360918059848593e-02
1.856000000000000094e+00 -1.143771147772393582e-01
1.872000000000000108e+00 -2.408757333359305419e-01
1.888000000000000123e+00 -2.948512343962307325e-01
1.904000000000000137e+00 -3.124554437657714456e-01
1.919999999999999929e+00 -2.663366021677147089e-01
1.935999999999999943e+00 -1.458314002564971013e-01
1.951999999999999957e+00 -1.007815805840491311e-02
1.967999999999999972e+00 1.286545548491627444e-01
1.983999999999999986e+00 2.298699985478865060e-01
2.000000000000000000e+00 2.535853557531032032e-01
2.016000000000000014e+00 2.175676044740109394e-01
2.032000000000000028e+00 1.298733745105276616e-01
2.048000000000000043e+00 1.348037771391070484e-02
2.064000000000000057e+00 -9.754369161675686961e-02
2.080000000000000071e+00 -1.768939261323838052e-01
2.096000000000000085e+00 -2.024376947943293814e-01
2.112000000000000099e+00 -1.869993331961655458e-01
2.128000000000000114e+00 -1.595070138883577793e-01
2.144000000000000128e+00 -1.489199279280813693e-01
2.160000000000000142e+00 -1.666947722564722234e-01
2.176000000000000156e+00 -1.807968731543970475e-01
2.192000000000000171e+00 -1.944481936122928190e-01
2.208000000000000185e+00 -2.149316617122397077e-01
2.224000000000000199e+00 -2.204825531544882256e-01
2.240000000000000213e+00 -2.371297435139616827e-01
2.256000000000000227e+00 -2.356828257518658598e-01
2.272000000000000242e+00 -1.814783585965365487e-01
2.288000000000000256e+00 -1.313817406834312251e-01
2.304000000000000270e+00 -8.748969147610033414e-02
2.319999999999999840e+00 -6.912293576782135851e-02
2.335999999999999854e+00 -1.052651360807152769e-01
2.351999999999999869e+00 -1.127634318876791220e-01
2.367999999999999883e+00 -7.834133360736364460e-02
2.383999999999999897e+00 -2.236381449294166587e-02
2.399999999999999911e+00 5.732533151856115256e-02
2.415999999999999925e+00 7.306935837112181475e-02
2.431999999999999940e+00 2.313754985756986612e-02
2.447999999999999954e+00 -4.159792621705025312e-02
2.463999999999999968e+00 -1.099171562381028727e-01
2.479999999999999982e+00 -1.068011951871538912e-01
2.495999999999999996e+00 -2.674733816060066716e-02
