0.000000000000000000e+00 4.858372172770040009e+01
1.600000000000000033e-02 4.755892381326697915e+01
3.200000000000000067e-02 4.473329842827025971e+01
4.800000000000000100e-02 4.069653502749356022e+01
6.400000000000000133e-02 3.609833179290920668e+01
8.000000000000000167e-02 3.144241181946254216e+01
9.600000000000000200e-02 2.703024483339765993e+01
1.120000000000000023e-01 2.300387933040868660e+01
1.280000000000000027e-01 1.942111928209757110e+01
1.440000000000000169e-01 1.630240803059846399e+01
1.600000000000000033e-01 1.363868573548666951e+01
1.759999999999999898e-01 1.139644558112738260e+01
1.920000000000000040e-01 9.532964624818669463e+00
2.080000000000000182e-01 8.006578476907026953e+00
2.240000000000000047e-01 6.779313573025857131e+00
2.399999999999999911e-01 5.813744414441597286e+00
2.560000000000000053e-01 5.060068945688740882e+00
2.720000000000000195e-01 4.445801774129760631e+00
2.880000000000000338e-01 3.889693387376835787e+00
3.039999999999999925e-01 3.332856290494914830e+00
3.200000000000000067e-01 2.755041655184708116e+00
3.360000000000000209e-01 2.161161594745774295e+00
3.519999999999999796e-01 1.555225742932055288e+00
3.679999999999999938e-01 9.298594939706277263e-01
3.840000000000000080e-01 2.827848133793856578e-01
4.000000000000000222e-01 -3.616513766074342384e-01
4.160000000000000364e-01 -9.584870250134727154e-01
4.319999999999999951e-01 -1.473690075043964320e+00
4.480000000000000093e-01 -1.906506927122921802e+00
4.640000000000000235e-01 -2.279897207968731632e+00
4.799999999999999822e-01 -2.610318259030515176e+00
4.959999999999999964e-01 -2.888507317192659407e+00
5.120000000000000107e-01 -3.093070306080257570e+00
5.280000000000000249e-01 -3.221736102600205598e+00
5.440000000000000391e-01 -3.300478075618874740e+00
5.600000000000000533e-01 -3.356282304204087907e+00
5.760000000000000675e-01 -3.387453490794148703e+00
5.919999999999999707e-01 -3.370457416496190906e+00
6.079999999999999849e-01 -3.296604499348332329e+00
6.239999999999999991e-01 -3.196484549831975830e+00
6.400000000000000133e-01 -3.124219741268214001e+00
6.560000000000000275e-01 -3.115806162690934578e+00
6.720000000000000417e-01 -3.162368700659798026e+00
6.880000000000000560e-01 -3.221409777736305990e+00
7.039999999999999591e-01 -3.248679984309055691e+00
7.199999999999999734e-01 -3.220401823247277751e+00
7.359999999999999876e-01 -3.134527619858685110e+00
7.520000000000000018e-01 -3.001171558053323807e+00
7.680000000000000160e-01 -2.839506389624187221e+00
7.840000000000000302e-01 -2.681056735698741367e+00
8.000000000000000444e-01 -2.559501617604315715e+00
8.160000000000000586e-01 -2.484871023792673661e+00
8.320000000000000728e-01 -2.430086169074593627e+00
8.479999999999999760e-01 -2.349844082363037767e+00
8.639999999999999902e-01 -2.218835205592681881e+00
8.800000000000000044e-01 -2.055511879726030333e+00
8.960000000000000187e-01 -1.907365399541709916e+00
9.120000000000000329e-01 -1.811176384443986098e+00
9.280000000000000471e-01 -1.766490889952827326e+00
9.440000000000000613e-01 -1.741418129473576437e+00
9.599999999999999645e-01 -1.697682100611679568e+00
9.759999999999999787e-01 -1.614155385554663535e+00
9.919999999999999929e-01 -1.497069530461879294e+00
1.008000000000000007e+00 -1.371595518431492966e+00
1.024000000000000021e+00 -1.258139938173269190e+00
1.040000000000000036e+00 -1.153198537553809633e+00
1.056000000000000050e+00 -1.034966507702535399e+00
1.072000000000000064e+00 -8.862850856610647865e-01
1.088000000000000078e+00 -7.098675855794340794e-01
1.104000000000000092e+00 -5.248185190299654579e-01
1.120000000000000107e+00 -3.522430888964420137e-01
1.136000000000000121e+00 -2.041878965109481248e-01
1.152000000000000135e+00 -8.521891201936515614e-02
1.167999999999999927e+00 -5.787278315366112865e-04
1.183999999999999941e+00 4.462207778252783030e-02
1.199999999999999956e+00 5.892506555650781769e-02
1.215999999999999970e+00 7.210968013245266928e-02
1.231999999999999984e+00 1.176334391210978325e-01
1.247999999999999998e+00 2.055054038477281686e-01
1.264000000000000012e+00 3.198213731690799921e-01
1.280000000000000027e+00 4.407911535299854355e-01
1.296000000000000041e+00 5.612294909420867395e-01
1.312000000000000055e+00 6.810682049550725869e-01
1.328000000000000069e+00 7.885958962454037158e-01
1.344000000000000083e+00 8.545359302989836703e-01
1.360000000000000098e+00 8.538622717710513399e-01
1.376000000000000112e+00 7.899169120560505242e-01
1.392000000000000126e+00 6.924547051810276965e-01
1.407999999999999918e+00 5.981450034847729524e-01
1.423999999999999932e+00 5.314233412435098725e-01
1.439999999999999947e+00 4.964556185604993566e-01
1.455999999999999961e+00 4.877484062791498931e-01
1.471999999999999975e+00 5.051815523294851396e-01
1.487999999999999989e+00 5.544816015589966174e-01
1.504000000000000004e+00 6.413258512279256252e-01
1.520000000000000018e+00 7.668566948270967298e-01
1.536000000000000032e+00 9.163144353742304071e-01
1.552000000000000046e+00 1.050398299193691987e+00
1.568000000000000060e+00 1.122064935897036930e+00
1.584000000000000075e+00 1.112264923586917753e+00
1.600000000000000089e+00 1.047887325528664038e+00
1.616000000000000103e+00 9.790100697803323371e-01
1.632000000000000117e+00 9.364408050561060515e-01
1.648000000000000131e+00 9.093977038874258012e-01
1.664000000000000146e+00 8.596207716802255483e-01
1.679999999999999938e+00 7.578107656291138694e-01
1.695999999999999952e+00 6.104883780658278969e-01
1.711999999999999966e+00 4.520009164586494266e-01
1.727999999999999980e+00 3.149490371520877741e-01
1.743999999999999995e+00 2.131198203870758312e-01
1.760000000000000009e+00 1.453165786512251867e-01
1.776000000000000023e+00 1.048890758128448869e-01
1.792000000000000037e+00 8.223803685371641747e-02
1.808000000000000052e+00 6.044949692390257784e-02
1.824000000000000066e+00 1.784682858642754055e-02
1.840000000000000080e+00 -5.613909809822725111e-02
1.856000000000000094e+00 -1.488853575891739833e-01
1.872000000000000108e+00 -2.334001969511675378e-01
1.888000000000000123e+00 -2.924258343605873334e-01
1.904000000000000137e+00 -3.342378464553873996e-01
1.919999999999999929e+00 -3.810760170402025526e-01
1.935999999999999943e+00 -4.436630590652966832e-01
1.951999999999999957e+00 -5.139027602990789978e-01
1.967999999999999972e+00 -5.779046961816382000e-01
1.983999999999999986e+00 -6.262844347888614216e-01
2.000000000000000000e+00 -6.576526432473547290e-01
2.016000000000000014e+00 -6.834834635649749135e-01
2.032000000000000028e+00 -7.246767433169706285e-01
2.048000000000000043e+00 -7.908986110740567899e-01
2.064000000000000057e+00 -8.627344583004993295e-01
2.080000000000000071e+00 -9.019203461478059181e-01
2.096000000000000085e+00 -8.833075082870136541e-01
2.112000000000000099e+00 -8.191549850893862228e-01
2.128000000000000114e+00 -7.542475708559756020e-01
2.144000000000000128e+00 -7.312024259508793644e-01
2.160000000000000142e+00 -7.491355772122928469e-01
2.176000000000000156e+00 -7.550845568321143952e-01
2.192000000000000171e+00 -6.879797624777139742e-01
2.208000000000000185e+00 -5.414417150413028956e-01
2.224000000000000199e+00 -3.801829927783060836e-01
2.240000000000000213e+00 -2.866239931879450142e-01
2.256000000000000227e+00 -2.941987288688353575e-01
2.272000000000000242e+00 -3.770445487007166863e-01
2.288000000000000256e+00 -4.916660922624675467e-01
2.304000000000000270e+00 -6.128594619994429671e-01
2.319999999999999840e+00 -7.347729701822662829e-01
2.335999999999999854e+00 -8.552445819029439456e-01
2.351999999999999869e+00 -9.658308388189652538e-01
2.367999999999999883e+00 -1.047054846866787292e+00
2.383999999999999897e+00 -1.065910590173016592e+00
2.399999999999999911e+00 -9.894864071357416524e-01
2.415999999999999925e+00 -8.148255115359032130e-01
2.431999999999999940e+00 -5.825463614257226919e-01
2.447999999999999954e+00 -3.547424158693660012e-01
2.463999999999999968e+00 -1.791425711280422439e-01
2.479999999999999982e+00 -6.931267396421758598e-02
2.495999999999999996e+00 -9.861682631384871556e-03
