0.000000000000000000e+00 4.055846550796426442e+01
1.600000000000000033e-02 3.965757771661691322e+01
3.200000000000000067e-02 3.720750550179634786e+01
4.800000000000000100e-02 3.369617603163383279e+01
6.400000000000000133e-02 2.969272176499933025e+01
8.000000000000000167e-02 2.566508343280284521e+01
9.600000000000000200e-02 2.190820014624826584e+01
1.120000000000000023e-01 1.856553561450947143e+01
1.280000000000000027e-01 1.567970277877059360e+01
1.440000000000000169e-01 1.323121300057908556e+01
1.600000000000000033e-01 1.116499296456756340e+01
1.759999999999999898e-01 9.416832114749835725e+00
1.920000000000000040e-01 7.937155852637937770e+00
2.080000000000000182e-01 6.697616341133561413e+00
2.240000000000000047e-01 5.676854109559088535e+00
2.399999999999999911e-01 4.842219247907346258e+00
2.560000000000000053e-01 4.146802790279933149e+00
2.720000000000000195e-01 3.542182366470550736e+00
2.880000000000000338e-01 2.991205773818669922e+00
3.039999999999999925e-01 2.469572773258243092e+00
3.200000000000000067e-01 1.960076825461582795e+00
3.360000000000000209e-01 1.450016977616173985e+00
3.519999999999999796e-01 9.354339915983140852e-01
3.679999999999999938e-01 4.252078146474078668e-01
3.840000000000000080e-01 -6.362526760107355128e-02
4.000000000000000222e-01 -5.172862474897584883e-01
4.160000000000000364e-01 -9.308499476627010161e-01
4.319999999999999951e-01 -1.301270520313717594e+00
4.480000000000000093e-01 -1.618274866852749350e+00
4.640000000000000235e-01 -1.868176076693678356e+00
4.799999999999999822e-01 -2.048851574317122726e+00
4.959999999999999964e-01 -2.177576629484904824e+00
5.120000000000000107e-01 -2.279646468262634063e+00
5.280000000000000249e-01 -2.367810278883295094e+00
5.440000000000000391e-01 -2.434229461585160958e+00
5.600000000000000533e-01 -2.464003734408404256e+00
5.760000000000000675e-01 -2.455543252018702827e+00
5.919999999999999707e-01 -2.425194026607904174e+00
6.079999999999999849e-01 -2.392300594223303989e+00
6.239999999999999991e-01 -2.364396325019642031e+00
6.400000000000000133e-01 -2.340164744179071388e+00
6.560000000000000275e-01 -2.322854017525803449e+00
6.720000000000000417e-01 -2.323097199037237104e+00
6.880000000000000560e-01 -2.345660209053291201e+00
7.039999999999999591e-01 -2.376928304039271023e+00
7.199999999999999734e-01 -2.389505425446718956e+00
7.359999999999999876e-01 -2.360150608926697036e+00
7.520000000000000018e-01 -2.283730807074012770e+00
7.680000000000000160e-01 -2.172425822088953407e+00
7.840000000000000302e-01 -2.044510736919133542e+00
8.000000000000000444e-01 -1.913547034796203583e+00
8.160000000000000586e-01 -1.784312645494949168e+00
8.320000000000000728e-01 -1.655948359443390361e+00
8.479999999999999760e-01 -1.530339384698272465e+00
8.639999999999999902e-01 -1.420171588197142398e+00
8.800000000000000044e-01 -1.347017074490048705e+00
8.960000000000000187e-01 -1.325600925182461642e+00
9.120000000000000329e-01 -1.346529596467888057e+00
9.280000000000000471e-01 -1.376742162851795070e+00
9.440000000000000613e-01 -1.381175096690978377e+00
9.599999999999999645e-01 -1.346907479104925365e+00
9.759999999999999787e-01 -1.288524764172791937e+00
9.919999999999999929e-01 -1.231706386606901793e+00
1.008000000000000007e+00 -1.189878775461598037e+00
1.024000000000000021e+00 -1.151845734852537939e+00
1.040000000000000036e+00 -1.088938114830640513e+00
1.056000000000000050e+00 -9.760862406853053619e-01
1.072000000000000064e+00 -8.106017033202075339e-01
1.088000000000000078e+00 -6.142666042535939175e-01
1.104000000000000092e+00 -4.185947458140552024e-01
1.120000000000000107e+00 -2.464683086966327208e-01
1.136000000000000121e+00 -1.035334834958348271e-01
1.152000000000000135e+00 1.776550989542034775e-02
1.167999999999999927e+00 1.285638288261976847e-01
1.183999999999999941e+00 2.369903287390905944e-01
1.199999999999999956e+00 3.468324772222382002e-01
1.215999999999999970e+00 4.572932373547047291e-01
1.231999999999999984e+00 5.616709521137770444e-01
1.247999999999999998e+00 6.493522274033909358e-01
1.264000000000000012e+00 7.139495163173049663e-01
1.280000000000000027e+00 7.603681506007972102e-01
1.296000000000000041e+00 8.010650763585737133e-01
1.312000000000000055e+00 8.439234252192722163e-01
1.328000000000000069e+00 8.855840039463719338e-01
1.344000000000000083e+00 9.185964243559238129e-01
1.360000000000000098e+00 9.443505635944411392e-01
1.376000000000000112e+00 9.759289393663166390e-01
1.392000000000000126e+00 1.025267892057716512e+00
1.407999999999999918e+00 1.087046078896852563e+00
1.423999999999999932e+00 1.137621054363490591e+00
1.439999999999999947e+00 1.152531837980006912e+00
1.455999999999999961e+00 1.125784977377644935e+00
1.471999999999999975e+00 1.071988447351715390e+00
1.487999999999999989e+00 1.011094841632610430e+00
1.504000000000000004e+00 9.529717324537471113e-01
1.520000000000000018e+00 8.962616606450637402e-01
1.536000000000000032e+00 8.385962831792609373e-01
1.552000000000000046e+00 7.837853091823296925e-01
1.568000000000000060e+00 7.379497568308430733e-01
1.584000000000000075e+00 7.017872773236903949e-01
1.600000000000000089e+00 6.708981296490822421e-01
1.616000000000000103e+00 6.440911131183731930e-01
1.632000000000000117e+00 6.269718237538912664e-01
1.648000000000000131e+00 6.228717798856109322e-01
1.664000000000000146e+00 6.205073282712705307e-01
1.679999999999999938e+00 5.957285401090243182e-01
1.695999999999999952e+00 5.314861164155126882e-01
1.711999999999999966e+00 4.381647801783895568e-01
1.727999999999999980e+00 3.504612295484579865e-01
1.743999999999999995e+00 2.982184502995556818e-01
1.760000000000000009e+00 2.779296274944154654e-01
1.776000000000000023e+00 2.550450284752750485e-01
1.792000000000000037e+00 1.963870366083686481e-01
1.808000000000000052e+00 1.000255235798285236e-01
1.824000000000000066e+00 -6.051675794756743339e-03
1.840000000000000080e+00 -9.053499933496239604e-02
1.856000000000000094e+00 -1.403930432257306515e-01
1.872000000000000108e+00 -1.589540699216547837e-01
1.888000000000000123e+00 -1.514884239482098272e-01
1.904000000000000137e+00 -1.203223173266141366e-01
1.919999999999999929e+00 -7.423112363756814713e-02
1.935999999999999943e+00 -3.643525316918883039e-02
1.951999999999999957e+00 -3.735358305137778667e-02
1.967999999999999972e+00 -9.705619601784251649e-02
1.983999999999999986e+00 -2.133129416721875615e-01
2.000000000000000000e+00 -3.635437905978387008e-01
2.016000000000000014e+00 -5.157354677624259587e-01
2.032000000000000028e+00 -6.395964917528141891e-01
2.048000000000000043e+00 -7.142539696556746698e-01
2.064000000000000057e+00 -7.327703366194581180e-01
2.080000000000000071e+00 -7.029269884296570625e-01
2.096000000000000085e+00 -6.429992715223858957e-01
2.112000000000000099e+00 -5.742111342058618950e-01
2.128000000000000114e+00 -5.144515604899898564e-01
2.144000000000000128e+00 -4.759924078952822990e-01
2.160000000000000142e+00 -4.655617895832813713e-01
2.176000000000000156e+00 -4.838020756330432270e-01
2.192000000000000171e+00 -5.237088661097465403e-01
2.208000000000000185e+00 -5.703141419066207751e-01
2.224000000000000199e+00 -6.040829322488369124e-01
2.240000000000000213e+00 -6.085481561290865260e-01
2.256000000000000227e+00 -5.796580729792197850e-01
2.272000000000000242e+00 -5.313286491274086254e-01
2.288000000000000256e+00 -4.910877791596514053e-01
2.304000000000000270e+00 -4.845603998076119523e-01
2.319999999999999840e+00 -5.174196710044846048e-01
2.335999999999999854e+00 -5.696693702429330708e-01
2.351999999999999869e+00 -6.094439228882462256e-01
2.367999999999999883e+00 -6.158207214119959527e-01
2.383999999999999897e+00 -5.909620883767755517e-01
2.399999999999999911e+00 -5.519746165167883634e-01
2.415999999999999925e+00 -5.113439262144040542e-01
2.431999999999999940e+00 -4.639349804385384246e-01
2.447999999999999954e+00 -3.921823947595499127e-01
2.463999999999999968e+00 -2.851561829719599928e-01
2.479999999999999982e+00 -1.538493649887636705e-01
2.495999999999999996e+00 -2.733183206721470637e-02
