0.000000000000000000e+00 3.969906390635706828e+01
1.600000000000000033e-02 3.890277255458354233e+01
3.200000000000000067e-02 3.673203155043710666e+01
4.800000000000000100e-02 3.358608819542747170e+01
6.400000000000000133e-02 2.992976797815596157e+01
8.000000000000000167e-02 2.618620357496090278e+01
9.600000000000000200e-02 2.264433913208515037e+01
1.120000000000000023e-01 1.945079607963746682e+01
1.280000000000000027e-01 1.665556749488323263e+01
1.440000000000000169e-01 1.423007567307573851e+01
1.600000000000000033e-01 1.211831097857183615e+01
1.759999999999999898e-01 1.029207419012864122e+01
1.920000000000000040e-01 8.732159937591275067e+00
2.080000000000000182e-01 7.400963455475952912e+00
2.240000000000000047e-01 6.257243755827970766e+00
2.399999999999999911e-01 5.273397400989400019e+00
2.560000000000000053e-01 4.426216057481851429e+00
2.720000000000000195e-01 3.686180976944677390e+00
2.880000000000000338e-01 3.030502439579931373e+00
3.039999999999999925e-01 2.445464723201418611e+00
3.200000000000000067e-01 1.916549539691932313e+00
3.360000000000000209e-01 1.435674881428097294e+00
3.519999999999999796e-01 9.935905305927311693e-01
3.679999999999999938e-01 5.727914777692710846e-01
3.840000000000000080e-01 1.728161537693010397e-01
4.000000000000000222e-01 -1.939568629873599792e-01
4.160000000000000364e-01 -5.299151157930204192e-01
4.319999999999999951e-01 -8.368861926071676782e-01
4.480000000000000093e-01 -1.096481165097664023e+00
4.640000000000000235e-01 -1.291268544887571368e+00
4.799999999999999822e-01 -1.427634551298252674e+00
4.959999999999999964e-01 -1.526537016518641376e+00
5.120000000000000107e-01 -1.610344157738087700e+00
5.280000000000000249e-01 -1.700004557798227234e+00
5.440000000000000391e-01 -1.796608347652641546e+00
5.600000000000000533e-01 -1.885174650854652301e+00
5.760000000000000675e-01 -1.964074369582863744e+00
5.919999999999999707e-01 -2.026544893313282802e+00
6.079999999999999849e-01 -2.059539248185841664e+00
6.239999999999999991e-01 -2.083478835699670739e+00
6.400000000000000133e-01 -2.112923734382070151e+00
6.560000000000000275e-01 -2.125277219967983022e+00
6.720000000000000417e-01 -2.116943083876401843e+00
6.880000000000000560e-01 -2.108349458176282276e+00
7.039999999999999591e-01 -2.121785153366846810e+00
7.199999999999999734e-01 -2.185447132653751012e+00
7.359999999999999876e-01 -2.287992796428371722e+00
7.520000000000000018e-01 -2.371434597865785143e+00
7.680000000000000160e-01 -2.394185435049120070e+00
7.840000000000000302e-01 -2.334220010545627666e+00
8.000000000000000444e-01 -2.180589409875430373e+00
8.160000000000000586e-01 -1.965425339035229202e+00
8.320000000000000728e-01 -1.747439963107109806e+00
8.479999999999999760e-01 -1.563275075671182401e+00
8.639999999999999902e-01 -1.414800685420830373e+00
8.800000000000000044e-01 -1.285414128027389191e+00
8.960000000000000187e-01 -1.158039884728858882e+00
9.120000000000000329e-01 -1.021757022494278022e+00
9.280000000000000471e-01 -8.782429198696030115e-01
9.440000000000000613e-01 -7.406678138374455100e-01
9.599999999999999645e-01 -6.214929466425974658e-01
9.759999999999999787e-01 -5.323213867066163285e-01
9.919999999999999929e-01 -4.688505592569051084e-01
1.008000000000000007e+00 -3.950785429040294394e-01
1.024000000000000021e+00 -2.861618588224879578e-01
1.040000000000000036e+00 -1.583391625167514249e-01
1.056000000000000050e+00 -3.167213743779354745e-02
1.072000000000000064e+00 8.976334921927493771e-02
1.088000000000000078e+00 2.003866312822105977e-01
1.104000000000000092e+00 2.898427894040612185e-01
1.120000000000000107e+00 3.525015730010423454e-01
1.136000000000000121e+00 3.911113021096680464e-01
1.152000000000000135e+00 4.182708833891477518e-01
1.167999999999999927e+00 4.530431741184545724e-01
1.183999999999999941e+00 4.968401759936555973e-01
1.199999999999999956e+00 5.293277725314570192e-01
1.215999999999999970e+00 5.497842903545231419e-01
1.231999999999999984e+00 5.713966474198158840e-01
1.247999999999999998e+00 5.844784900256727589e-01
1.264000000000000012e+00 5.874217019133679552e-01
1.280000000000000027e+00 5.975507535817440319e-01
1.296000000000000041e+00 6.192346777885892051e-01
1.312000000000000055e+00 6.563638766669906977e-01
1.328000000000000069e+00 6.962444683548796309e-01
1.344000000000000083e+00 6.960322576557416152e-01
1.360000000000000098e+00 6.550552412674434111e-01
1.376000000000000112e+00 6.139440568167707779e-01
1.392000000000000126e+00 5.830336690025006430e-01
1.407999999999999918e+00 5.576691657593501050e-01
1.423999999999999932e+00 5.391024984896898298e-01
1.439999999999999947e+00 5.200494117190000987e-01
1.455999999999999961e+00 5.003707310133257424e-01
1.471999999999999975e+00 4.832092717088870004e-01
1.487999999999999989e+00 4.625441835489484954e-01
1.504000000000000004e+00 4.396201258774147247e-01
1.520000000000000018e+00 4.134273076442372963e-01
1.536000000000000032e+00 3.633604333276794218e-01
1.552000000000000046e+00 2.758846079790773786e-01
1.568000000000000060e+00 1.793866726075872275e-01
1.584000000000000075e+00 1.241458183815579291e-01
1.600000000000000089e+00 1.245029235854651500e-01
1.616000000000000103e+00 1.596938941664808320e-01
1.632000000000000117e+00 2.157689058466567555e-01
1.648000000000000131e+00 2.754388332471123801e-01
1.664000000000000146e+00 3.044852334263686289e-01
1.679999999999999938e+00 2.784622787196001648e-01
1.695999999999999952e+00 1.982193670138800712e-01
1.711999999999999966e+00 9.123994894132418654e-02
1.727999999999999980e+00 -4.114745218077589355e-03
1.743999999999999995e+00 -7.381302415890914070e-02
1.760000000000000009e+00 -1.263005684772468551e-01
1.776000000000000023e+00 -1.605530575096458801e-01
1.792000000000000037e+00 -1.702273104211778354e-01
1.808000000000000052e+00 -1.703324405334906144e-01
1.824000000000000066e+00 -1.784303670751028192e-01
1.840000000000000080e+00 -1.791566163127894518e-01
1.856000000000000094e+00 -1.574385897699257519e-01
1.872000000000000108e+00 -1.330689590347847451e-01
1.888000000000000123e+00 -1.222631058008872007e-01
1.904000000000000137e+00 -1.218258291998170345e-01
1.919999999999999929e+00 -1.236401091311324363e-01
1.935999999999999943e+00 -1.120643868359396528e-01
1.951999999999999957e+00 -9.654316604211325703e-02
1.967999999999999972e+00 -1.065576691416541683e-01
1.983999999999999986e+00 -1.275847868207726499e-01
2.000000000000000000e+00 -1.336388522173090898e-01
2.016000000000000014e+00 -1.352918892735921752e-01
2.032000000000000028e+00 -1.359645820778635772e-01
2.048000000000000043e+00 -1.328204084568700705e-01
2.064000000000000057e+00 -1.396982612261900569e-01
2.080000000000000071e+00 -1.539338907054704775e-01
2.096000000000000085e+00 -1.581884903001010423e-01
2.112000000000000099e+00 -1.373892146173948670e-01
2.128000000000000114e+00 -7.693180647171332653e-02
2.144000000000000128e+00 3.738076310651119744e-03
2.160000000000000142e+00 5.001227848985119462e-02
2.176000000000000156e+00 3.498072854398023152e-02
2.192000000000000171e+00 -1.681912512761757697e-02
2.208000000000000185e+00 -7.154714666110266463e-02
2.224000000000000199e+00 -1.221603304102961834e-01
2.240000000000000213e+00 -1.658884314336521448e-01
2.256000000000000227e+00 -1.767664980155491117e-01
2.272000000000000242e+00 -1.343109088650507044e-01
2.288000000000000256e+00 -4.964343107173752739e-02
2.304000000000000270e+00 4.343437686939707193e-02
2.319999999999999840e+00 1.086400740763308059e-01
2.335999999999999854e+00 1.392452117231564312e-01
2.351999999999999869e+00 1.523437769509494721e-01
2.367999999999999883e+00 1.477466702330784698e-01
2.383999999999999897e+00 1.210742986201759352e-01
2.399999999999999911e+00 9.487437781468542608e-02
2.415999999999999925e+00 8.907824726146823524e-02
2.431999999999999940e+00 8.825735684120672442e-02
2.447999999999999954e+00 7.008472927444513167e-02
2.463999999999999968e+00 4.071027144296875816e-02
2.479999999999999982e+00 1.596264277548907484e-02
2.495999999999999996e+00 1.338824492104508795e-03
