0.000000000000000000e+00 4.091414995124755194e+01
1.600000000000000033e-02 4.004255941348213099e+01
3.200000000000000067e-02 3.770448501848243694e+01
4.800000000000000100e-02 3.436915219350590434e+01
6.400000000000000133e-02 3.056466330038421475e+01
8.000000000000000167e-02 2.673302747905930588e+01
9.600000000000000200e-02 2.314522850477851890e+01
1.120000000000000023e-01 1.989780241187506604e+01
1.280000000000000027e-01 1.700666009125077949e+01
1.440000000000000169e-01 1.446921931991629329e+01
1.600000000000000033e-01 1.226532096729695631e+01
1.759999999999999898e-01 1.039172087084579310e+01
1.920000000000000040e-01 8.862498953475355989e+00
2.080000000000000182e-01 7.657508067850806732e+00
2.240000000000000047e-01 6.732212457741661993e+00
2.399999999999999911e-01 6.022792163365319418e+00
2.560000000000000053e-01 5.431630938570215505e+00
2.720000000000000195e-01 4.878522704139565569e+00
2.880000000000000338e-01 4.315687233845000748e+00
3.039999999999999925e-01 3.707060171112808167e+00
3.200000000000000067e-01 3.055787169257351277e+00
3.360000000000000209e-01 2.389787620925534206e+00
3.519999999999999796e-01 1.732566622330105721e+00
3.679999999999999938e-01 1.121246029320438264e+00
3.840000000000000080e-01 5.803413085572427521e-01
4.000000000000000222e-01 1.013802424176678957e-01
4.160000000000000364e-01 -3.085805136376744140e-01
4.319999999999999951e-01 -6.270064750766553008e-01
4.480000000000000093e-01 -8.562389728973250902e-01
4.640000000000000235e-01 -1.012314492972633539e+00
4.799999999999999822e-01 -1.119271435265632553e+00
4.959999999999999964e-01 -1.220731856942441240e+00
5.120000000000000107e-01 -1.339978340199758255e+00
5.280000000000000249e-01 -1.453103553075073995e+00
5.440000000000000391e-01 -1.537922351851444880e+00
5.600000000000000533e-01 -1.603527223335628804e+00
5.760000000000000675e-01 -1.665051045100742311e+00
5.919999999999999707e-01 -1.744140635911723525e+00
6.079999999999999849e-01 -1.867265325225682338e+00
6.239999999999999991e-01 -2.017504411164182443e+00
6.400000000000000133e-01 -2.143668251032247341e+00
6.560000000000000275e-01 -2.218022016521046247e+00
6.720000000000000417e-01 -2.229921134735059152e+00
6.880000000000000560e-01 -2.184440971493665895e+00
7.039999999999999591e-01 -2.117840032999159128e+00
7.199999999999999734e-01 -2.052044671692291544e+00
7.359999999999999876e-01 -1.988474439076593159e+00
7.520000000000000018e-01 -1.936912828265034525e+00
7.680000000000000160e-01 -1.888709570919140601e+00
7.840000000000000302e-01 -1.827772327979930500e+00
8.000000000000000444e-01 -1.755806668779823942e+00
8.160000000000000586e-01 -1.666727521705676507e+00
8.320000000000000728e-01 -1.566340569607036270e+00
8.479999999999999760e-01 -1.479629682625448250e+00
8.639999999999999902e-01 -1.403644281558905194e+00
8.800000000000000044e-01 -1.324320218101595392e+00
8.960000000000000187e-01 -1.235611400748438227e+00
9.120000000000000329e-01 -1.116611670241821841e+00
9.280000000000000471e-01 -9.650042989149331119e-01
9.440000000000000613e-01 -8.177601457802565754e-01
9.599999999999999645e-01 -6.998454181972790789e-01
9.759999999999999787e-01 -6.121350050751914740e-01
9.919999999999999929e-01 -5.599072803591319536e-01
1.008000000000000007e+00 -5.407610665073285805e-01
1.024000000000000021e+00 -5.349830446014419705e-01
1.040000000000000036e+00 -5.321112642081424760e-01
1.056000000000000050e+00 -5.266640547047944931e-01
1.072000000000000064e+00 -4.944650259608679987e-01
1.088000000000000078e+00 -4.196374827178562805e-01
1.104000000000000092e+00 -3.109600540904713384e-01
1.120000000000000107e+00 -1.649934283587098371e-01
1.136000000000000121e+00 2.634867617508640514e-02
1.152000000000000135e+00 2.466541622903444808e-01
1.167999999999999927e+00 4.785372927940469978e-01
1.183999999999999941e+00 6.993021216133969986e-01
1.199999999999999956e+00 8.759615468519174053e-01
1.215999999999999970e+00 1.017950726191177102e+00
1.231999999999999984e+00 1.163786044464014235e+00
1.247999999999999998e+00 1.332943604332122112e+00
1.264000000000000012e+00 1.530443716021627987e+00
1.280000000000000027e+00 1.729314382010879836e+00
1.296000000000000041e+00 1.887203568476794047e+00
1.312000000000000055e+00 2.002608966531885137e+00
1.328000000000000069e+00 2.084441667129957043e+00
1.344000000000000083e+00 2.123439194620313053e+00
1.360000000000000098e+00 2.114485438537169859e+00
1.376000000000000112e+00 2.045507826674428653e+00
1.392000000000000126e+00 1.913679015577831821e+00
1.407999999999999918e+00 1.762494102569115872e+00
1.423999999999999932e+00 1.640003988740105667e+00
1.439999999999999947e+00 1.554594600870406129e+00
1.455999999999999961e+00 1.495844277271770384e+00
1.471999999999999975e+00 1.444120796563555187e+00
1.487999999999999989e+00 1.370726331048911950e+00
1.504000000000000004e+00 1.274690055953696444e+00
1.520000000000000018e+00 1.186358868677181100e+00
1.536000000000000032e+00 1.116104086107777338e+00
1.552000000000000046e+00 1.050154704585376297e+00
1.568000000000000060e+00 9.881503764170356252e-01
1.584000000000000075e+00 9.338853836513242301e-01
1.600000000000000089e+00 8.849470496185581903e-01
1.616000000000000103e+00 8.527888077945153800e-01
1.632000000000000117e+00 8.371483825005546775e-01
1.648000000000000131e+00 8.151188931859604248e-01
1.664000000000000146e+00 7.917615446850790883e-01
1.679999999999999938e+00 7.846359600315878646e-01
1.695999999999999952e+00 7.889650612191650980e-01
1.711999999999999966e+00 8.084700353165052977e-01
1.727999999999999980e+00 8.437462537890354497e-01
1.743999999999999995e+00 8.787075392948269226e-01
1.760000000000000009e+00 9.141435368957953056e-01
1.776000000000000023e+00 9.479331553136598476e-01
1.792000000000000037e+00 9.691596477409628596e-01
1.808000000000000052e+00 9.905740004118515074e-01
1.824000000000000066e+00 1.019555677809477645e+00
1.840000000000000080e+00 1.049530272472076087e+00
1.856000000000000094e+00 1.085666920555139914e+00
1.872000000000000108e+00 1.114276699737263954e+00
1.888000000000000123e+00 1.105283936904314812e+00
1.904000000000000137e+00 1.056881453140186000e+00
1.919999999999999929e+00 9.775088740820226940e-01
1.935999999999999943e+00 8.698940326240288679e-01
1.951999999999999957e+00 7.517117799466656036e-01
1.967999999999999972e+00 6.336339435517059915e-01
1.983999999999999986e+00 5.027148875925852023e-01
2.000000000000000000e+00 3.649045739352432260e-01
2.016000000000000014e+00 2.543311179430178259e-01
2.032000000000000028e+00 1.902382085952508406e-01
2.048000000000000043e+00 1.746193753640950530e-01
2.064000000000000057e+00 2.087026966395346683e-01
2.080000000000000071e+00 2.674450506158151941e-01
2.096000000000000085e+00 3.091187203936360262e-01
2.112000000000000099e+00 3.252379350622851550e-01
2.128000000000000114e+00 3.239215988005447189e-01
2.144000000000000128e+00 3.079430995233886637e-01
2.160000000000000142e+00 2.955108084340545282e-01
2.176000000000000156e+00 2.911183093999296090e-01
2.192000000000000171e+00 2.745998921073078969e-01
2.208000000000000185e+00 2.438351377661424624e-01
2.224000000000000199e+00 1.982851298313875466e-01
2.240000000000000213e+00 1.337803134696554375e-01
2.256000000000000227e+00 7.214704065410236511e-02
2.272000000000000242e+00 2.888316706101580825e-02
2.288000000000000256e+00 5.669944862105036343e-03
2.304000000000000270e+00 4.808448146299713552e-03
2.319999999999999840e+00 -1.997701443763166135e-03
2.335999999999999854e+00 -4.204452393869886201e-02
2.351999999999999869e+00 -9.750449500874801279e-02
2.367999999999999883e+00 -1.424630712107712305e-01
2.383999999999999897e+00 -1.534177727265052527e-01
2.399999999999999911e+00 -1.060929490007761211e-01
2.415999999999999925e+00 -1.792693234527733409e-02
2.431999999999999940e+00 6.148414243351843500e-02
2.447999999999999954e+00 1.056174435079109547e-01
2.463999999999999968e+00 1.097451225982584433e-01
2.479999999999999982e+00 7.299890203331993455e-02
2.495999999999999996e+00 1.443031198288394906e-02
