0.000000000000000000e+00 4.133125044369668188e+01
1.600000000000000033e-02 4.046373848292950726e+01
3.200000000000000067e-02 3.808372365486166444e+01
4.800000000000000100e-02 3.466837119933666145e+01
6.400000000000000133e-02 3.077200161001906409e+01
8.000000000000000167e-02 2.685266862241369523e+01
9.600000000000000200e-02 2.319753671765932879e+01
1.120000000000000023e-01 1.993056177428474385e+01
1.280000000000000027e-01 1.706512851545964082e+01
1.440000000000000169e-01 1.456914585860723754e+01
1.600000000000000033e-01 1.241116476167237792e+01
1.759999999999999898e-01 1.056992785370944787e+01
1.920000000000000040e-01 9.020004087820700178e+00
2.080000000000000182e-01 7.723636811885443265e+00
2.240000000000000047e-01 6.641104952048913823e+00
2.399999999999999911e-01 5.740338592839387744e+00
2.560000000000000053e-01 4.987974674144969534e+00
2.720000000000000195e-01 4.338450401734379902e+00
2.880000000000000338e-01 3.745865872993443091e+00
3.039999999999999925e-01 3.185286341551908595e+00
3.200000000000000067e-01 2.650714251752959605e+00
3.360000000000000209e-01 2.134934728638445911e+00
3.519999999999999796e-01 1.628652472105285742e+00
3.679999999999999938e-01 1.144642951767408157e+00
3.840000000000000080e-01 7.271572883453821801e-01
4.000000000000000222e-01 4.217433851820551194e-01
4.160000000000000364e-01 2.335933562912316519e-01
4.319999999999999951e-01 1.177941192957843025e-01
4.480000000000000093e-01 8.725256231947560795e-03
4.640000000000000235e-01 -1.405244689887516218e-01
4.799999999999999822e-01 -3.388660687625130175e-01
4.959999999999999964e-01 -5.649915085837446949e-01
5.120000000000000107e-01 -7.887709670102540649e-01
5.280000000000000249e-01 -9.888965269335583397e-01
5.440000000000000391e-01 -1.158141130987085710e+00
5.600000000000000533e-01 -1.298362447162685118e+00
5.760000000000000675e-01 -1.413166354095800825e+00
5.919999999999999707e-01 -1.504365199174277024e+00
6.079999999999999849e-01 -1.571721627787741271e+00
6.239999999999999991e-01 -1.612681164110972620e+00
6.400000000000000133e-01 -1.622336105839985665e+00
6.560000000000000275e-01 -1.595456775875677247e+00
6.720000000000000417e-01 -1.530346443456366501e+00
6.880000000000000560e-01 -1.434214296623711249e+00
7.039999999999999591e-01 -1.327938184151279399e+00
7.199999999999999734e-01 -1.242532484905742640e+00
7.359999999999999876e-01 -1.203482369796089690e+00
7.520000000000000018e-01 -1.213565450172838567e+00
7.680000000000000160e-01 -1.249261726471538436e+00
7.840000000000000302e-01 -1.274248582507482963e+00
8.000000000000000444e-01 -1.261285174294194178e+00
8.160000000000000586e-01 -1.208415036735438486e+00
8.320000000000000728e-01 -1.137154765133133294e+00
8.479999999999999760e-01 -1.073476265295909782e+00
8.639999999999999902e-01 -1.028184470012004192e+00
8.800000000000000044e-01 -9.930404486451718249e-01
8.960000000000000187e-01 -9.531064618820282996e-01
9.120000000000000329e-01 -9.008322908541156471e-01
9.280000000000000471e-01 -8.359112742718778355e-01
9.440000000000000613e-01 -7.521788871876281535e-01
9.599999999999999645e-01 -6.339332547505672766e-01
9.759999999999999787e-01 -4.749517665147590106e-01
9.919999999999999929e-01 -2.965856589686901024e-01
1.008000000000000007e+00 -1.335519421392526440e-01
1.024000000000000021e+00 2.045233570812176693e-04
1.040000000000000036e+00 1.215470516745368323e-01
1.056000000000000050e+00 2.522998999765738715e-01
1.072000000000000064e+00 3.936351756613279407e-01
1.088000000000000078e+00 5.299400300239377470e-01
1.104000000000000092e+00 6.486764776004911859e-01
1.120000000000000107e+00 7.508607317233910727e-01
1.136000000000000121e+00 8.498416390417625754e-01
1.152000000000000135e+00 9.661443822493475109e-01
1.167999999999999927e+00 1.115575244415500489e+00
1.183999999999999941e+00 1.291220654669791523e+00
1.199999999999999956e+00 1.458735973795148855e+00
1.215999999999999970e+00 1.579920327548907322e+00
1.231999999999999984e+00 1.644756880005267208e+00
1.247999999999999998e+00 1.674337004406028395e+00
1.264000000000000012e+00 1.690544907031403365e+00
1.280000000000000027e+00 1.692632789330107412e+00
1.296000000000000041e+00 1.669912809186580915e+00
1.312000000000000055e+00 1.626729197245276204e+00
1.328000000000000069e+00 1.581830327264774239e+00
1.344000000000000083e+00 1.548255419458483217e+00
1.360000000000000098e+00 1.526888234635616515e+00
1.376000000000000112e+00 1.517339894687525614e+00
1.392000000000000126e+00 1.521290677635572575e+00
1.407999999999999918e+00 1.531642431388727577e+00
1.423999999999999932e+00 1.526968857046988814e+00
1.439999999999999947e+00 1.481742918961711730e+00
1.455999999999999961e+00 1.381326015403333551e+00
1.471999999999999975e+00 1.231009619770464969e+00
1.487999999999999989e+00 1.058096383876699464e+00
1.504000000000000004e+00 9.036709526984381124e-01
1.520000000000000018e+00 8.007254293994789940e-01
1.536000000000000032e+00 7.523263369580412974e-01
1.552000000000000046e+00 7.331241436352902152e-01
1.568000000000000060e+00 7.159213948056278864e-01
1.584000000000000075e+00 6.957945211425337062e-01
1.600000000000000089e+00 6.866411169020407712e-01
1.616000000000000103e+00 6.976923693460133080e-01
1.632000000000000117e+00 7.202521080427063405e-01
1.648000000000000131e+00 7.386660317100364193e-01
1.664000000000000146e+00 7.460837571825604808e-01
1.679999999999999938e+00 7.430127008768189212e-01
1.695999999999999952e+00 7.268732829830584219e-01
1.711999999999999966e+00 6.928538900048510918e-01
1.727999999999999980e+00 6.432197010191619269e-01
1.743999999999999995e+00 5.878655246296372594e-01
1.760000000000000009e+00 5.349825943892867475e-01
1.776000000000000023e+00 4.846880322659439799e-01
1.792000000000000037e+00 4.314722784196727834e-01
1.808000000000000052e+00 3.713798123478034285e-01
1.824000000000000066e+00 3.073761264689803818e-01
1.840000000000000080e+00 2.473322947994618104e-01
1.856000000000000094e+00 1.953908841491392712e-01
1.872000000000000108e+00 1.461203276561841569e-01
1.888000000000000123e+00 8.942326220927544755e-02
1.904000000000000137e+00 2.279573310930416152e-02
1.919999999999999929e+00 -4.052741904952085472e-02
1.935999999999999943e+00 -7.671109603892446727e-02
1.951999999999999957e+00 -6.854182099505960746e-02
1.967999999999999972e+00 -2.211929236954983391e-02
1.983999999999999986e+00 3.174443656058554414e-02
2.000000000000000000e+00 5.469123163176731195e-02
2.016000000000000014e+00 2.400038830524932332e-02
2.032000000000000028e+00 -5.598429869337782916e-02
2.048000000000000043e+00 -1.608188151307351765e-01
2.064000000000000057e+00 -2.612639370382287551e-01
2.080000000000000071e+00 -3.329217847815684750e-01
2.096000000000000085e+00 -3.583416511552936501e-01
2.112000000000000099e+00 -3.298161831914482867e-01
2.128000000000000114e+00 -2.548897369568045579e-01
2.144000000000000128e+00 -1.559832635592385275e-01
2.160000000000000142e+00 -5.959766519362903053e-02
2.176000000000000156e+00 1.637113563302862798e-02
2.192000000000000171e+00 6.751160670136471809e-02
2.208000000000000185e+00 1.008261298482159424e-01
2.224000000000000199e+00 1.299380548719870077e-01
2.240000000000000213e+00 1.667414897496678483e-01
2.256000000000000227e+00 2.111797966279907179e-01
2.272000000000000242e+00 2.495080443731528264e-01
2.288000000000000256e+00 2.673106464716170638e-01
2.304000000000000270e+00 2.650628840173206990e-01
2.319999999999999840e+00 2.558539909556846181e-01
2.335999999999999854e+00 2.452970272269416330e-01
2.351999999999999869e+00 2.203857712987984940e-01
2.367999999999999883e+00 1.650641001475201541e-01
2.383999999999999897e+00 8.223309637756055779e-02
2.399999999999999911e+00 -6.726491606675868637e-03
2.415999999999999925e+00 -7.947443068040990766e-02
2.431999999999999940e+00 -1.229779945890975557e-01
2.447999999999999954e+00 -1.330757922537937066e-01
2.463999999999999968e+00 -1.135348389262265528e-01
2.479999999999999982e+00 -7.294053291225262303e-02
2.495999999999999996e+00 -1.657502866980747197e-02
