0.000000000000000000e+00 3.955600236408448467e+01
1.600000000000000033e-02 3.876840261088133843e+01
3.200000000000000067e-02 3.658590311680036677e+01
4.800000000000000100e-02 3.342683655859443093e+01
6.400000000000000133e-02 2.979603402900702847e+01
8.000000000000000167e-02 2.612198778561099388e+01
9.600000000000000200e-02 2.267592677186604178e+01
1.120000000000000023e-01 1.957902393387821149e+01
1.280000000000000027e-01 1.685226059016424571e+01
1.440000000000000169e-01 1.446482837714285097e+01
1.600000000000000033e-01 1.236794289040125072e+01
1.759999999999999898e-01 1.051946655606118242e+01
1.920000000000000040e-01 8.898792389465514319e+00
2.080000000000000182e-01 7.503382544939186438e+00
2.240000000000000047e-01 6.328043382794148464e+00
2.399999999999999911e-01 5.345409582313309649e+00
2.560000000000000053e-01 4.506596525232064110e+00
2.720000000000000195e-01 3.760430278509335977e+00
2.880000000000000338e-01 3.071611176771267271e+00
3.039999999999999925e-01 2.423386036880641026e+00
3.200000000000000067e-01 1.809830919450163167e+00
3.360000000000000209e-01 1.231075752186551631e+00
3.519999999999999796e-01 6.941969734071163911e-01
3.679999999999999938e-01 2.115577249102186252e-01
3.840000000000000080e-01 -2.069886288386428019e-01
4.000000000000000222e-01 -5.605469622674722485e-01
4.160000000000000364e-01 -8.555426193887165631e-01
4.319999999999999951e-01 -1.100418348179562411e+00
4.480000000000000093e-01 -1.304493966265549254e+00
4.640000000000000235e-01 -1.479078164922490668e+00
4.799999999999999822e-01 -1.632732811190663158e+00
4.959999999999999964e-01 -1.762121584261066243e+00
5.120000000000000107e-01 -1.851522355816916710e+00
5.280000000000000249e-01 -1.887562445473989214e+00
5.440000000000000391e-01 -1.876324292530803683e+00
5.600000000000000533e-01 -1.844006915034769989e+00
5.760000000000000675e-01 -1.819961937760072423e+00
5.919999999999999707e-01 -1.820218165246546116e+00
6.079999999999999849e-01 -1.846244290952495426e+00
6.239999999999999991e-01 -1.894068944957433942e+00
6.400000000000000133e-01 -1.959704893748223986e+00
6.560000000000000275e-01 -2.037464873184028580e+00
6.720000000000000417e-01 -2.119406636890485807e+00
6.880000000000000560e-01 -2.199484688960808398e+00
7.039999999999999591e-01 -2.274535789498264737e+00
7.199999999999999734e-01 -2.336656237811334247e+00
7.359999999999999876e-01 -2.366785579753497348e+00
7.520000000000000018e-01 -2.343799698396634046e+00
7.680000000000000160e-01 -2.265481235239788838e+00
7.840000000000000302e-01 -2.158400750699119630e+00
8.000000000000000444e-01 -2.061105078153796288e+00
8.160000000000000586e-01 -1.994490251901420486e+00
8.320000000000000728e-01 -1.949350869118787077e+00
8.479999999999999760e-01 -1.902418443319182195e+00
8.639999999999999902e-01 -1.840786958601805301e+00
8.800000000000000044e-01 -1.768823120396455062e+00
8.960000000000000187e-01 -1.696643696879141405e+00
9.120000000000000329e-01 -1.630975167828783601e+00
9.280000000000000471e-01 -1.580143946703149282e+00
9.440000000000000613e-01 -1.560228078635143456e+00
9.599999999999999645e-01 -1.585200309251373563e+00
9.759999999999999787e-01 -1.647431837738104532e+00
9.919999999999999929e-01 -1.713791782363252025e+00
1.008000000000000007e+00 -1.748191637262481501e+00
1.024000000000000021e+00 -1.739024433756841237e+00
1.040000000000000036e+00 -1.701051369314121597e+00
1.056000000000000050e+00 -1.649863308534482265e+00
1.072000000000000064e+00 -1.579363224311185920e+00
1.088000000000000078e+00 -1.468758731671780060e+00
1.104000000000000092e+00 -1.309925050400044810e+00
1.120000000000000107e+00 -1.122459749361016890e+00
1.136000000000000121e+00 -9.399037509891821074e-01
1.152000000000000135e+00 -7.842917039153617376e-01
1.167999999999999927e+00 -6.561439664429810081e-01
1.183999999999999941e+00 -5.452605071287788263e-01
1.199999999999999956e+00 -4.450715669547700704e-01
1.215999999999999970e+00 -3.556955474288597818e-01
1.231999999999999984e+00 -2.784796482012512620e-01
1.247999999999999998e+00 -2.123376240796119030e-01
1.264000000000000012e+00 -1.544376683390802640e-01
1.280000000000000027e+00 -1.006634765161263378e-01
1.296000000000000041e+00 -4.442275886009959540e-02
1.312000000000000055e+00 2.244991778751604522e-02
1.328000000000000069e+00 1.050512322090623868e-01
1.344000000000000083e+00 2.008366294550297526e-01
1.360000000000000098e+00 2.994292480347943708e-01
1.376000000000000112e+00 3.872003605536846749e-01
1.392000000000000126e+00 4.543621297567284056e-01
1.407999999999999918e+00 5.015298499524615261e-01
1.423999999999999932e+00 5.412940013648496196e-01
1.439999999999999947e+00 5.908100931386797150e-01
1.455999999999999961e+00 6.579494438167785564e-01
1.471999999999999975e+00 7.317146434889167939e-01
1.487999999999999989e+00 7.867033299625321163e-01
1.504000000000000004e+00 7.993177843143194350e-01
1.520000000000000018e+00 7.621145198949325072e-01
1.536000000000000032e+00 6.845986350346910942e-01
1.552000000000000046e+00 5.819840203455355354e-01
1.568000000000000060e+00 4.642405098692725107e-01
1.584000000000000075e+00 3.357253776746469409e-01
1.600000000000000089e+00 2.036725769136161490e-01
1.616000000000000103e+00 8.412717162434013574e-02
1.632000000000000117e+00 -3.525679021275377606e-03
1.648000000000000131e+00 -4.970895284500849443e-02
1.664000000000000146e+00 -6.227436809002589307e-02
1.679999999999999938e+00 -5.998149730755532316e-02
1.695999999999999952e+00 -5.786418079250673502e-02
1.711999999999999966e+00 -5.914658638055303452e-02
1.727999999999999980e+00 -6.076428685195712359e-02
1.743999999999999995e+00 -6.391375980077963759e-02
1.760000000000000009e+00 -7.546245257293861253e-02
1.776000000000000023e+00 -9.757872295297123633e-02
1.792000000000000037e+00 -1.185996172746259791e-01
1.808000000000000052e+00 -1.188494589055140299e-01
1.824000000000000066e+00 -8.817007531637818807e-02
1.840000000000000080e+00 -3.640798312652863966e-02
1.856000000000000094e+00 1.607909727367878502e-02
1.872000000000000108e+00 5.840920679040587787e-02
1.888000000000000123e+00 9.778221954131685600e-02
1.904000000000000137e+00 1.485173181128524589e-01
1.919999999999999929e+00 2.161563876774153514e-01
1.935999999999999943e+00 2.941664621094550736e-01
1.951999999999999957e+00 3.718674615727138866e-01
1.967999999999999972e+00 4.392669768929990948e-01
1.983999999999999986e+00 4.846540390166463319e-01
2.000000000000000000e+00 4.957272108988018955e-01
2.016000000000000014e+00 4.695517004323588317e-01
2.032000000000000028e+00 4.186546521944223831e-01
2.048000000000000043e+00 3.601337814311117436e-01
2.064000000000000057e+00 2.969635699543619611e-01
2.080000000000000071e+00 2.148708160148133095e-01
2.096000000000000085e+00 1.014471224018657636e-01
2.112000000000000099e+00 -3.338365019178772541e-02
2.128000000000000114e+00 -1.587119995758144719e-01
2.144000000000000128e+00 -2.435159243331718737e-01
2.160000000000000142e+00 -2.746135258728049644e-01
2.176000000000000156e+00 -2.572409026627738293e-01
2.192000000000000171e+00 -2.051000115317133388e-01
2.208000000000000185e+00 -1.335577615101580795e-01
2.224000000000000199e+00 -5.841081996586409281e-02
2.240000000000000213e+00 6.872491683630197259e-03
2.256000000000000227e+00 5.752567379021801541e-02
2.272000000000000242e+00 1.000187252709703739e-01
2.288000000000000256e+00 1.447934748079199585e-01
2.304000000000000270e+00 1.947493864219267956e-01
2.319999999999999840e+00 2.411900990365848096e-01
2.335999999999999854e+00 2.712371300685741948e-01
2.351999999999999869e+00 2.785122251574596586e-01
2.367999999999999883e+00 2.667132686539388509e-01
2.383999999999999897e+00 2.447069212243304370e-01
2.399999999999999911e+00 2.197927583882521851e-01
2.415999999999999925e+00 1.945456776537541344e-01
2.431999999999999940e+00 1.671668779375721781e-01
2.447999999999999954e+00 1.337875783804667040e-01
2.463999999999999968e+00 9.254155177182250835e-02
2.479999999999999982e+00 4.754362837489679861e-02
2.495999999999999996e+00 8.014257748661324232e-03
