0.000000000000000000e+00 4.103277711637841207e+01
1.600000000000000033e-02 4.015216947306626594e+01
3.200000000000000067e-02 3.773169965807838366e+01
4.800000000000000100e-02 3.425048060793157134e+01
6.400000000000000133e-02 3.026770115584067611e+01
8.000000000000000167e-02 2.624671363632788967e+01
9.600000000000000200e-02 2.248578292362063280e+01
1.120000000000000023e-01 1.912810206071446117e+01
1.280000000000000027e-01 1.620413462928140902e+01
1.440000000000000169e-01 1.368571384217116638e+01
1.600000000000000033e-01 1.153218050917185522e+01
1.759999999999999898e-01 9.709599714930400083e+00
1.920000000000000040e-01 8.189314889919433682e+00
2.080000000000000182e-01 6.941303245500827224e+00
2.240000000000000047e-01 5.926413577516564501e+00
2.399999999999999911e-01 5.091114162964819556e+00
2.560000000000000053e-01 4.371882546122345836e+00
2.720000000000000195e-01 3.712150217297826682e+00
2.880000000000000338e-01 3.084001674243974200e+00
3.039999999999999925e-01 2.490608825076497723e+00
3.200000000000000067e-01 1.938971634328620297e+00
3.360000000000000209e-01 1.418080900487495910e+00
3.519999999999999796e-01 9.130040254527830301e-01
3.679999999999999938e-01 4.284434733449313804e-01
3.840000000000000080e-01 -1.228943909107854671e-02
4.000000000000000222e-01 -3.864569116597768028e-01
4.160000000000000364e-01 -6.899419394690633478e-01
4.319999999999999951e-01 -9.417174179027760772e-01
4.480000000000000093e-01 -1.168054127453943769e+00
4.640000000000000235e-01 -1.379910273696928646e+00
4.799999999999999822e-01 -1.567252991381679283e+00
4.959999999999999964e-01 -1.714405425194206023e+00
5.120000000000000107e-01 -1.820387431520634758e+00
5.280000000000000249e-01 -1.904964987671315280e+00
5.440000000000000391e-01 -1.993956828338130149e+00
5.600000000000000533e-01 -2.099736925639108076e+00
5.760000000000000675e-01 -2.216354755588718195e+00
5.919999999999999707e-01 -2.328175199452445554e+00
6.079999999999999849e-01 -2.419017584908168761e+00
6.239999999999999991e-01 -2.475481649846146937e+00
6.400000000000000133e-01 -2.487473671205763015e+00
6.560000000000000275e-01 -2.451427681392438274e+00
6.720000000000000417e-01 -2.375611858431709855e+00
6.880000000000000560e-01 -2.279968007915981865e+00
7.039999999999999591e-01 -2.185981504673538023e+00
7.199999999999999734e-01 -2.103069570888081774e+00
7.359999999999999876e-01 -2.024385162321712617e+00
7.520000000000000018e-01 -1.936600080563571469e+00
7.680000000000000160e-01 -1.833737592392526095e+00
7.840000000000000302e-01 -1.722972830003048239e+00
8.000000000000000444e-01 -1.619501857893933527e+00
8.160000000000000586e-01 -1.536787474383581653e+00
8.320000000000000728e-01 -1.480748345339667482e+00
8.479999999999999760e-01 -1.447879838322435608e+00
8.639999999999999902e-01 -1.424341006858807379e+00
8.800000000000000044e-01 -1.392768537887039360e+00
8.960000000000000187e-01 -1.345412586311912184e+00
9.120000000000000329e-01 -1.284890221729223736e+00
9.280000000000000471e-01 -1.211244930630299921e+00
9.440000000000000613e-01 -1.116694087276097980e+00
9.599999999999999645e-01 -9.930971296867872056e-01
9.759999999999999787e-01 -8.380885126453766487e-01
9.919999999999999929e-01 -6.549337030265663939e-01
1.008000000000000007e+00 -4.541892195918674768e-01
1.024000000000000021e+00 -2.613808783576365147e-01
1.040000000000000036e+00 -1.159940253079101979e-01
1.056000000000000050e+00 -4.605058300696548285e-02
1.072000000000000064e+00 -4.067375406015329153e-02
1.088000000000000078e+00 -5.773351109132547621e-02
1.104000000000000092e+00 -5.647764863225846615e-02
1.120000000000000107e+00 -1.645993238401304015e-02
1.136000000000000121e+00 6.470681901257507862e-02
1.152000000000000135e+00 1.785024239993854012e-01
1.167999999999999927e+00 3.107171318725592823e-01
1.183999999999999941e+00 4.445478560063934048e-01
1.199999999999999956e+00 5.609947175360610050e-01
1.215999999999999970e+00 6.401034066154039914e-01
1.231999999999999984e+00 6.683660774380476566e-01
1.247999999999999998e+00 6.505881795341779128e-01
1.264000000000000012e+00 6.131383188956430752e-01
1.280000000000000027e+00 5.875255661440957899e-01
1.296000000000000041e+00 5.867519650312383872e-01
1.312000000000000055e+00 6.009658694491128994e-01
1.328000000000000069e+00 6.166654475808379665e-01
1.344000000000000083e+00 6.328313500847833062e-01
1.360000000000000098e+00 6.533850795549486223e-01
1.376000000000000112e+00 6.725162807108475693e-01
1.392000000000000126e+00 6.797958386081036641e-01
1.407999999999999918e+00 6.759850419132189536e-01
1.423999999999999932e+00 6.725755096602995531e-01
1.439999999999999947e+00 6.798780280014989907e-01
1.455999999999999961e+00 7.039063446188151829e-01
1.471999999999999975e+00 7.472114881296297861e-01
1.487999999999999989e+00 8.034512234287535248e-01
1.504000000000000004e+00 8.550569519988648892e-01
1.520000000000000018e+00 8.815585318535391623e-01
1.536000000000000032e+00 8.704459228402015025e-01
1.552000000000000046e+00 8.198935481083646781e-01
1.568000000000000060e+00 7.332374682398767884e-01
1.584000000000000075e+00 6.183437067612314042e-01
1.600000000000000089e+00 4.952558857873920473e-01
1.616000000000000103e+00 3.913226833957785256e-01
1.632000000000000117e+00 3.196900913666952948e-01
1.648000000000000131e+00 2.710533194708316107e-01
1.664000000000000146e+00 2.285004371319688254e-01
1.679999999999999938e+00 1.811078987582095678e-01
1.695999999999999952e+00 1.242519316320439271e-01
1.711999999999999966e+00 5.334706734665316946e-02
1.727999999999999980e+00 -4.194854326742875061e-02
1.743999999999999995e+00 -1.724972262157342950e-01
1.760000000000000009e+00 -3.322275089434195694e-01
1.776000000000000023e+00 -4.891816006988899956e-01
1.792000000000000037e+00 -6.001851948532007652e-01
1.808000000000000052e+00 -6.372549966440020919e-01
1.824000000000000066e+00 -6.022127754327890603e-01
1.840000000000000080e+00 -5.189118258350564616e-01
1.856000000000000094e+00 -4.158886390536467581e-01
1.872000000000000108e+00 -3.171584267547688518e-01
1.888000000000000123e+00 -2.390638938606714503e-01
1.904000000000000137e+00 -1.838183929798558325e-01
1.919999999999999929e+00 -1.370390383802249645e-01
1.935999999999999943e+00 -8.155793469843455878e-02
1.951999999999999957e+00 -1.965456002623634096e-02
1.967999999999999972e+00 2.115569739244690939e-02
1.983999999999999986e+00 1.059722773469303631e-02
2.000000000000000000e+00 -5.391379860024741316e-02
2.016000000000000014e+00 -1.402408005185077078e-01
2.032000000000000028e+00 -2.045609040810129620e-01
2.048000000000000043e+00 -2.212101048550136617e-01
2.064000000000000057e+00 -1.942860946345294770e-01
2.080000000000000071e+00 -1.483148357969823472e-01
2.096000000000000085e+00 -1.102633971038032706e-01
2.112000000000000099e+00 -9.371546807233718801e-02
2.128000000000000114e+00 -9.542445626314484397e-02
2.144000000000000128e+00 -1.065645854269816478e-01
2.160000000000000142e+00 -1.217722528348009342e-01
2.176000000000000156e+00 -1.347707342852364487e-01
2.192000000000000171e+00 -1.330727251552970281e-01
2.208000000000000185e+00 -1.005845774592488279e-01
2.224000000000000199e+00 -2.476763349715061652e-02
2.240000000000000213e+00 9.077190316692540506e-02
2.256000000000000227e+00 2.158307068153452191e-01
2.272000000000000242e+00 3.045656976072138034e-01
2.288000000000000256e+00 3.273009989013007659e-01
2.304000000000000270e+00 2.955824060559614774e-01
2.319999999999999840e+00 2.533564469092672855e-01
2.335999999999999854e+00 2.377744480957112994e-01
2.351999999999999869e+00 2.503383839507938857e-01
2.367999999999999883e+00 2.687905704367298809e-01
2.383999999999999897e+00 2.752203841466192569e-01
2.399999999999999911e+00 2.636714439565072676e-01
2.415999999999999925e+00 2.328632923727630977e-01
2.431999999999999940e+00 1.850123219899376947e-01
2.447999999999999954e+00 1.289034375167275870e-01
2.463999999999999968e+00 7.679101982018421424e-02
2.479999999999999982e+00 3.633524688190625795e-02
2.495999999999999996e+00 6.461048425171317042e-03
