0.000000000000000000e+00 8.537624870500065688e-01 -2.733165544461259137e-03 -9.174084479053013722e-04
8.000000000000000167e-03 8.166845817176479061e-01 -2.163862683642135427e-03 -8.780119565091768158e-04
1.600000000000000033e-02 7.269179222081444403e-01 -1.029193974901162264e-03 -7.676403496977048102e-04
2.400000000000000050e-02 5.982450756619055454e-01 1.912599614427342638e-05 -5.378594962623255192e-04
3.200000000000000067e-02 4.488739594742805483e-01 5.199159824004870485e-04 -1.611417656862062868e-04
4.000000000000000083e-02 2.985342592533467010e-01 -2.793164835165403575e-05 3.413712767311305051e-04
4.800000000000000100e-02 1.631444013830559148e-01 -1.805416459505152253e-03 8.860461369912585403e-04
5.600000000000000117e-02 5.122250384555103453e-02 -4.109651185988631369e-03 1.347972401936567812e-03
6.400000000000000133e-02 -3.530079182276628369e-02 -5.616188662122141226e-03 1.614723853794640222e-03
7.200000000000000844e-02 -9.836213961903439440e-02 -5.394305725711044490e-03 1.638910241708446160e-03
8.000000000000000167e-02 -1.409344979219560590e-01 -3.706556963516752668e-03 1.453684994467809325e-03
8.799999999999999489e-02 -1.651273436940011441e-01 -1.725217554444620667e-03 1.145175632923273916e-03
9.600000000000000200e-02 -1.727280610152058526e-01 -4.912221669611181426e-04 8.060572409809823452e-04
1.040000000000000091e-01 -1.661873269294792121e-01 -3.695360355720004849e-04 5.004123468584462543e-04
1.120000000000000023e-01 -1.476049785298540196e-01 -1.254715538244713120e-03 2.550145002505030444e-04
1.199999999999999956e-01 -1.181245187040417116e-01 -2.687162904207513435e-03 7.303637492983985696e-05
1.280000000000000027e-01 -7.940793581884492136e-02 -3.857420175640867161e-03 -4.684043802666665405e-05
1.360000000000000098e-01 -3.464502064862339664e-02 -4.102705558138718296e-03 -1.052299397257967355e-04
1.440000000000000169e-01 1.167961534885043201e-02 -3.458234919160890763e-03 -1.156755928612871284e-04
1.519999999999999962e-01 5.390910929477609609e-02 -2.504149004100441559e-03 -1.174029555197878303e-04
1.600000000000000033e-01 8.617334831376420590e-02 -1.838896953421121153e-03 -1.619125083750737315e-04
1.680000000000000104e-01 1.047244158561275035e-01 -1.735752539027693052e-03 -2.780520706658122726e-04
1.759999999999999898e-01 1.090408717564343571e-01 -2.084587351233999943e-03 -4.507680613852244229e-04
1.839999999999999969e-01 1.005543609270407590e-01 -2.710742369380006542e-03 -6.344154113117140073e-04
1.920000000000000040e-01 8.158347851368320802e-02 -3.670953290522307403e-03 -7.802994949329785301e-04
2.000000000000000111e-01 5.576588921402460958e-02 -4.937944580870878841e-03 -8.507122914895072236e-04
2.080000000000000182e-01 2.765840099716863898e-02 -6.031384278592009582e-03 -8.244891638080227830e-04
2.159999999999999976e-01 8.004326241780623276e-04 -6.323608493703008690e-03 -7.123857435431068088e-04
2.240000000000000047e-01 -2.283813978466530878e-02 -5.527341898814511385e-03 -5.699991574526588368e-04
2.320000000000000118e-01 -4.155538896521801528e-02 -3.826353510917029389e-03 -4.769809674914648762e-04
2.399999999999999911e-01 -5.375414310691049857e-02 -1.834045190690909320e-03 -4.864302785642362834e-04
2.479999999999999982e-01 -5.883806599007859739e-02 -3.319367086898672220e-04 -5.913913935889547526e-04
2.560000000000000053e-01 -5.682276188326485650e-02 3.240038474948924146e-04 -7.410092712037071082e-04
2.640000000000000124e-01 -4.772179821403465388e-02 4.404278079711502342e-04 -8.843117536093029292e-04
2.720000000000000195e-01 -3.239790276010294512e-02 3.916994109264259347e-04 -9.970433925559243730e-04
2.800000000000000266e-01 -1.343541807578577628e-02 7.374361175517301010e-05 -1.078051787472839767e-03
2.880000000000000338e-01 5.325347317492347757e-03 -7.534933202245130751e-04 -1.135960104635344754e-03
2.959999999999999853e-01 2.025431940138693043e-02 -1.850306099204539027e-03 -1.182741376016813130e-03
3.039999999999999925e-01 2.956768212900232409e-02 -2.552793935035858018e-03 -1.228889055164152696e-03
3.119999999999999996e-01 3.360604435662881834e-02 -2.444004663159568547e-03 -1.273900584725884584e-03
3.200000000000000067e-01 3.343481688020780163e-02 -1.829111011304172026e-03 -1.301744017934890196e-03
3.280000000000000138e-01 2.969159138179801663e-02 -1.375790699326370900e-03 -1.291129196952973263e-03
3.360000000000000209e-01 2.238033556698682328e-02 -1.312850675239997334e-03 -1.230733547104161585e-03
3.440000000000000280e-01 1.103265893557150122e-02 -1.265691125883711002e-03 -1.121523195490089532e-03
3.519999999999999796e-01 -4.169240729035105127e-03 -9.275231763871468350e-04 -9.671270204092430062e-04
3.599999999999999867e-01 -2.104267625143803333e-02 -5.660725804522653924e-04 -7.710878059606696752e-04
3.679999999999999938e-01 -3.617195680956684922e-02 -7.142063624554791492e-04 -5.477346759774441836e-04
3.760000000000000009e-01 -4.702885487248764651e-02 -1.551106661108781880e-03 -3.283532089707483443e-04
3.840000000000000080e-01 -5.270150911448201470e-02 -2.649236181354817574e-03 -1.463815916091508354e-04
3.920000000000000151e-01 -5.321391922187106160e-02 -3.249937778972390983e-03 -1.494342841151166696e-05
4.000000000000000222e-01 -4.895277838886879368e-02 -2.933874707571821391e-03 7.635060012395360933e-05
4.080000000000000293e-01 -4.055076666515947809e-02 -2.020169397337610341e-03 1.422601767007937912e-04
4.160000000000000364e-01 -2.891048080751651775e-02 -1.066452985100059536e-03 1.854599367647986939e-04
4.239999999999999880e-01 -1.516813143741191708e-02 -2.313241586721962145e-04 2.028890746723798941e-04
4.319999999999999951e-01 -7.317766657602656644e-04 5.778122287366363246e-04 2.067380801912994405e-04
4.400000000000000022e-01 1.271704402800528065e-02 1.393097667051045518e-03 2.356976305026209687e-04
4.480000000000000093e-01 2.396742073765385783e-02 2.259530211225524964e-03 3.420869000266031764e-04
4.560000000000000164e-01 3.302467840915186692e-02 3.146761134181663266e-03 5.621790717250408362e-04
4.640000000000000235e-01 4.016065451010206871e-02 3.742516689071619627e-03 8.906091911446659560e-04
4.720000000000000306e-01 4.457212839222691320e-02 3.748722223044990368e-03 1.276542244004239424e-03
4.799999999999999822e-01 4.506116017622312925e-02 3.309038645912815678e-03 1.644017936921438874e-03
4.879999999999999893e-01 4.157719102018803126e-02 2.792552481403508431e-03 1.923892595922704158e-03
4.959999999999999964e-01 3.560510945617590545e-02 2.269568759743633476e-03 2.079820852822351386e-03
5.040000000000000036e-01 2.957032775372909691e-02 1.526828525760331578e-03 2.116287017344938536e-03
5.120000000000000107e-01 2.526244825585578779e-02 4.097545429819638286e-04 2.067222566673873260e-03
5.200000000000000178e-01 2.205073420770001583e-02 -1.193554537328094661e-03 1.973713269143345835e-03
5.280000000000000249e-01 1.779791807349007451e-02 -3.332944247552418245e-03 1.864175966058638717e-03
5.360000000000000320e-01 1.198372944418692188e-02 -5.559909750810308054e-03 1.746861989770306456e-03
5.440000000000000391e-01 6.440238721245947554e-03 -7.037095567467892276e-03 1.615198103319381677e-03
5.520000000000000462e-01 3.071092022957886986e-03 -7.417562753422729527e-03 1.459670856875155400e-03
5.600000000000000533e-01 2.276749022536682376e-03 -7.002983950145461392e-03 1.279807247507391095e-03
5.680000000000000604e-01 3.009513102999400794e-03 -5.917741150255922955e-03 1.091528049073751169e-03
5.760000000000000675e-01 3.245111008302801765e-03 -3.821851291812135461e-03 9.250129706128239595e-04
5.839999999999999636e-01 1.349550587458834541e-03 -4.744735638992884788e-04 8.106897491497029552e-04
5.919999999999999707e-01 -2.240585257750371626e-03 3.881313577888375124e-03 7.599621533993629677e-04
5.999999999999999778e-01 -5.340905188284197219e-03 8.575214499543485844e-03 7.560501225487577899e-04
6.079999999999999849e-01 -5.949053468568584260e-03 1.270895233186701036e-02 7.668785849388760076e-04
6.159999999999999920e-01 -3.486042804953628452e-03 1.552523373905275242e-02 7.747873897951385296e-04
6.239999999999999991e-01 1.058407620666689626e-03 1.691408865799544012e-02 8.016825733586570605e-04
6.320000000000000062e-01 5.846480200491916725e-03 1.759199071501679756e-02 9.094910844763920378e-04
6.400000000000000133e-01 9.702036006044656782e-03 1.843254926120567461e-02 1.173138780377863243e-03
6.480000000000000204e-01 1.282993943688118428e-02 1.940767222386926422e-02 1.640706675556506374e-03
6.560000000000000275e-01 1.589852342884993594e-02 1.951675697918042046e-02 2.302378534298364990e-03
6.640000000000000346e-01 1.899817996841935211e-02 1.794755311754527710e-02 3.086592375320976103e-03
6.720000000000000417e-01 2.134844665418145562e-02 1.506569989379372664e-02 3.888619948245490218e-03
6.800000000000000488e-01 2.180503405476789947e-02 1.221736734565866990e-02 4.615837258039404319e-03
6.880000000000000560e-01 2.034676394072621949e-02 1.063246182360929465e-02 5.220653690771858563e-03
6.960000000000000631e-01 1.838339690560204104e-02 1.043607553863864709e-02 5.702031636488272444e-03
7.039999999999999591e-01 1.638179476465477166e-02 1.081984527575322735e-02 6.080350117527616102e-03
7.119999999999999662e-01 1.291956237692358858e-02 1.116024765254586271e-02 6.362929007115137280e-03
7.199999999999999734e-01 7.651550775874090687e-03 1.151483865766980523e-02 6.513601151805900255e-03
7.279999999999999805e-01 2.877249321397201080e-03 1.198682070614996535e-02 6.437852224696102854e-03
7.359999999999999876e-01 5.755356269987508362e-04 1.222938984175175013e-02 6.001927845843631898e-03
7.439999999999999947e-01 3.433668989619817947e-06 1.176901238626546116e-02 5.098835485744561240e-03
7.520000000000000018e-01 -7.223516876216298658e-04 1.044439276470632630e-02 3.740721135779127762e-03
7.600000000000000089e-01 -2.375053512005241389e-03 8.433096341726857917e-03 2.119097149203875291e-03
7.680000000000000160e-01 -4.462420233068538356e-03 6.063799089535998332e-03 5.752344540075265489e-04
7.760000000000000231e-01 -5.905070397926342161e-03 3.742480499885787130e-03 -5.247275632445191733e-04
7.840000000000000302e-01 -5.518368600668770857e-03 1.919106363760478186e-03 -9.485259643390044591e-04
7.920000000000000373e-01 -3.047998997474855431e-03 7.766734870667118011e-04 -6.993977993305701977e-04
