0.000000000000000000e+00 4.023059812675914060e+01
1.600000000000000033e-02 3.942890429137371910e+01
3.200000000000000067e-02 3.719937440528006789e+01
4.800000000000000100e-02 3.396118591660576413e+01
6.400000000000000133e-02 3.020686700869937269e+01
8.000000000000000167e-02 2.636950178796661959e+01
9.600000000000000200e-02 2.276602238705880055e+01
1.120000000000000023e-01 1.957099337435103337e+01
1.280000000000000027e-01 1.682031901102734750e+01
1.440000000000000169e-01 1.446810065406864076e+01
1.600000000000000033e-01 1.245556931818648216e+01
1.759999999999999898e-01 1.073091982671540734e+01
1.920000000000000040e-01 9.238100014335852705e+00
2.080000000000000182e-01 7.929525879659422571e+00
2.240000000000000047e-01 6.787448727134213655e+00
2.399999999999999911e-01 5.803778037405508350e+00
2.560000000000000053e-01 4.943603847460597223e+00
2.720000000000000195e-01 4.158713551579914736e+00
2.880000000000000338e-01 3.433696222063669978e+00
3.039999999999999925e-01 2.785872157597202747e+00
3.200000000000000067e-01 2.218091251909425576e+00
3.360000000000000209e-01 1.704073743979363176e+00
3.519999999999999796e-01 1.225974075097226557e+00
3.679999999999999938e-01 7.943649138606929672e-01
3.840000000000000080e-01 4.201960484185129907e-01
4.000000000000000222e-01 9.523316033339818132e-02
4.160000000000000364e-01 -1.873044118358102583e-01
4.319999999999999951e-01 -4.198466000832776213e-01
4.480000000000000093e-01 -6.049714370381770179e-01
4.640000000000000235e-01 -7.717727648067616020e-01
4.799999999999999822e-01 -9.523388100959228053e-01
4.959999999999999964e-01 -1.158807506056430014e+00
5.120000000000000107e-01 -1.392656783858412517e+00
5.280000000000000249e-01 -1.652345165655774384e+00
5.440000000000000391e-01 -1.917040855195637494e+00
5.600000000000000533e-01 -2.147566524359254547e+00
5.760000000000000675e-01 -2.324331574630740693e+00
5.919999999999999707e-01 -2.464917018521666225e+00
6.079999999999999849e-01 -2.584665337046032629e+00
6.239999999999999991e-01 -2.661763486012291846e+00
6.400000000000000133e-01 -2.667745911778383938e+00
6.560000000000000275e-01 -2.616330521053294778e+00
6.720000000000000417e-01 -2.553615572383591825e+00
6.880000000000000560e-01 -2.509568196869130574e+00
7.039999999999999591e-01 -2.483437775557926663e+00
7.199999999999999734e-01 -2.465495478484344805e+00
7.359999999999999876e-01 -2.444767941406212231e+00
7.520000000000000018e-01 -2.402234347954949722e+00
7.680000000000000160e-01 -2.325557182018413549e+00
7.840000000000000302e-01 -2.230020796906122538e+00
8.000000000000000444e-01 -2.142066618412692858e+00
8.160000000000000586e-01 -2.065409096655974164e+00
8.320000000000000728e-01 -1.986139397046011057e+00
8.479999999999999760e-01 -1.905075706309564687e+00
8.639999999999999902e-01 -1.836632110646295502e+00
8.800000000000000044e-01 -1.777749294090938514e+00
8.960000000000000187e-01 -1.708153026504896532e+00
9.120000000000000329e-01 -1.624260691555662772e+00
9.280000000000000471e-01 -1.544444210136640683e+00
9.440000000000000613e-01 -1.476592004339099651e+00
9.599999999999999645e-01 -1.409627888017704667e+00
9.759999999999999787e-01 -1.343657506426537251e+00
9.919999999999999929e-01 -1.297455279348811885e+00
1.008000000000000007e+00 -1.273270372514522464e+00
1.024000000000000021e+00 -1.241875470115638258e+00
1.040000000000000036e+00 -1.178304990850481904e+00
1.056000000000000050e+00 -1.089235523595923683e+00
1.072000000000000064e+00 -9.911860786841217852e-01
1.088000000000000078e+00 -8.868106487707733132e-01
1.104000000000000092e+00 -7.798928850820306957e-01
1.120000000000000107e+00 -6.888643897788649939e-01
1.136000000000000121e+00 -6.232125181026944016e-01
1.152000000000000135e+00 -5.654367757202223288e-01
1.167999999999999927e+00 -4.957250329129499478e-01
1.183999999999999941e+00 -4.141155549132223279e-01
1.199999999999999956e+00 -3.183836790909159165e-01
1.215999999999999970e+00 -1.853075532609343434e-01
1.231999999999999984e+00 -4.293041042998319359e-03
1.247999999999999998e+00 1.886429305986677407e-01
1.264000000000000012e+00 3.439661898417479269e-01
1.280000000000000027e+00 4.552616135082205862e-01
1.296000000000000041e+00 5.529634048233791344e-01
1.312000000000000055e+00 6.520528882616812849e-01
1.328000000000000069e+00 7.384304433681907476e-01
1.344000000000000083e+00 8.006856923324709996e-01
1.360000000000000098e+00 8.421438819196120917e-01
1.376000000000000112e+00 8.636390090775859507e-01
1.392000000000000126e+00 8.658990573266326374e-01
1.407999999999999918e+00 8.677389515240900852e-01
1.423999999999999932e+00 8.890007374260794348e-01
1.439999999999999947e+00 9.136005228989175775e-01
1.455999999999999961e+00 9.026584672898033679e-01
1.471999999999999975e+00 8.494144396582991030e-01
1.487999999999999989e+00 7.889529393389498324e-01
1.504000000000000004e+00 7.475251357195785706e-01
1.520000000000000018e+00 7.171580691576697753e-01
1.536000000000000032e+00 6.907566969299747672e-01
1.552000000000000046e+00 6.844035681980547015e-01
1.568000000000000060e+00 7.040634804978700423e-01
1.584000000000000075e+00 7.219564407566736453e-01
1.600000000000000089e+00 7.117222798899716096e-01
1.616000000000000103e+00 6.836176064006849185e-01
1.632000000000000117e+00 6.616114221529235673e-01
1.648000000000000131e+00 6.477012668062664957e-01
1.664000000000000146e+00 6.326625430256432869e-01
1.679999999999999938e+00 6.202637869067714194e-01
1.695999999999999952e+00 6.128258928786480819e-01
1.711999999999999966e+00 5.893553556683047701e-01
1.727999999999999980e+00 5.258217286669339963e-01
1.743999999999999995e+00 4.249569606026754598e-01
1.760000000000000009e+00 3.029749460089055102e-01
1.776000000000000023e+00 1.640309212293902530e-01
1.792000000000000037e+00 1.647922569517465408e-02
1.808000000000000052e+00 -1.019813242971939482e-01
1.824000000000000066e+00 -1.519385778617003413e-01
1.840000000000000080e+00 -1.392731478258903144e-01
1.856000000000000094e+00 -1.030547864664261848e-01
1.872000000000000108e+00 -6.246475141245511065e-02
1.888000000000000123e+00 -9.176332080408879793e-03
1.904000000000000137e+00 5.144195974635650676e-02
1.919999999999999929e+00 9.052924028416430013e-02
1.935999999999999943e+00 9.447389987851137483e-02
1.951999999999999957e+00 8.137025505827540084e-02
1.967999999999999972e+00 6.947956016172195104e-02
1.983999999999999986e+00 5.741690099034463951e-02
2.000000000000000000e+00 4.450720815342370379e-02
2.016000000000000014e+00 4.194229622951137215e-02
2.032000000000000028e+00 5.071451074837246553e-02
2.048000000000000043e+00 5.353676757940500214e-02
2.064000000000000057e+00 4.200051579828870119e-02
2.080000000000000071e+00 2.899534376971318536e-02
2.096000000000000085e+00 2.234060214911260875e-02
2.112000000000000099e+00 1.049245958553565901e-02
2.128000000000000114e+00 -1.206236779715405723e-02
2.144000000000000128e+00 -3.105633069145804365e-02
2.160000000000000142e+00 -4.119345177049768547e-02
2.176000000000000156e+00 -6.260927321820623781e-02
2.192000000000000171e+00 -1.060417581133863002e-01
2.208000000000000185e+00 -1.447458124934528911e-01
2.224000000000000199e+00 -1.491145328449965390e-01
2.240000000000000213e+00 -1.336748724385785070e-01
2.256000000000000227e+00 -1.426677429436409850e-01
2.272000000000000242e+00 -2.000507584085486623e-01
2.288000000000000256e+00 -2.971404101872295866e-01
2.304000000000000270e+00 -4.160864845773250553e-01
2.319999999999999840e+00 -5.370290157785514440e-01
2.335999999999999854e+00 -6.301854886553536206e-01
2.351999999999999869e+00 -6.699191781284020708e-01
2.367999999999999883e+00 -6.559307887754755040e-01
2.383999999999999897e+00 -6.008999404670289923e-01
2.399999999999999911e+00 -5.057812019754601707e-01
2.415999999999999925e+00 -3.722463536159621444e-01
2.431999999999999940e+00 -2.307723175168779894e-01
2.447999999999999954e+00 -1.242197255169626008e-01
2.463999999999999968e+00 -6.325579715272958148e-02
2.479999999999999982e+00 -2.610925987887345590e-02
2.495999999999999996e+00 -2.339156538869463162e-03
