0.000000000000000000e+00 4.117855393904445549e+01
1.600000000000000033e-02 4.032223356307237339e+01
3.200000000000000067e-02 3.796144605594375321e+01
4.800000000000000100e-02 3.455595773659774750e+01
6.400000000000000133e-02 3.063017968478617092e+01
8.000000000000000167e-02 2.661737227202087652e+01
9.600000000000000200e-02 2.281359131500830273e+01
1.120000000000000023e-01 1.938746763580429899e+01
1.280000000000000027e-01 1.639842816193362651e+01
1.440000000000000169e-01 1.383079440759430589e+01
1.600000000000000033e-01 1.164692798219751779e+01
1.759999999999999898e-01 9.823082966661623061e+00
1.920000000000000040e-01 8.341491622408121032e+00
2.080000000000000182e-01 7.165193597951200033e+00
2.240000000000000047e-01 6.236093213603592034e+00
2.399999999999999911e-01 5.493656112877219222e+00
2.560000000000000053e-01 4.884723186043478549e+00
2.720000000000000195e-01 4.360929639714338002e+00
2.880000000000000338e-01 3.882733800324577711e+00
3.039999999999999925e-01 3.428061701008603190e+00
3.200000000000000067e-01 2.985376616626590707e+00
3.360000000000000209e-01 2.535903868341918610e+00
3.519999999999999796e-01 2.055463756625409033e+00
3.679999999999999938e-01 1.542173135870004153e+00
3.840000000000000080e-01 1.032953493287098068e+00
4.000000000000000222e-01 5.783918127896636729e-01
4.160000000000000364e-01 2.009403141110887303e-01
4.319999999999999951e-01 -1.136768899536964722e-01
4.480000000000000093e-01 -3.878375286047998083e-01
4.640000000000000235e-01 -6.301605593784268544e-01
4.799999999999999822e-01 -8.425021652666824235e-01
4.959999999999999964e-01 -1.029213046185398106e+00
5.120000000000000107e-01 -1.188376822420878831e+00
5.280000000000000249e-01 -1.305976869755017367e+00
5.440000000000000391e-01 -1.372569913543695286e+00
5.600000000000000533e-01 -1.402375191138403254e+00
5.760000000000000675e-01 -1.427279397656245674e+00
5.919999999999999707e-01 -1.474596479074402389e+00
6.079999999999999849e-01 -1.556854705757251489e+00
6.239999999999999991e-01 -1.676618124082969841e+00
6.400000000000000133e-01 -1.826360717056960903e+00
6.560000000000000275e-01 -1.981854756190184252e+00
6.720000000000000417e-01 -2.110732930036692601e+00
6.880000000000000560e-01 -2.197390752082300391e+00
7.039999999999999591e-01 -2.252619982994088943e+00
7.199999999999999734e-01 -2.292888791537432081e+00
7.359999999999999876e-01 -2.318442548628438349e+00
7.520000000000000018e-01 -2.318582454646735069e+00
7.680000000000000160e-01 -2.289280812158906553e+00
7.840000000000000302e-01 -2.234747530363013990e+00
8.000000000000000444e-01 -2.158014663917656062e+00
8.160000000000000586e-01 -2.064788349275659574e+00
8.320000000000000728e-01 -1.976479029938669862e+00
8.479999999999999760e-01 -1.922382775358428164e+00
8.639999999999999902e-01 -1.908621255744202161e+00
8.800000000000000044e-01 -1.904744358964183260e+00
8.960000000000000187e-01 -1.872206174502935694e+00
9.120000000000000329e-01 -1.797946294710345949e+00
9.280000000000000471e-01 -1.688108263892981631e+00
9.440000000000000613e-01 -1.540011668411982004e+00
9.599999999999999645e-01 -1.343117591865740312e+00
9.759999999999999787e-01 -1.107760675705103282e+00
9.919999999999999929e-01 -8.712792684249963671e-01
1.008000000000000007e+00 -6.666973055803149251e-01
1.024000000000000021e+00 -4.995985843332746978e-01
1.040000000000000036e+00 -3.650662670329874460e-01
1.056000000000000050e+00 -2.721710860600732862e-01
1.072000000000000064e+00 -2.335811897022449513e-01
1.088000000000000078e+00 -2.374340307936184113e-01
1.104000000000000092e+00 -2.484698175912210816e-01
1.120000000000000107e+00 -2.366120425769445423e-01
1.136000000000000121e+00 -1.882849687974947894e-01
1.152000000000000135e+00 -9.204583375504216125e-02
1.167999999999999927e+00 6.153936227760754829e-02
1.183999999999999941e+00 2.546187483166373333e-01
1.199999999999999956e+00 4.362995882860319363e-01
1.215999999999999970e+00 5.616572147370937351e-01
1.231999999999999984e+00 6.313036708693852139e-01
1.247999999999999998e+00 6.813951331871921369e-01
1.264000000000000012e+00 7.424977445943330423e-01
1.280000000000000027e+00 8.218182402631224459e-01
1.296000000000000041e+00 9.168701023508416537e-01
1.312000000000000055e+00 1.021435643528164405e+00
1.328000000000000069e+00 1.112158283757649135e+00
1.344000000000000083e+00 1.152604433977413523e+00
1.360000000000000098e+00 1.130442106762217458e+00
1.376000000000000112e+00 1.081803289719353245e+00
1.392000000000000126e+00 1.061322727203272809e+00
1.407999999999999918e+00 1.090192672724681788e+00
1.423999999999999932e+00 1.145031337641204683e+00
1.439999999999999947e+00 1.191269681536357039e+00
1.455999999999999961e+00 1.209896104584694765e+00
1.471999999999999975e+00 1.193926387637799680e+00
1.487999999999999989e+00 1.143108598427887257e+00
1.504000000000000004e+00 1.074836971981700806e+00
1.520000000000000018e+00 1.023810537299028045e+00
1.536000000000000032e+00 1.011029429674138003e+00
1.552000000000000046e+00 1.017958685503528082e+00
1.568000000000000060e+00 1.008197016111943123e+00
1.584000000000000075e+00 9.734887613892333480e-01
1.600000000000000089e+00 9.423127456063120633e-01
1.616000000000000103e+00 9.414743772939747624e-01
1.632000000000000117e+00 9.651308396468449846e-01
1.648000000000000131e+00 9.864018112925317938e-01
1.664000000000000146e+00 9.837703152906748238e-01
1.679999999999999938e+00 9.470292760118136366e-01
1.695999999999999952e+00 8.721692162777875401e-01
1.711999999999999966e+00 7.679696901505063122e-01
1.727999999999999980e+00 6.630496078406611371e-01
1.743999999999999995e+00 5.889579974763595738e-01
1.760000000000000009e+00 5.510832820077006255e-01
1.776000000000000023e+00 5.250030159467290458e-01
1.792000000000000037e+00 4.842843684803289639e-01
1.808000000000000052e+00 4.230429736990389822e-01
1.824000000000000066e+00 3.495524785870089413e-01
1.840000000000000080e+00 2.724814472485393435e-01
1.856000000000000094e+00 2.037669981053114587e-01
1.872000000000000108e+00 1.632937174621269527e-01
1.888000000000000123e+00 1.644021230640628495e-01
1.904000000000000137e+00 1.982305678990399778e-01
1.919999999999999929e+00 2.455524925371764255e-01
1.935999999999999943e+00 3.007947804797234670e-01
1.951999999999999957e+00 3.685385924931885993e-01
1.967999999999999972e+00 4.365637301962307926e-01
1.983999999999999986e+00 4.734386912791164193e-01
2.000000000000000000e+00 4.644240689481192730e-01
2.016000000000000014e+00 4.342997237826357604e-01
2.032000000000000028e+00 4.173042126423790465e-01
2.048000000000000043e+00 4.131346233126930168e-01
2.064000000000000057e+00 3.909182808977580414e-01
2.080000000000000071e+00 3.322333244718792544e-01
2.096000000000000085e+00 2.516720893913098056e-01
2.112000000000000099e+00 1.754334692898946446e-01
2.128000000000000114e+00 1.171366370371777349e-01
2.144000000000000128e+00 7.749549869042109129e-02
2.160000000000000142e+00 5.139115847272712756e-02
2.176000000000000156e+00 2.770359527661444068e-02
2.192000000000000171e+00 -5.382563676920627121e-03
2.208000000000000185e+00 -4.382040667520873539e-02
2.224000000000000199e+00 -6.286385743148485694e-02
2.240000000000000213e+00 -3.938609009713178039e-02
2.256000000000000227e+00 2.391777887923382875e-02
2.272000000000000242e+00 1.047981205793152570e-01
2.288000000000000256e+00 1.855244043700333689e-01
2.304000000000000270e+00 2.562046115750923336e-01
2.319999999999999840e+00 2.978003960009569240e-01
2.335999999999999854e+00 2.843587671709291720e-01
2.351999999999999869e+00 2.131173488979106467e-01
2.367999999999999883e+00 1.188552326725825642e-01
2.383999999999999897e+00 4.409431736781933842e-02
2.399999999999999911e+00 1.099937884010691088e-04
2.415999999999999925e+00 -3.173053932317722314e-02
2.431999999999999940e+00 -6.508843880891589107e-02
2.447999999999999954e+00 -9.030512880989038926e-02
2.463999999999999968e+00 -9.162160512114128630e-02
2.479999999999999982e+00 -6.593936414707160520e-02
2.495999999999999996e+00 -1.629469815678831132e-02
