0.000000000000000000e+00 3.928297758436293208e+01
1.600000000000000033e-02 3.853443713796760761e+01
3.200000000000000067e-02 3.645039654054305345e+01
4.800000000000000100e-02 3.340232753483792294e+01
6.400000000000000133e-02 2.982286876797354225e+01
8.000000000000000167e-02 2.610209084035585647e+01
9.600000000000000200e-02 2.253932032135200458e+01
1.120000000000000023e-01 1.930165867860708317e+01
1.280000000000000027e-01 1.643633409830356129e+01
1.440000000000000169e-01 1.394556656570226494e+01
1.600000000000000033e-01 1.182120541100171529e+01
1.759999999999999898e-01 1.001776669456851110e+01
1.920000000000000040e-01 8.463865124687842467e+00
2.080000000000000182e-01 7.115041490117828715e+00
2.240000000000000047e-01 5.950183950768057173e+00
2.399999999999999911e-01 4.931916339507143476e+00
2.560000000000000053e-01 4.024877173170238187e+00
2.720000000000000195e-01 3.229931971814316682e+00
2.880000000000000338e-01 2.550563693860908643e+00
3.039999999999999925e-01 1.955909684916155689e+00
3.200000000000000067e-01 1.414284269213945233e+00
3.360000000000000209e-01 9.192767478637210443e-01
3.519999999999999796e-01 4.534144120694683644e-01
3.679999999999999938e-01 -2.082717154655692321e-02
3.840000000000000080e-01 -5.101951879677845136e-01
4.000000000000000222e-01 -9.814722137717879491e-01
4.160000000000000364e-01 -1.409843528771062449e+00
4.319999999999999951e-01 -1.785198304131542679e+00
4.480000000000000093e-01 -2.082469983622191823e+00
4.640000000000000235e-01 -2.285986813165855391e+00
4.799999999999999822e-01 -2.428938890831265240e+00
4.959999999999999964e-01 -2.556753278097319448e+00
5.120000000000000107e-01 -2.673894932233842336e+00
5.280000000000000249e-01 -2.766169083834471909e+00
5.440000000000000391e-01 -2.838579152255916505e+00
5.600000000000000533e-01 -2.897184320048747264e+00
5.760000000000000675e-01 -2.935376396188500880e+00
5.919999999999999707e-01 -2.960662057504575007e+00
6.079999999999999849e-01 -2.990150714998284442e+00
6.239999999999999991e-01 -3.012739531763555689e+00
6.400000000000000133e-01 -3.006853312982570525e+00
6.560000000000000275e-01 -2.990540923418132380e+00
6.720000000000000417e-01 -2.998368603624308015e+00
6.880000000000000560e-01 -3.019986288640328809e+00
7.039999999999999591e-01 -3.014126099986836227e+00
7.199999999999999734e-01 -2.965813464150148349e+00
7.359999999999999876e-01 -2.885544196715464249e+00
7.520000000000000018e-01 -2.778957817670368424e+00
7.680000000000000160e-01 -2.655261596184535833e+00
7.840000000000000302e-01 -2.533989341410767704e+00
8.000000000000000444e-01 -2.415786915344177110e+00
8.160000000000000586e-01 -2.281735890075859530e+00
8.320000000000000728e-01 -2.135870334109477575e+00
8.479999999999999760e-01 -2.007189717143438745e+00
8.639999999999999902e-01 -1.905236941078523261e+00
8.800000000000000044e-01 -1.817406075209818228e+00
8.960000000000000187e-01 -1.744228845096481795e+00
9.120000000000000329e-01 -1.690438990087532956e+00
9.280000000000000471e-01 -1.632657896356986882e+00
9.440000000000000613e-01 -1.542081474693833831e+00
9.599999999999999645e-01 -1.425519504194928011e+00
9.759999999999999787e-01 -1.305977848246509865e+00
9.919999999999999929e-01 -1.183215713950277692e+00
1.008000000000000007e+00 -1.046170267950663479e+00
1.024000000000000021e+00 -9.000266981155967683e-01
1.040000000000000036e+00 -7.555788062356814105e-01
1.056000000000000050e+00 -6.191146256901760569e-01
1.072000000000000064e+00 -5.079951627549810222e-01
1.088000000000000078e+00 -4.398180550788851062e-01
1.104000000000000092e+00 -3.913971679293214434e-01
1.120000000000000107e+00 -3.052742484140067436e-01
1.136000000000000121e+00 -1.500572536580774274e-01
1.152000000000000135e+00 5.454877049039458942e-02
1.167999999999999927e+00 2.691590990220788515e-01
1.183999999999999941e+00 4.537694187314176841e-01
1.199999999999999956e+00 5.648955817256851031e-01
1.215999999999999970e+00 5.803186845427291685e-01
1.231999999999999984e+00 5.261980746499036465e-01
1.247999999999999998e+00 4.471680974087433036e-01
1.264000000000000012e+00 3.624829007973278672e-01
1.280000000000000027e+00 2.797257946186619826e-01
1.296000000000000041e+00 2.225387743383833439e-01
1.312000000000000055e+00 2.072896054263545507e-01
1.328000000000000069e+00 2.187281681753588947e-01
1.344000000000000083e+00 2.386853121196174099e-01
1.360000000000000098e+00 2.684271225484364254e-01
1.376000000000000112e+00 3.022764498543275558e-01
1.392000000000000126e+00 3.182379299324596955e-01
1.407999999999999918e+00 3.119553009866787852e-01
1.423999999999999932e+00 3.020670524950564984e-01
1.439999999999999947e+00 2.964755031256168238e-01
1.455999999999999961e+00 2.922325545249039869e-01
1.471999999999999975e+00 3.004100630706152963e-01
1.487999999999999989e+00 3.271417400317306323e-01
1.504000000000000004e+00 3.458501993893783877e-01
1.520000000000000018e+00 3.311373237178547035e-01
1.536000000000000032e+00 2.966918606705959971e-01
1.552000000000000046e+00 2.619628935307122264e-01
1.568000000000000060e+00 2.157171386207977770e-01
1.584000000000000075e+00 1.479259913962580608e-01
1.600000000000000089e+00 7.740025121314354772e-02
1.616000000000000103e+00 1.763604477782834690e-02
1.632000000000000117e+00 -4.300264431087715000e-02
1.648000000000000131e+00 -1.096557704269336686e-01
1.664000000000000146e+00 -1.759776507228191789e-01
1.679999999999999938e+00 -2.550903035919868667e-01
1.695999999999999952e+00 -3.635818652503537418e-01
1.711999999999999966e+00 -4.793291536206019110e-01
1.727999999999999980e+00 -5.661800046399387831e-01
1.743999999999999995e+00 -6.244359301077087032e-01
1.760000000000000009e+00 -6.702513426565435140e-01
1.776000000000000023e+00 -6.957991755654351351e-01
1.792000000000000037e+00 -6.944829843601497688e-01
1.808000000000000052e+00 -6.861705470721769506e-01
1.824000000000000066e+00 -6.810818618468157393e-01
1.840000000000000080e+00 -6.660413080553907461e-01
1.856000000000000094e+00 -6.507615349713068431e-01
1.872000000000000108e+00 -6.718850955125520441e-01
1.888000000000000123e+00 -7.366496555294648196e-01
1.904000000000000137e+00 -8.182443674016289803e-01
1.919999999999999929e+00 -9.041376469943812610e-01
1.935999999999999943e+00 -9.914860322652960800e-01
1.951999999999999957e+00 -1.053633277014404568e+00
1.967999999999999972e+00 -1.071115011018487495e+00
1.983999999999999986e+00 -1.069552513427564078e+00
2.000000000000000000e+00 -1.075446545820431199e+00
2.016000000000000014e+00 -1.070498286238263930e+00
2.032000000000000028e+00 -1.030546605873448707e+00
2.048000000000000043e+00 -9.662359913846712001e-01
2.064000000000000057e+00 -8.971024831888569917e-01
2.080000000000000071e+00 -8.330444680430449944e-01
2.096000000000000085e+00 -7.929797858640865726e-01
2.112000000000000099e+00 -7.881692135940594479e-01
2.128000000000000114e+00 -7.868261043521432851e-01
2.144000000000000128e+00 -7.492129098383042418e-01
2.160000000000000142e+00 -6.885519347124051670e-01
2.176000000000000156e+00 -6.490532885590596379e-01
2.192000000000000171e+00 -6.449285539007361123e-01
2.208000000000000185e+00 -6.643437199149927475e-01
2.224000000000000199e+00 -7.017474056936600091e-01
2.240000000000000213e+00 -7.437525719781042932e-01
2.256000000000000227e+00 -7.554227594469339335e-01
2.272000000000000242e+00 -7.172248927001223517e-01
2.288000000000000256e+00 -6.487247291652967762e-01
2.304000000000000270e+00 -5.760718656569853158e-01
2.319999999999999840e+00 -5.069499492617344227e-01
2.335999999999999854e+00 -4.452787350875306305e-01
2.351999999999999869e+00 -3.933721726802590912e-01
2.367999999999999883e+00 -3.356189530633209572e-01
2.383999999999999897e+00 -2.561047793258497962e-01
2.399999999999999911e+00 -1.700878945816956256e-01
2.415999999999999925e+00 -1.038673895248041351e-01
2.431999999999999940e+00 -5.402287217563724736e-02
2.447999999999999954e+00 -2.819200130867241093e-03
2.463999999999999968e+00 4.003570209769736349e-02
2.479999999999999982e+00 4.760070412504997794e-02
2.495999999999999996e+00 1.358696876758948811e-02
