0.000000000000000000e+00 4.010685539773785990e+01
1.600000000000000033e-02 3.931124792130349022e+01
3.200000000000000067e-02 3.710573095337267802e+01
4.800000000000000100e-02 3.392024619247235506e+01
6.400000000000000133e-02 3.025230021263774915e+01
8.000000000000000167e-02 2.651510071988781547e+01
9.600000000000000200e-02 2.297928813850026231e+01
1.120000000000000023e-01 1.978117748072674686e+01
1.280000000000000027e-01 1.696329247295891562e+01
1.440000000000000169e-01 1.452233779253810120e+01
1.600000000000000033e-01 1.243466994974974504e+01
1.759999999999999898e-01 1.065592035309466823e+01
1.920000000000000040e-01 9.127733953790814425e+00
2.080000000000000182e-01 7.801095196154940403e+00
2.240000000000000047e-01 6.644785386589907361e+00
2.399999999999999911e-01 5.630264152116121856e+00
2.560000000000000053e-01 4.723826724050064207e+00
2.720000000000000195e-01 3.899182946836194485e+00
2.880000000000000338e-01 3.150582471886090197e+00
3.039999999999999925e-01 2.491549746495751450e+00
3.200000000000000067e-01 1.939827178044192690e+00
3.360000000000000209e-01 1.495581161964478101e+00
3.519999999999999796e-01 1.131163553458521376e+00
3.679999999999999938e-01 8.073950848002510172e-01
3.840000000000000080e-01 4.984938320399794898e-01
4.000000000000000222e-01 1.939466200665694029e-01
4.160000000000000364e-01 -1.181621759530005478e-01
4.319999999999999951e-01 -4.532303976740400531e-01
4.480000000000000093e-01 -8.128859900300586805e-01
4.640000000000000235e-01 -1.178032254206805129e+00
4.799999999999999822e-01 -1.522029849095927201e+00
4.959999999999999964e-01 -1.819876159145187522e+00
5.120000000000000107e-01 -2.044321039553234520e+00
5.280000000000000249e-01 -2.171630881241370936e+00
5.440000000000000391e-01 -2.203208873151361491e+00
5.600000000000000533e-01 -2.173317309595003799e+00
5.760000000000000675e-01 -2.126883206704482721e+00
5.919999999999999707e-01 -2.091675185794116043e+00
6.079999999999999849e-01 -2.069305434391969012e+00
6.239999999999999991e-01 -2.044574598778547969e+00
6.400000000000000133e-01 -2.006324730220185870e+00
6.560000000000000275e-01 -1.966857951620462064e+00
6.720000000000000417e-01 -1.955221754523162270e+00
6.880000000000000560e-01 -1.984240643617166677e+00
7.039999999999999591e-01 -2.031561745766944149e+00
7.199999999999999734e-01 -2.059656847007452996e+00
7.359999999999999876e-01 -2.047056353560606112e+00
7.520000000000000018e-01 -1.995501784681126045e+00
7.680000000000000160e-01 -1.917309771598501467e+00
7.840000000000000302e-01 -1.825863114484813199e+00
8.000000000000000444e-01 -1.732001549808303009e+00
8.160000000000000586e-01 -1.637318669768002000e+00
8.320000000000000728e-01 -1.531703925137163802e+00
8.479999999999999760e-01 -1.407092263199283044e+00
8.639999999999999902e-01 -1.273671480258321775e+00
8.800000000000000044e-01 -1.154662673492913072e+00
8.960000000000000187e-01 -1.065525873440726690e+00
9.120000000000000329e-01 -1.003421611011342751e+00
9.280000000000000471e-01 -9.530816891585524031e-01
9.440000000000000613e-01 -8.978060937655398810e-01
9.599999999999999645e-01 -8.300035385408723876e-01
9.759999999999999787e-01 -7.548564803842320314e-01
9.919999999999999929e-01 -6.789514679036096068e-01
1.008000000000000007e+00 -5.967115007923793346e-01
1.024000000000000021e+00 -4.954402874528448519e-01
1.040000000000000036e+00 -3.711858278975455061e-01
1.056000000000000050e+00 -2.340519563365933142e-01
1.072000000000000064e+00 -1.020681996754813359e-01
1.088000000000000078e+00 8.663510678742354990e-03
1.104000000000000092e+00 9.410918483104298293e-02
1.120000000000000107e+00 1.605752022644921784e-01
1.136000000000000121e+00 2.073487985254932053e-01
1.152000000000000135e+00 2.215557957682321444e-01
1.167999999999999927e+00 2.022116677489729786e-01
1.183999999999999941e+00 1.779281512761314021e-01
1.199999999999999956e+00 1.835506344237044785e-01
1.215999999999999970e+00 2.251722029774468337e-01
1.231999999999999984e+00 2.825807791445338335e-01
1.247999999999999998e+00 3.400975039444246728e-01
1.264000000000000012e+00 3.998512755405836949e-01
1.280000000000000027e+00 4.691171568116898061e-01
1.296000000000000041e+00 5.504189867666380298e-01
1.312000000000000055e+00 6.415341584796202534e-01
1.328000000000000069e+00 7.285610140096920873e-01
1.344000000000000083e+00 7.805764573843299026e-01
1.360000000000000098e+00 7.709047861471757246e-01
1.376000000000000112e+00 7.074567118894597995e-01
1.392000000000000126e+00 6.280031109733745787e-01
1.407999999999999918e+00 5.652828073911260187e-01
1.423999999999999932e+00 5.273403616902835322e-01
1.439999999999999947e+00 5.056877577489663489e-01
1.455999999999999961e+00 4.898281096494330744e-01
1.471999999999999975e+00 4.772565501825523637e-01
1.487999999999999989e+00 4.758416011642455645e-01
1.504000000000000004e+00 4.945038684465803414e-01
1.520000000000000018e+00 5.339935927071939314e-01
1.536000000000000032e+00 5.903774978420951447e-01
1.552000000000000046e+00 6.590428516383299851e-01
1.568000000000000060e+00 7.283531251280799257e-01
1.584000000000000075e+00 7.785690071863796691e-01
1.600000000000000089e+00 7.967606671156499676e-01
1.616000000000000103e+00 7.887016077738011610e-01
1.632000000000000117e+00 7.695945837095787834e-01
1.648000000000000131e+00 7.461916036093635407e-01
1.664000000000000146e+00 7.135187309414784407e-01
1.679999999999999938e+00 6.666861381360997818e-01
1.695999999999999952e+00 6.101374808763952995e-01
1.711999999999999966e+00 5.569788085190586768e-01
1.727999999999999980e+00 5.243040536710673605e-01
1.743999999999999995e+00 5.246655315224831861e-01
1.760000000000000009e+00 5.536420958667126468e-01
1.776000000000000023e+00 5.893889854226004310e-01
1.792000000000000037e+00 6.107185971928459356e-01
1.808000000000000052e+00 6.083414417407526642e-01
1.824000000000000066e+00 5.758332675439421511e-01
1.840000000000000080e+00 5.066927174227753294e-01
1.856000000000000094e+00 4.074781044950148701e-01
1.872000000000000108e+00 2.980612315987451466e-01
1.888000000000000123e+00 1.947103373053699626e-01
1.904000000000000137e+00 1.060480635504111452e-01
1.919999999999999929e+00 4.210447782001900535e-02
1.935999999999999943e+00 1.134033701180160725e-02
1.951999999999999957e+00 1.133788335911663399e-02
1.967999999999999972e+00 3.334492833032723369e-02
1.983999999999999986e+00 7.105318235417587558e-02
2.000000000000000000e+00 1.173391409781125438e-01
2.016000000000000014e+00 1.603163944391607920e-01
2.032000000000000028e+00 1.929014019975369143e-01
2.048000000000000043e+00 2.229261101462741423e-01
2.064000000000000057e+00 2.658149913858309232e-01
2.080000000000000071e+00 3.283414141968537536e-01
2.096000000000000085e+00 4.029604173025390645e-01
2.112000000000000099e+00 4.715045653361153444e-01
2.128000000000000114e+00 5.081625831889950984e-01
2.144000000000000128e+00 4.899883965578363809e-01
2.160000000000000142e+00 4.192376869562559616e-01
2.176000000000000156e+00 3.292008907775804682e-01
2.192000000000000171e+00 2.552035466641028316e-01
2.208000000000000185e+00 2.061672271260884814e-01
2.224000000000000199e+00 1.726289357949349346e-01
2.240000000000000213e+00 1.498716114605223859e-01
2.256000000000000227e+00 1.425343108550843618e-01
2.272000000000000242e+00 1.547631389008781166e-01
2.288000000000000256e+00 1.799970976791251953e-01
2.304000000000000270e+00 1.971729542493028120e-01
2.319999999999999840e+00 1.857376978283150626e-01
2.335999999999999854e+00 1.490362468583553424e-01
2.351999999999999869e+00 1.065723869230467413e-01
2.367999999999999883e+00 5.961633786022543791e-02
2.383999999999999897e+00 -1.077217926542116226e-02
2.399999999999999911e+00 -1.037579930847288834e-01
2.415999999999999925e+00 -1.827699227307962304e-01
2.431999999999999940e+00 -2.118929410520408452e-01
2.447999999999999954e+00 -1.890360501062884058e-01
2.463999999999999968e+00 -1.349625341027183012e-01
2.479999999999999982e+00 -6.994438372078259913e-02
2.495999999999999996e+00 -1.147773066823703884e-02
