0.000000000000000000e+00 5.857575358505749108e+01 -4.246166486384748452e-03 2.527770552247486801e-07
8.000000000000000167e-03 5.610758368572766130e+01 -3.997829351860162153e-03 1.768240480450511524e-07
1.600000000000000033e-02 4.922311966230503089e+01 -3.696377117083447794e-03 1.091300437844051267e-07
2.400000000000000050e-02 3.914225058325129680e+01 -3.607932040187295658e-03 4.929268926237680683e-08
3.200000000000000067e-02 2.751715387279046610e+01 -3.891415570747883048e-03 -9.274232394577762093e-09
4.000000000000000083e-02 1.601996711454399858e+01 -4.409210506130694859e-03 -6.846944752602006921e-08
4.800000000000000100e-02 5.979301739085201461e+00 -4.745508577097168508e-03 -1.180554870701947986e-07
5.600000000000000117e-02 -1.840328450910376556e+00 -4.447192865030803050e-03 -1.449059123838734117e-07
6.400000000000000133e-02 -7.270748503540985119e+00 -3.308595746805011607e-03 -1.447720302536969264e-07
7.200000000000000844e-02 -1.060044068495292535e+01 -1.490627480973107490e-03 -1.260074593467452408e-07
8.000000000000000167e-02 -1.233547389039591380e+01 5.811915902946690471e-04 -1.071811824963831551e-07
8.799999999999999489e-02 -1.295929683774199326e+01 2.423216824382831269e-03 -1.057960192601537613e-07
9.600000000000000200e-02 -1.277552898589627972e+01 3.664756291070833585e-03 -1.228099327982422256e-07
1.040000000000000091e-01 -1.187320896999078101e+01 4.134373799319637603e-03 -1.383741241827831640e-07
1.120000000000000023e-01 -1.020170937485992368e+01 3.877409172224607035e-03 -1.255160512345526049e-07
1.199999999999999956e-01 -7.704759310223701085e+00 3.119786512450923536e-03 -7.192099569165598388e-08
1.280000000000000027e-01 -4.449481266529978996e+00 2.176056566538885680e-03 9.472815547461407306e-09
1.360000000000000098e-01 -6.965540429907393083e-01 1.317933529926299105e-03 8.872673778425161617e-08
1.440000000000000169e-01 3.115055945539689120e+00 6.659201575951949987e-04 1.363932859548333984e-07
1.519999999999999962e-01 6.460665510949752388e+00 1.800097800638979337e-04 1.415543186010516548e-07
1.600000000000000033e-01 8.861248017035931568e+00 -2.351401897938677982e-04 1.160465883463041078e-07
1.680000000000000104e-01 1.000237611752347000e+01 -6.005074445332902935e-04 7.465594030522432330e-08
1.759999999999999898e-01 9.800358771248419032e+00 -8.317510676043923931e-04 2.423864464376241918e-08
1.839999999999999969e-01 8.400808409262621623e+00 -8.233594314740893833e-04 -1.699903132027400881e-08
1.920000000000000040e-01 6.120564550580478880e+00 -5.499741850326428025e-04 -1.942160019768819405e-08
2.000000000000000111e-01 3.359922820910877572e+00 -1.003097593819265944e-04 2.129337378851065074e-08
2.080000000000000182e-01 5.152913465280892780e-01 3.627443790426790478e-04 7.118102682485887765e-08
2.159999999999999976e-01 -2.084770655957871366e+00 6.797691555168940570e-04 8.448284165014403813e-08
2.240000000000000047e-01 -4.209671280060808485e+00 7.676721124288752966e-04 3.248617002336954483e-08
2.320000000000000118e-01 -5.726122037828694111e+00 6.489554067456901852e-04 -7.073796661594671919e-08
2.399999999999999911e-01 -6.579500565318523009e+00 4.265120201788622552e-04 -1.669667388993394731e-07
2.479999999999999982e-01 -6.771773248468128337e+00 2.365418052812796716e-04 -2.086405636889905472e-07
2.560000000000000053e-01 -6.345207353383901960e+00 2.091545769328982077e-04 -2.055745288249355199e-07
2.640000000000000124e-01 -5.374431887483595460e+00 4.302245727506088689e-04 -1.919387733912952935e-07
2.720000000000000195e-01 -3.965141565736389762e+00 9.073915110311402696e-04 -1.739270956354910150e-07
2.800000000000000266e-01 -2.254943368927371683e+00 1.570116561987389874e-03 -1.351995966661455772e-07
2.880000000000000338e-01 -4.101252217850812065e-01 2.309434260326599653e-03 -7.105137642027716107e-08
2.959999999999999853e-01 1.386028090329686879e+00 3.020791200368787635e-03 -5.953645165975463781e-11
3.039999999999999925e-01 2.952856556065342364e+00 3.614298233065610377e-03 4.964014086148398258e-08
3.119999999999999996e-01 4.135373864048703219e+00 3.994575502817132757e-03 6.220490730543857229e-08
3.200000000000000067e-01 4.824738611662299448e+00 4.046710889717579362e-03 4.507079100401395342e-08
3.280000000000000138e-01 4.971187335744440716e+00 3.668123174453434034e-03 2.125658591758971287e-08
3.360000000000000209e-01 4.587667864144024499e+00 2.844456660789701150e-03 1.365449507150385789e-08
3.440000000000000280e-01 3.745079031047361173e+00 1.710958128058541906e-03 3.106153210228112115e-08
3.519999999999999796e-01 2.560989319846810108e+00 5.375992492591917787e-04 6.336132143814524264e-08
3.599999999999999867e-01 1.184218156041440428e+00 -3.715696575269161945e-04 9.264783827342674003e-08
3.679999999999999938e-01 -2.230034528977908603e-01 -8.199621848676904180e-04 1.077109412404016504e-07
3.760000000000000009e-01 -1.504762438858457063e+00 -8.198985605209039998e-04 1.035164820612764811e-07
3.840000000000000080e-01 -2.531138081787778660e+00 -5.781109299695422980e-04 7.185316101467719166e-08
3.920000000000000151e-01 -3.213513425904666043e+00 -3.565410317726000543e-04 2.029620409486021642e-09
4.000000000000000222e-01 -3.511797870268251742e+00 -2.909739998466025191e-04 -1.057689692775236540e-07
4.080000000000000293e-01 -3.432848718581205105e+00 -2.956217509414753243e-04 -2.329402067527547916e-07
4.160000000000000364e-01 -3.022748219626399724e+00 -1.283956412411152805e-04 -3.537235428352375943e-07
4.239999999999999880e-01 -2.356970042774148233e+00 4.252581149678109603e-04 -4.483526136980985258e-07
4.319999999999999951e-01 -1.530032829283160423e+00 1.367784347544554260e-03 -5.018399784830664620e-07
4.400000000000000022e-01 -6.437383476800698778e-01 2.420772648674738344e-03 -5.037211775252987002e-07
4.480000000000000093e-01 2.053948155921827556e-01 3.137006404668860396e-03 -4.576935196170968252e-07
4.560000000000000164e-01 9.365987040839653943e-01 3.159511615591052789e-03 -3.844873966647631576e-07
4.640000000000000235e-01 1.490885227451664186e+00 2.471453693394146979e-03 -3.125683948337400853e-07
4.720000000000000306e-01 1.832388928257223437e+00 1.437705705491686614e-03 -2.625163985402178218e-07
4.799999999999999822e-01 1.946682754585103314e+00 5.690848339602895805e-04 -2.304320535417247012e-07
4.879999999999999893e-01 1.838449080009890935e+00 1.663232816075449949e-04 -1.924286344709883868e-07
4.959999999999999964e-01 1.529788341357255943e+00 1.176230096795943472e-04 -1.347607496397336383e-07
5.040000000000000036e-01 1.058910371922731741e+00 1.546300400503903470e-05 -6.720771071387745771e-08
5.120000000000000107e-01 4.782636556528345739e-01 -5.040469827266473102e-04 -4.042817951584815262e-09
5.200000000000000178e-01 -1.489024348447009760e-01 -1.486946531714870975e-03 4.632386587650283656e-08
5.280000000000000249e-01 -7.541831856508595111e-01 -2.666375174011074121e-03 7.032344406963068394e-08
5.360000000000000320e-01 -1.271880951432462936e+00 -3.705309976377964103e-03 4.940867140316067737e-08
5.440000000000000391e-01 -1.647984142189909740e+00 -4.451806398819110541e-03 -2.213164897080354842e-08
5.520000000000000462e-01 -1.847773119050273305e+00 -5.000583356416630869e-03 -1.248849912793504238e-07
5.600000000000000533e-01 -1.859843097739053430e+00 -5.528665506717170275e-03 -2.179646071685856660e-07
5.680000000000000604e-01 -1.696264971037001468e+00 -6.058699552999409141e-03 -2.569286408184763978e-07
5.760000000000000675e-01 -1.389456064309526617e+00 -6.357950956294349497e-03 -2.185422633911553419e-07
5.839999999999999636e-01 -9.863098235891473164e-01 -6.060744589833756343e-03 -1.142562324382850311e-07
5.919999999999999707e-01 -5.409404743287046236e-01 -4.914654014868690551e-03 1.753161643718146205e-08
5.999999999999999778e-01 -1.076164807265445472e-01 -2.969082443748067863e-03 1.295396116496490968e-07
6.079999999999999849e-01 2.657114271953227025e-01 -6.010608068394633456e-04 1.852425776870226140e-07
6.159999999999999920e-01 5.434937195563392942e-01 1.595511694250138909e-03 1.808439281051429192e-07
6.239999999999999991e-01 7.076909789360705805e-01 2.960530622959285565e-03 1.520223183621178331e-07
6.320000000000000062e-01 7.600175468481099594e-01 2.891559835188266345e-03 1.416680328998281721e-07
6.400000000000000133e-01 7.192331740469007917e-01 9.449930210921745396e-04 1.549049919247334138e-07
6.480000000000000204e-01 6.135552429047463896e-01 -3.057596346305375100e-03 1.583512647292755593e-07
6.560000000000000275e-01 4.710156737620300738e-01 -8.912000210256081426e-03 1.238544241129330976e-07
6.640000000000000346e-01 3.114208075461491476e-01 -1.592064586294634349e-02 6.173400654571346739e-08
6.720000000000000417e-01 1.429144620280846933e-01 -2.283282293374691574e-02 1.038618675609815941e-08
6.800000000000000488e-01 -3.550323032414198082e-02 -2.790660904144549523e-02 -8.583165807202711322e-09
6.880000000000000560e-01 -2.270669806885113329e-01 -2.914688015391490861e-02 -2.992572650135168585e-08
6.960000000000000631e-01 -4.296750478967125697e-01 -2.469996759400173297e-02 -1.245791933719126113e-07
7.039999999999999591e-01 -6.311051189087896196e-01 -1.330753335347656906e-02 -3.233608627575865941e-07
7.119999999999999662e-01 -8.089800086818945690e-01 5.309900123688937774e-03 -5.703025840554322924e-07
7.199999999999999734e-01 -9.356329033436564524e-01 3.024175215848252246e-02 -7.614229065501358337e-07
7.279999999999999805e-01 -9.861223032504344843e-01 5.936841659523010850e-02 -8.262812957480488330e-07
7.359999999999999876e-01 -9.467359718928404222e-01 8.949817357590443556e-02 -7.790847412462614933e-07
7.439999999999999947e-01 -8.212436793793390644e-01 1.166697312136919240e-01 -6.971963207433194416e-07
7.520000000000000018e-01 -6.322893483609155485e-01 1.366758198165791138e-01 -6.402414102766859597e-07
7.600000000000000089e-01 -4.166779375696468835e-01 1.457749350091314400e-01 -5.920079315387834476e-07
7.680000000000000160e-01 -2.157972870497536222e-01 1.414134761152553710e-01 -4.945848369018390945e-07
7.760000000000000231e-01 -6.426581830513783400e-02 1.227451474961631372e-01 -3.297711734054373371e-07
7.840000000000000302e-01 1.921429065792913324e-02 9.082853858024875215e-02 -1.498377087496284143e-07
7.920000000000000373e-01 3.518699522328223861e-02 4.850155032504088054e-02 -3.131319081476057331e-08
