0.000000000000000000e+00 4.010476882402097942e+01
1.600000000000000033e-02 3.930804225172614252e+01
3.200000000000000067e-02 3.710522381803006908e+01
4.800000000000000100e-02 3.392100708990008684e+01
6.400000000000000133e-02 3.025727080533524216e+01
8.000000000000000167e-02 2.654563452005817226e+01
9.600000000000000200e-02 2.305755111076665287e+01
1.120000000000000023e-01 1.991009320854634623e+01
1.280000000000000027e-01 1.714059046298676137e+01
1.440000000000000169e-01 1.474409522363651526e+01
1.600000000000000033e-01 1.268065305350175187e+01
1.759999999999999898e-01 1.090779022707159918e+01
1.920000000000000040e-01 9.390738094043696194e+00
2.080000000000000182e-01 8.082765745106923916e+00
2.240000000000000047e-01 6.941562263052873050e+00
2.399999999999999911e-01 5.949394911388841578e+00
2.560000000000000053e-01 5.089133776110541518e+00
2.720000000000000195e-01 4.339887519973606445e+00
2.880000000000000338e-01 3.700971071976640214e+00
3.039999999999999925e-01 3.165085524563686192e+00
3.200000000000000067e-01 2.683894980753132931e+00
3.360000000000000209e-01 2.214140266102174959e+00
3.519999999999999796e-01 1.761091081155660820e+00
3.679999999999999938e-01 1.334631361296087837e+00
3.840000000000000080e-01 9.167860072891744760e-01
4.000000000000000222e-01 5.005480570260169015e-01
4.160000000000000364e-01 1.041190718117423336e-01
4.319999999999999951e-01 -2.597800185043817600e-01
4.480000000000000093e-01 -5.795772097241798093e-01
4.640000000000000235e-01 -8.292927932228756349e-01
4.799999999999999822e-01 -9.990289768944574655e-01
4.959999999999999964e-01 -1.110699531927495931e+00
5.120000000000000107e-01 -1.186328473742981560e+00
5.280000000000000249e-01 -1.241750470416891128e+00
5.440000000000000391e-01 -1.301602379756280126e+00
5.600000000000000533e-01 -1.376065974142642423e+00
5.760000000000000675e-01 -1.450878727644894228e+00
5.919999999999999707e-01 -1.523909293602265791e+00
6.079999999999999849e-01 -1.606725792433135069e+00
6.239999999999999991e-01 -1.693563716700229982e+00
6.400000000000000133e-01 -1.771048420508190668e+00
6.560000000000000275e-01 -1.830252551803861927e+00
6.720000000000000417e-01 -1.852452655475627319e+00
6.880000000000000560e-01 -1.826640153796821764e+00
7.039999999999999591e-01 -1.771661925676436988e+00
7.199999999999999734e-01 -1.712920160990599738e+00
7.359999999999999876e-01 -1.668057499380078967e+00
7.520000000000000018e-01 -1.649945814667352240e+00
7.680000000000000160e-01 -1.645095133762074058e+00
7.840000000000000302e-01 -1.616912241354911517e+00
8.000000000000000444e-01 -1.548749206494112407e+00
8.160000000000000586e-01 -1.451162938981133577e+00
8.320000000000000728e-01 -1.342257676838376046e+00
8.479999999999999760e-01 -1.245053574655167639e+00
8.639999999999999902e-01 -1.169365073249123865e+00
8.800000000000000044e-01 -1.093934150594474630e+00
8.960000000000000187e-01 -9.974178429718338901e-01
9.120000000000000329e-01 -8.801168306828972554e-01
9.280000000000000471e-01 -7.401310474404229067e-01
9.440000000000000613e-01 -5.759094004604277117e-01
9.599999999999999645e-01 -4.089352139068880843e-01
9.759999999999999787e-01 -2.557505632527190542e-01
9.919999999999999929e-01 -1.041630448463202324e-01
1.008000000000000007e+00 4.776061355521598467e-02
1.024000000000000021e+00 1.784965924582253560e-01
1.040000000000000036e+00 2.874835644215520958e-01
1.056000000000000050e+00 3.936020954743446043e-01
1.072000000000000064e+00 4.905442536239327800e-01
1.088000000000000078e+00 5.600426085371227325e-01
1.104000000000000092e+00 6.127669376090860709e-01
1.120000000000000107e+00 6.768162440847732553e-01
1.136000000000000121e+00 7.718897022361880245e-01
1.152000000000000135e+00 9.041500685146913741e-01
1.167999999999999927e+00 1.047073285994207792e+00
1.183999999999999941e+00 1.139995209608310356e+00
1.199999999999999956e+00 1.149420732757942210e+00
1.215999999999999970e+00 1.106254173442809519e+00
1.231999999999999984e+00 1.054857103647173222e+00
1.247999999999999998e+00 1.011724468682005273e+00
1.264000000000000012e+00 9.865703638134627473e-01
1.280000000000000027e+00 9.896958766581639422e-01
1.296000000000000041e+00 1.019937652785144255e+00
1.312000000000000055e+00 1.076231459322755102e+00
1.328000000000000069e+00 1.154208537078846630e+00
1.344000000000000083e+00 1.230860240393351290e+00
1.360000000000000098e+00 1.290431137388343918e+00
1.376000000000000112e+00 1.339956398372251778e+00
1.392000000000000126e+00 1.377864069264467695e+00
1.407999999999999918e+00 1.387550244953522194e+00
1.423999999999999932e+00 1.357672785858247577e+00
1.439999999999999947e+00 1.283505987602631349e+00
1.455999999999999961e+00 1.179257099469964043e+00
1.471999999999999975e+00 1.086912661834064320e+00
1.487999999999999989e+00 1.036711986655693307e+00
1.504000000000000004e+00 1.023083670774356913e+00
1.520000000000000018e+00 1.030910115865679932e+00
1.536000000000000032e+00 1.046416137618220832e+00
1.552000000000000046e+00 1.055638483855993570e+00
1.568000000000000060e+00 1.059264500115977281e+00
1.584000000000000075e+00 1.056988755692646054e+00
1.600000000000000089e+00 1.021074017966757008e+00
1.616000000000000103e+00 9.304933320739025016e-01
1.632000000000000117e+00 8.065275871105780370e-01
1.648000000000000131e+00 6.812482084198826504e-01
1.664000000000000146e+00 5.739468122589993504e-01
1.679999999999999938e+00 5.096243077813481515e-01
1.695999999999999952e+00 5.035390366066471168e-01
1.711999999999999966e+00 5.307774726914025187e-01
1.727999999999999980e+00 5.584447833544801121e-01
1.743999999999999995e+00 5.850294642962023950e-01
1.760000000000000009e+00 6.190103259777954836e-01
1.776000000000000023e+00 6.584706598280608558e-01
1.792000000000000037e+00 7.029346546597958767e-01
1.808000000000000052e+00 7.417252537287006842e-01
1.824000000000000066e+00 7.417232910794702150e-01
1.840000000000000080e+00 6.894656022952593277e-01
1.856000000000000094e+00 6.167834182348392869e-01
1.872000000000000108e+00 5.515846161979310880e-01
1.888000000000000123e+00 4.882138854741138179e-01
1.904000000000000137e+00 4.256042290726078092e-01
1.919999999999999929e+00 3.805960083894551760e-01
1.935999999999999943e+00 3.615306712158427027e-01
1.951999999999999957e+00 3.731777825266656134e-01
1.967999999999999972e+00 4.256823197815048920e-01
1.983999999999999986e+00 5.151048223432767026e-01
2.000000000000000000e+00 6.274943186348934665e-01
2.016000000000000014e+00 7.517446072936266876e-01
2.032000000000000028e+00 8.618930384548384449e-01
2.048000000000000043e+00 9.230344714167008080e-01
2.064000000000000057e+00 9.209207840583836235e-01
2.080000000000000071e+00 8.554728392727831698e-01
2.096000000000000085e+00 7.373704257631661374e-01
2.112000000000000099e+00 6.062042384466979072e-01
2.128000000000000114e+00 5.040835215308268058e-01
2.144000000000000128e+00 4.367564607738219085e-01
2.160000000000000142e+00 3.866709370243034405e-01
2.176000000000000156e+00 3.329056051430576146e-01
2.192000000000000171e+00 2.599092846046657246e-01
2.208000000000000185e+00 1.790408788421981590e-01
2.224000000000000199e+00 1.162501284551434727e-01
2.240000000000000213e+00 7.106031303372925545e-02
2.256000000000000227e+00 2.881938615657038058e-02
2.272000000000000242e+00 -6.254412768860575025e-03
2.288000000000000256e+00 -2.849832261252022506e-02
2.304000000000000270e+00 -4.394613815273366170e-02
2.319999999999999840e+00 -5.005310688496000804e-02
2.335999999999999854e+00 -4.886627356693606233e-02
2.351999999999999869e+00 -6.852419915579699428e-02
2.367999999999999883e+00 -1.233017206000195792e-01
2.383999999999999897e+00 -1.838861320222413831e-01
2.399999999999999911e+00 -2.222986567671262070e-01
2.415999999999999925e+00 -2.395720141289509608e-01
2.431999999999999940e+00 -2.353357347430227176e-01
2.447999999999999954e+00 -2.048997510009268330e-01
2.463999999999999968e+00 -1.596309821073446933e-01
2.479999999999999982e+00 -1.036643230079756922e-01
2.495999999999999996e+00 -2.329008760218826551e-02
