0.000000000000000000e+00 4.085751829519491451e+01
1.600000000000000033e-02 3.995621330990959308e+01
3.200000000000000067e-02 3.747241320278164523e+01
4.800000000000000100e-02 3.391679252103573816e+01
6.400000000000000133e-02 2.989250984585427773e+01
8.000000000000000167e-02 2.589553527561913526e+01
9.600000000000000200e-02 2.222561804158693377e+01
1.120000000000000023e-01 1.899977015710983963e+01
1.280000000000000027e-01 1.621100071937421916e+01
1.440000000000000169e-01 1.379169043277802054e+01
1.600000000000000033e-01 1.166982868029297471e+01
1.759999999999999898e-01 9.808527473445796119e+00
1.920000000000000040e-01 8.211226139492623588e+00
2.080000000000000182e-01 6.890217359760282712e+00
2.240000000000000047e-01 5.827814150312260466e+00
2.399999999999999911e-01 4.966695803951317600e+00
2.560000000000000053e-01 4.234798774362153573e+00
2.720000000000000195e-01 3.576693831245851385e+00
2.880000000000000338e-01 2.964272019396203994e+00
3.039999999999999925e-01 2.386523801414469848e+00
3.200000000000000067e-01 1.837041490574460090e+00
3.360000000000000209e-01 1.312198566246107756e+00
3.519999999999999796e-01 8.158818526129517634e-01
3.679999999999999938e-01 3.595163735586458520e-01
3.840000000000000080e-01 -4.548758426677648736e-02
4.000000000000000222e-01 -3.952052419325523536e-01
4.160000000000000364e-01 -6.937018598562384453e-01
4.319999999999999951e-01 -9.486665801108919993e-01
4.480000000000000093e-01 -1.168669108108034038e+00
4.640000000000000235e-01 -1.363617444591842087e+00
4.799999999999999822e-01 -1.543628527202169698e+00
4.959999999999999964e-01 -1.713200487482079648e+00
5.120000000000000107e-01 -1.865794556040035523e+00
5.280000000000000249e-01 -1.986727264331323850e+00
5.440000000000000391e-01 -2.063865401334131100e+00
5.600000000000000533e-01 -2.096801125174979852e+00
5.760000000000000675e-01 -2.097579097116562874e+00
5.919999999999999707e-01 -2.084474499009459247e+00
6.079999999999999849e-01 -2.073767355989166283e+00
6.239999999999999991e-01 -2.073510022769030847e+00
6.400000000000000133e-01 -2.082813241328817622e+00
6.560000000000000275e-01 -2.097646166646177868e+00
6.720000000000000417e-01 -2.118116309299749034e+00
6.880000000000000560e-01 -2.149705268331806973e+00
7.039999999999999591e-01 -2.196673511174612070e+00
7.199999999999999734e-01 -2.254204496306084771e+00
7.359999999999999876e-01 -2.308005465917541521e+00
7.520000000000000018e-01 -2.342661851047939781e+00
7.680000000000000160e-01 -2.349539910377172358e+00
7.840000000000000302e-01 -2.325073453255353861e+00
8.000000000000000444e-01 -2.264199595768352502e+00
8.160000000000000586e-01 -2.162833697190934323e+00
8.320000000000000728e-01 -2.030717921490928113e+00
8.479999999999999760e-01 -1.896905388547863280e+00
8.639999999999999902e-01 -1.793730060879497712e+00
8.800000000000000044e-01 -1.730377412896577871e+00
8.960000000000000187e-01 -1.682384159273500712e+00
9.120000000000000329e-01 -1.609042560969216940e+00
9.280000000000000471e-01 -1.482918404724400840e+00
9.440000000000000613e-01 -1.305145581564900459e+00
9.599999999999999645e-01 -1.097469001111940790e+00
9.759999999999999787e-01 -8.861061357320866305e-01
9.919999999999999929e-01 -6.947354599261806873e-01
1.008000000000000007e+00 -5.447023434978749412e-01
1.024000000000000021e+00 -4.495561791084377590e-01
1.040000000000000036e+00 -4.042813097693409019e-01
1.056000000000000050e+00 -3.849447145660709335e-01
1.072000000000000064e+00 -3.654994443140613947e-01
1.088000000000000078e+00 -3.357131555047418447e-01
1.104000000000000092e+00 -3.008028761626939107e-01
1.120000000000000107e+00 -2.660565508099319576e-01
1.136000000000000121e+00 -2.275033961883967948e-01
1.152000000000000135e+00 -1.781900965050611241e-01
1.167999999999999927e+00 -1.168812866193603833e-01
1.183999999999999941e+00 -4.524516459694195164e-02
1.199999999999999956e+00 4.059277911019638224e-02
1.215999999999999970e+00 1.492343792031356475e-01
1.231999999999999984e+00 2.831422504136747453e-01
1.247999999999999998e+00 4.321018309449645156e-01
1.264000000000000012e+00 5.805456750608625205e-01
1.280000000000000027e+00 7.203494463912966106e-01
1.296000000000000041e+00 8.525598661622181274e-01
1.312000000000000055e+00 9.749092092472064763e-01
1.328000000000000069e+00 1.072485097697658318e+00
1.344000000000000083e+00 1.128454647218717133e+00
1.360000000000000098e+00 1.145574196882226392e+00
1.376000000000000112e+00 1.150434688481805523e+00
1.392000000000000126e+00 1.169481800512172098e+00
1.407999999999999918e+00 1.199677986657887940e+00
1.423999999999999932e+00 1.205314384939846439e+00
1.439999999999999947e+00 1.146260129647006298e+00
1.455999999999999961e+00 1.011605628449916194e+00
1.471999999999999975e+00 8.282153124110324116e-01
1.487999999999999989e+00 6.397019103342544977e-01
1.504000000000000004e+00 4.798416900736607316e-01
1.520000000000000018e+00 3.636170855125577250e-01
1.536000000000000032e+00 2.930149554018385838e-01
1.552000000000000046e+00 2.607295370202782347e-01
1.568000000000000060e+00 2.493197150622466773e-01
1.584000000000000075e+00 2.379237807263975824e-01
1.600000000000000089e+00 2.182165049780737665e-01
1.616000000000000103e+00 2.031766099103229639e-01
1.632000000000000117e+00 2.158883508652562899e-01
1.648000000000000131e+00 2.679849722563347747e-01
1.664000000000000146e+00 3.493406918501701375e-01
1.679999999999999938e+00 4.368934001605433992e-01
1.695999999999999952e+00 5.089518225645682792e-01
1.711999999999999966e+00 5.499559642952236427e-01
1.727999999999999980e+00 5.489585857947166803e-01
1.743999999999999995e+00 5.039725137471334770e-01
1.760000000000000009e+00 4.300839469491223310e-01
1.776000000000000023e+00 3.556516178737307854e-01
1.792000000000000037e+00 3.022640657623768545e-01
1.808000000000000052e+00 2.671850499669441437e-01
1.824000000000000066e+00 2.295113404724264394e-01
1.840000000000000080e+00 1.762763388057937142e-01
1.856000000000000094e+00 1.207891526875898985e-01
1.872000000000000108e+00 9.254671545833854929e-02
1.888000000000000123e+00 1.094692646600953084e-01
1.904000000000000137e+00 1.613889985701228713e-01
1.919999999999999929e+00 2.181111979535503009e-01
1.935999999999999943e+00 2.487389579746017154e-01
1.951999999999999957e+00 2.332253448960832087e-01
1.967999999999999972e+00 1.621426349886206653e-01
1.983999999999999986e+00 3.369482536458063421e-02
2.000000000000000000e+00 -1.445284772882563518e-01
2.016000000000000014e+00 -3.515722584504986092e-01
2.032000000000000028e+00 -5.547915204586307825e-01
2.048000000000000043e+00 -7.191524806246857304e-01
2.064000000000000057e+00 -8.173632985281585883e-01
2.080000000000000071e+00 -8.353203495030676606e-01
2.096000000000000085e+00 -7.749879313502330280e-01
2.112000000000000099e+00 -6.566149332686526119e-01
2.128000000000000114e+00 -5.155778607952500314e-01
2.144000000000000128e+00 -3.901383296843063397e-01
2.160000000000000142e+00 -3.055977435445169088e-01
2.176000000000000156e+00 -2.650809462619120316e-01
2.192000000000000171e+00 -2.524129707624209740e-01
2.208000000000000185e+00 -2.440718142306241012e-01
2.224000000000000199e+00 -2.220897967026190523e-01
2.240000000000000213e+00 -1.818539056626644057e-01
2.256000000000000227e+00 -1.345251172637396408e-01
2.272000000000000242e+00 -1.046878905756330885e-01
2.288000000000000256e+00 -1.206330127255777623e-01
2.304000000000000270e+00 -1.979454486723555284e-01
2.319999999999999840e+00 -3.264749546914864631e-01
2.335999999999999854e+00 -4.721390813404116593e-01
2.351999999999999869e+00 -5.935526987032356816e-01
2.367999999999999883e+00 -6.615652697073054478e-01
2.383999999999999897e+00 -6.690026074324203487e-01
2.399999999999999911e+00 -6.270172691787211372e-01
2.415999999999999925e+00 -5.540855187965606499e-01
2.431999999999999940e+00 -4.659007112700831454e-01
2.447999999999999954e+00 -3.702103699484944888e-01
2.463999999999999968e+00 -2.671400900475477402e-01
2.479999999999999982e+00 -1.541310022160447823e-01
2.495999999999999996e+00 -3.162219178279042364e-02
