0.000000000000000000e+00 4.959810979141378340e+01
1.600000000000000033e-02 4.851221353765994593e+01
3.200000000000000067e-02 4.554977607772032400e+01
4.800000000000000100e-02 4.134417862748961170e+01
6.400000000000000133e-02 3.657168522357887497e+01
8.000000000000000167e-02 3.176076804073614213e+01
9.600000000000000200e-02 2.726730769112681685e+01
1.120000000000000023e-01 2.328760808279231043e+01
1.280000000000000027e-01 1.986039099701356747e+01
1.440000000000000169e-01 1.692273825073561966e+01
1.600000000000000033e-01 1.441953649611700072e+01
1.759999999999999898e-01 1.234365886701517745e+01
1.920000000000000040e-01 1.067201731556673394e+01
2.080000000000000182e-01 9.324367562558357747e+00
2.240000000000000047e-01 8.206706974836196267e+00
2.399999999999999911e-01 7.250843964567405209e+00
2.560000000000000053e-01 6.398374100895788175e+00
2.720000000000000195e-01 5.586806883115056799e+00
2.880000000000000338e-01 4.774970563207669549e+00
3.039999999999999925e-01 3.972233109266347206e+00
3.200000000000000067e-01 3.232418705650230262e+00
3.360000000000000209e-01 2.605241184515399322e+00
3.519999999999999796e-01 2.087049888694279876e+00
3.679999999999999938e-01 1.636677083761353790e+00
3.840000000000000080e-01 1.229725880256045567e+00
4.000000000000000222e-01 8.601205350349504508e-01
4.160000000000000364e-01 5.094645316093623366e-01
4.319999999999999951e-01 1.607726577893697217e-01
4.480000000000000093e-01 -1.793777102766038190e-01
4.640000000000000235e-01 -5.042357768483340941e-01
4.799999999999999822e-01 -8.250524635259446349e-01
4.959999999999999964e-01 -1.142947862609898113e+00
5.120000000000000107e-01 -1.425899932487901367e+00
5.280000000000000249e-01 -1.630327148081128996e+00
5.440000000000000391e-01 -1.736563256310839964e+00
5.600000000000000533e-01 -1.767713995820132888e+00
5.760000000000000675e-01 -1.780156403267216136e+00
5.919999999999999707e-01 -1.816152544421517412e+00
6.079999999999999849e-01 -1.867578586660834095e+00
6.239999999999999991e-01 -1.910395782561916667e+00
6.400000000000000133e-01 -1.947383212748591497e+00
6.560000000000000275e-01 -1.980782655547371984e+00
6.720000000000000417e-01 -1.981322946136662377e+00
6.880000000000000560e-01 -1.925107838162329887e+00
7.039999999999999591e-01 -1.835385867791915260e+00
7.199999999999999734e-01 -1.764456461926592556e+00
7.359999999999999876e-01 -1.750524593621969993e+00
7.520000000000000018e-01 -1.794856828090837464e+00
7.680000000000000160e-01 -1.861275976890556239e+00
7.840000000000000302e-01 -1.898091001842412417e+00
8.000000000000000444e-01 -1.871742061901452647e+00
8.160000000000000586e-01 -1.778937624720793975e+00
8.320000000000000728e-01 -1.642742286838333232e+00
8.479999999999999760e-01 -1.512133795272903702e+00
8.639999999999999902e-01 -1.433307902374525211e+00
8.800000000000000044e-01 -1.404532249087980134e+00
8.960000000000000187e-01 -1.391862733068584657e+00
9.120000000000000329e-01 -1.378647500469950549e+00
9.280000000000000471e-01 -1.353246946557058461e+00
9.440000000000000613e-01 -1.273555863165895863e+00
9.599999999999999645e-01 -1.102367900707321935e+00
9.759999999999999787e-01 -8.671461622249732049e-01
9.919999999999999929e-01 -6.446592770793002636e-01
1.008000000000000007e+00 -4.945374623280353044e-01
1.024000000000000021e+00 -4.285775978763654015e-01
1.040000000000000036e+00 -4.251274322751221746e-01
1.056000000000000050e+00 -4.447350756413100403e-01
1.072000000000000064e+00 -4.316644208706430508e-01
1.088000000000000078e+00 -3.229499296485806026e-01
1.104000000000000092e+00 -9.095600513165644219e-02
1.120000000000000107e+00 2.135037408702359363e-01
1.136000000000000121e+00 4.951820605596595759e-01
1.152000000000000135e+00 7.051549677364596924e-01
1.167999999999999927e+00 8.691239337379158547e-01
1.183999999999999941e+00 1.027836222881117756e+00
1.199999999999999956e+00 1.191503752361703361e+00
1.215999999999999970e+00 1.358832133766639361e+00
1.231999999999999984e+00 1.533360945238057216e+00
1.247999999999999998e+00 1.697873044138491494e+00
1.264000000000000012e+00 1.811824832345228842e+00
1.280000000000000027e+00 1.857585036039232307e+00
1.296000000000000041e+00 1.862365215710330535e+00
1.312000000000000055e+00 1.869427806211747090e+00
1.328000000000000069e+00 1.908180443730503661e+00
1.344000000000000083e+00 1.985298373497067281e+00
1.360000000000000098e+00 2.088117894567516064e+00
1.376000000000000112e+00 2.191610444183345496e+00
1.392000000000000126e+00 2.265514873342635571e+00
1.407999999999999918e+00 2.296360889622095947e+00
1.423999999999999932e+00 2.312347640385094660e+00
1.439999999999999947e+00 2.358814353049981438e+00
1.455999999999999961e+00 2.435378850587090582e+00
1.471999999999999975e+00 2.487322246077075416e+00
1.487999999999999989e+00 2.474761872867243806e+00
1.504000000000000004e+00 2.414694840652676255e+00
1.520000000000000018e+00 2.337784428236200363e+00
1.536000000000000032e+00 2.251012864153644877e+00
1.552000000000000046e+00 2.160105355123483228e+00
1.568000000000000060e+00 2.075632413043377422e+00
1.584000000000000075e+00 1.983679899699607674e+00
1.600000000000000089e+00 1.852919272487328683e+00
1.616000000000000103e+00 1.674563113449809570e+00
1.632000000000000117e+00 1.470986753777188127e+00
1.648000000000000131e+00 1.270509531715646956e+00
1.664000000000000146e+00 1.093218255379664550e+00
1.679999999999999938e+00 9.612061189134996075e-01
1.695999999999999952e+00 8.991703310081551326e-01
1.711999999999999966e+00 9.063477090575039474e-01
1.727999999999999980e+00 9.414440876368757039e-01
1.743999999999999995e+00 9.585978864677139333e-01
1.760000000000000009e+00 9.540162835141167141e-01
1.776000000000000023e+00 9.546647559384109361e-01
1.792000000000000037e+00 9.651296316960077393e-01
1.808000000000000052e+00 9.597917454395108461e-01
1.824000000000000066e+00 9.273765122512701575e-01
1.840000000000000080e+00 8.799184928460924704e-01
1.856000000000000094e+00 8.128045536174187680e-01
1.872000000000000108e+00 6.975022124033204429e-01
1.888000000000000123e+00 5.249535696474793012e-01
1.904000000000000137e+00 3.313613002927234819e-01
1.919999999999999929e+00 1.730073026129387848e-01
1.935999999999999943e+00 8.895574760488025867e-02
1.951999999999999957e+00 9.155756514650383038e-02
1.967999999999999972e+00 1.766067166024423707e-01
1.983999999999999986e+00 3.245402122773943798e-01
2.000000000000000000e+00 4.913536955774793769e-01
2.016000000000000014e+00 6.184837572063104361e-01
2.032000000000000028e+00 6.729501687450055725e-01
2.048000000000000043e+00 6.758350565713004965e-01
2.064000000000000057e+00 6.770379919484206255e-01
2.080000000000000071e+00 7.031453082696285106e-01
2.096000000000000085e+00 7.381015538644273288e-01
2.112000000000000099e+00 7.516980490689887384e-01
2.128000000000000114e+00 7.396313235992785229e-01
2.144000000000000128e+00 7.316000274370151324e-01
2.160000000000000142e+00 7.556688132492520582e-01
2.176000000000000156e+00 7.954575176218661170e-01
2.192000000000000171e+00 7.964847151654848023e-01
2.208000000000000185e+00 7.193396838258188097e-01
2.224000000000000199e+00 5.679141246649910268e-01
2.240000000000000213e+00 3.711292621668773051e-01
2.256000000000000227e+00 1.706239673975841753e-01
2.272000000000000242e+00 1.310849785138002745e-02
2.288000000000000256e+00 -8.562209650443224074e-02
2.304000000000000270e+00 -1.592218193483430078e-01
2.319999999999999840e+00 -2.490959406757881911e-01
2.335999999999999854e+00 -3.509467690569563758e-01
2.351999999999999869e+00 -4.120994898351149627e-01
2.367999999999999883e+00 -3.833708283631518388e-01
2.383999999999999897e+00 -2.679857252648472077e-01
2.399999999999999911e+00 -1.109035726323975291e-01
2.415999999999999925e+00 4.202520335637582177e-02
2.431999999999999940e+00 1.521805859645296854e-01
2.447999999999999954e+00 1.815074543292731213e-01
2.463999999999999968e+00 1.232963207886492440e-01
2.479999999999999982e+00 3.572406085311036206e-02
2.495999999999999996e+00 -2.063118543008652002e-03
