0.000000000000000000e+00 4.905780636176724840e+01
1.600000000000000033e-02 4.801618984996247264e+01
3.200000000000000067e-02 4.515767552775140814e+01
4.800000000000000100e-02 4.104667848895410032e+01
6.400000000000000133e-02 3.631389354762774957e+01
8.000000000000000167e-02 3.149046076039713782e+01
9.600000000000000200e-02 2.695692685446943671e+01
1.120000000000000023e-01 2.293004108656515783e+01
1.280000000000000027e-01 1.947094523265294441e+01
1.440000000000000169e-01 1.653333047359169328e+01
1.600000000000000033e-01 1.403652660734580770e+01
1.759999999999999898e-01 1.191522269983505744e+01
1.920000000000000040e-01 1.012074542605995831e+01
2.080000000000000182e-01 8.606153637482503171e+00
2.240000000000000047e-01 7.329292270667202125e+00
2.399999999999999911e-01 6.259095798943949518e+00
2.560000000000000053e-01 5.367308936930343499e+00
2.720000000000000195e-01 4.616798451566858752e+00
2.880000000000000338e-01 3.960984270701181753e+00
3.039999999999999925e-01 3.357069052245110097e+00
3.200000000000000067e-01 2.779997389597861801e+00
3.360000000000000209e-01 2.221059808503858868e+00
3.519999999999999796e-01 1.674506282788623901e+00
3.679999999999999938e-01 1.131645685133904289e+00
3.840000000000000080e-01 5.929261392603335512e-01
4.000000000000000222e-01 8.212860168690079565e-02
4.160000000000000364e-01 -3.621048055884774075e-01
4.319999999999999951e-01 -7.161771911078156361e-01
4.480000000000000093e-01 -9.900019309597526407e-01
4.640000000000000235e-01 -1.210176716673204922e+00
4.799999999999999822e-01 -1.389241052357903738e+00
4.959999999999999964e-01 -1.521446490523079120e+00
5.120000000000000107e-01 -1.608313949684812227e+00
5.280000000000000249e-01 -1.670681881774659594e+00
5.440000000000000391e-01 -1.725529306937713336e+00
5.600000000000000533e-01 -1.771280159882231864e+00
5.760000000000000675e-01 -1.812555652484889590e+00
5.919999999999999707e-01 -1.878229921444473760e+00
6.079999999999999849e-01 -1.988355048147991244e+00
6.239999999999999991e-01 -2.115896194538223973e+00
6.400000000000000133e-01 -2.212261542205748110e+00
6.560000000000000275e-01 -2.265712432319177072e+00
6.720000000000000417e-01 -2.304556613083390548e+00
6.880000000000000560e-01 -2.344398644569831713e+00
7.039999999999999591e-01 -2.363589755034463558e+00
7.199999999999999734e-01 -2.335938271188944260e+00
7.359999999999999876e-01 -2.259410784175449383e+00
7.520000000000000018e-01 -2.144594306993740762e+00
7.680000000000000160e-01 -1.998916239948241858e+00
7.840000000000000302e-01 -1.834770310001449634e+00
8.000000000000000444e-01 -1.680770104923502428e+00
8.160000000000000586e-01 -1.572401339902638862e+00
8.320000000000000728e-01 -1.529907205138358872e+00
8.479999999999999760e-01 -1.544046055125764649e+00
8.639999999999999902e-01 -1.581458177776993157e+00
8.800000000000000044e-01 -1.606051308306024605e+00
8.960000000000000187e-01 -1.596857505190891757e+00
9.120000000000000329e-01 -1.550058582131788265e+00
9.280000000000000471e-01 -1.474051916907757054e+00
9.440000000000000613e-01 -1.384953723376452839e+00
9.599999999999999645e-01 -1.296740719805409725e+00
9.759999999999999787e-01 -1.207560999836908122e+00
9.919999999999999929e-01 -1.101398500132761749e+00
1.008000000000000007e+00 -9.693902017182474129e-01
1.024000000000000021e+00 -8.212417218686952625e-01
1.040000000000000036e+00 -6.678966262120966668e-01
1.056000000000000050e+00 -5.015855152173619436e-01
1.072000000000000064e+00 -3.063062239424549915e-01
1.088000000000000078e+00 -8.892832011629860089e-02
1.104000000000000092e+00 1.097255594784081328e-01
1.120000000000000107e+00 2.449750234415513095e-01
1.136000000000000121e+00 3.138598613489236855e-01
1.152000000000000135e+00 3.645914174750817804e-01
1.167999999999999927e+00 4.524240436546545507e-01
1.183999999999999941e+00 5.886277409605515931e-01
1.199999999999999956e+00 7.409527555038092350e-01
1.215999999999999970e+00 8.798725906260402851e-01
1.231999999999999984e+00 1.003458051874728696e+00
1.247999999999999998e+00 1.110603421028335758e+00
1.264000000000000012e+00 1.178533115902926420e+00
1.280000000000000027e+00 1.190281228487837017e+00
1.296000000000000041e+00 1.167362532805071851e+00
1.312000000000000055e+00 1.150310651188992672e+00
1.328000000000000069e+00 1.155777808266117423e+00
1.344000000000000083e+00 1.174058565702953194e+00
1.360000000000000098e+00 1.201447080798990097e+00
1.376000000000000112e+00 1.251732907771047065e+00
1.392000000000000126e+00 1.333554432457767058e+00
1.407999999999999918e+00 1.434249707143015140e+00
1.423999999999999932e+00 1.533604914284518506e+00
1.439999999999999947e+00 1.622796296084350498e+00
1.455999999999999961e+00 1.701862920227695142e+00
1.471999999999999975e+00 1.764478348087444193e+00
1.487999999999999989e+00 1.797633650937964900e+00
1.504000000000000004e+00 1.797759365543337040e+00
1.520000000000000018e+00 1.773756168996229787e+00
1.536000000000000032e+00 1.731147257151987251e+00
1.552000000000000046e+00 1.665041656300182416e+00
1.568000000000000060e+00 1.571267000928155744e+00
1.584000000000000075e+00 1.457068713154778150e+00
1.600000000000000089e+00 1.338126616881939679e+00
1.616000000000000103e+00 1.224999032012269451e+00
1.632000000000000117e+00 1.112769146202382986e+00
1.648000000000000131e+00 9.905181442354418220e-01
1.664000000000000146e+00 8.613050361457832427e-01
1.679999999999999938e+00 7.404975527071102626e-01
1.695999999999999952e+00 6.331779159420412029e-01
1.711999999999999966e+00 5.276320612142717525e-01
1.727999999999999980e+00 4.176043572200581200e-01
1.743999999999999995e+00 3.159547381718931236e-01
1.760000000000000009e+00 2.309262426159260917e-01
1.776000000000000023e+00 1.472692148561747238e-01
1.792000000000000037e+00 5.758438893517304341e-02
1.808000000000000052e+00 -6.112397334173656945e-03
1.824000000000000066e+00 -6.436162725314473025e-03
1.840000000000000080e+00 4.815671718997228956e-02
1.856000000000000094e+00 1.175979411232707383e-01
1.872000000000000108e+00 1.792029728681518164e-01
1.888000000000000123e+00 2.327682015393474912e-01
1.904000000000000137e+00 2.687597569064422154e-01
1.919999999999999929e+00 2.609899944733412580e-01
1.935999999999999943e+00 1.961613094022431336e-01
1.951999999999999957e+00 9.291283209725556547e-02
1.967999999999999972e+00 -1.673455471601377129e-02
1.983999999999999986e+00 -1.153447191228506585e-01
2.000000000000000000e+00 -2.088095804346644380e-01
2.016000000000000014e+00 -3.177384508066218860e-01
2.032000000000000028e+00 -4.581959602717383118e-01
2.048000000000000043e+00 -6.195541741099791500e-01
2.064000000000000057e+00 -7.635665765510968317e-01
2.080000000000000071e+00 -8.530860384364467031e-01
2.096000000000000085e+00 -8.794061539567120667e-01
2.112000000000000099e+00 -8.622934688153036653e-01
2.128000000000000114e+00 -8.298885148613222018e-01
2.144000000000000128e+00 -7.975692447526439022e-01
2.160000000000000142e+00 -7.563697025413687047e-01
2.176000000000000156e+00 -6.772682400318807971e-01
2.192000000000000171e+00 -5.394441201989496060e-01
2.208000000000000185e+00 -3.634675854922708726e-01
2.224000000000000199e+00 -2.043615054007864862e-01
2.240000000000000213e+00 -1.017673919851586756e-01
2.256000000000000227e+00 -4.645316818291935629e-02
2.272000000000000242e+00 -2.168068300990282169e-03
2.288000000000000256e+00 5.403440730005680537e-02
2.304000000000000270e+00 1.227023489116833427e-01
2.319999999999999840e+00 2.007832558473233442e-01
2.335999999999999854e+00 2.939937866929613342e-01
2.351999999999999869e+00 4.045780740553319155e-01
2.367999999999999883e+00 5.122372294161469108e-01
2.383999999999999897e+00 5.796384558647214025e-01
2.399999999999999911e+00 5.845196683339581867e-01
2.415999999999999925e+00 5.388054384965089705e-01
2.431999999999999940e+00 4.652406944072090544e-01
2.447999999999999954e+00 3.685417989408145134e-01
2.463999999999999968e+00 2.478080896804961408e-01
2.479999999999999982e+00 1.221863203193092606e-01
2.495999999999999996e+00 2.013219109789933514e-02
