0.000000000000000000e+00 3.970484401839565436e+01
1.600000000000000033e-02 3.887874774444686210e+01
3.200000000000000067e-02 3.661118914437256677e+01
4.800000000000000100e-02 3.333736930508928964e+01
6.400000000000000133e-02 2.953986275955948670e+01
8.000000000000000167e-02 2.566103243203185258e+01
9.600000000000000200e-02 2.201909786332005936e+01
1.120000000000000023e-01 1.874946703855451346e+01
1.280000000000000027e-01 1.588336826204486130e+01
1.440000000000000169e-01 1.343361930198558341e+01
1.600000000000000033e-01 1.136934130517459174e+01
1.759999999999999898e-01 9.618147826338139694e+00
1.920000000000000040e-01 8.132663759803524073e+00
2.080000000000000182e-01 6.881104758865080662e+00
2.240000000000000047e-01 5.811287451778415658e+00
2.399999999999999911e-01 4.898401246613668825e+00
2.560000000000000053e-01 4.153509773647580339e+00
2.720000000000000195e-01 3.542581480261187910e+00
2.880000000000000338e-01 2.994311405550016847e+00
3.039999999999999925e-01 2.486750277160244327e+00
3.200000000000000067e-01 2.027386808489966885e+00
3.360000000000000209e-01 1.594205538113238729e+00
3.519999999999999796e-01 1.178620379775412896e+00
3.679999999999999938e-01 8.072109406925691566e-01
3.840000000000000080e-01 4.745169214587327544e-01
4.000000000000000222e-01 1.498565609184659697e-01
4.160000000000000364e-01 -1.519812443229827392e-01
4.319999999999999951e-01 -4.058104814672190419e-01
4.480000000000000093e-01 -6.357520454718745828e-01
4.640000000000000235e-01 -8.580776268220783320e-01
4.799999999999999822e-01 -1.042047132517033514e+00
4.959999999999999964e-01 -1.178344211096765237e+00
5.120000000000000107e-01 -1.297109882343633114e+00
5.280000000000000249e-01 -1.409493139272288920e+00
5.440000000000000391e-01 -1.514424872212584150e+00
5.600000000000000533e-01 -1.629042408186593738e+00
5.760000000000000675e-01 -1.750094732920747242e+00
5.919999999999999707e-01 -1.848359309904159753e+00
6.079999999999999849e-01 -1.924787950803726666e+00
6.239999999999999991e-01 -1.993861290299354661e+00
6.400000000000000133e-01 -2.035372319455831303e+00
6.560000000000000275e-01 -2.044242790813265209e+00
6.720000000000000417e-01 -2.065720429064409114e+00
6.880000000000000560e-01 -2.115337349671304601e+00
7.039999999999999591e-01 -2.149659502750628892e+00
7.199999999999999734e-01 -2.149957525295335792e+00
7.359999999999999876e-01 -2.142954739288613020e+00
7.520000000000000018e-01 -2.144149173234958461e+00
7.680000000000000160e-01 -2.160003503405925507e+00
7.840000000000000302e-01 -2.204424005224507876e+00
8.000000000000000444e-01 -2.260634830012572483e+00
8.160000000000000586e-01 -2.289352942078642261e+00
8.320000000000000728e-01 -2.284986444115294280e+00
8.479999999999999760e-01 -2.253380133964548282e+00
8.639999999999999902e-01 -2.167519409853802426e+00
8.800000000000000044e-01 -2.014433085443560589e+00
8.960000000000000187e-01 -1.834187659741324028e+00
9.120000000000000329e-01 -1.676246790055191394e+00
9.280000000000000471e-01 -1.577289403997526929e+00
9.440000000000000613e-01 -1.568685089168438962e+00
9.599999999999999645e-01 -1.636506968418894203e+00
9.759999999999999787e-01 -1.711541859330039106e+00
9.919999999999999929e-01 -1.739463102780096193e+00
1.008000000000000007e+00 -1.702093465079579593e+00
1.024000000000000021e+00 -1.578600088835035775e+00
1.040000000000000036e+00 -1.372326427004097793e+00
1.056000000000000050e+00 -1.140762284797912196e+00
1.072000000000000064e+00 -9.224882502520522776e-01
1.088000000000000078e+00 -6.935735725237510696e-01
1.104000000000000092e+00 -4.388689962900991226e-01
1.120000000000000107e+00 -1.870109428849571209e-01
1.136000000000000121e+00 3.367528371070883930e-02
1.152000000000000135e+00 2.001541142844902033e-01
1.167999999999999927e+00 2.868547332419241758e-01
1.183999999999999941e+00 3.062353526268311033e-01
1.199999999999999956e+00 3.010461940780578827e-01
1.215999999999999970e+00 2.838199040858125910e-01
1.231999999999999984e+00 2.535255165598887528e-01
1.247999999999999998e+00 2.380658647419688911e-01
1.264000000000000012e+00 2.500756098652162640e-01
1.280000000000000027e+00 2.653017795737353524e-01
1.296000000000000041e+00 2.859334690560643155e-01
1.312000000000000055e+00 3.364778233377067607e-01
1.328000000000000069e+00 3.947989694506833791e-01
1.344000000000000083e+00 4.223079629732676143e-01
1.360000000000000098e+00 4.272812455685804922e-01
1.376000000000000112e+00 4.257662731714407789e-01
1.392000000000000126e+00 4.141878341061575042e-01
1.407999999999999918e+00 4.197991650422852050e-01
1.423999999999999932e+00 4.809390290269762724e-01
1.439999999999999947e+00 5.764049626395468806e-01
1.455999999999999961e+00 6.670020981784415826e-01
1.471999999999999975e+00 7.629035008151127117e-01
1.487999999999999989e+00 8.756889830277123643e-01
1.504000000000000004e+00 9.776680097867592734e-01
1.520000000000000018e+00 1.047744460240991771e+00
1.536000000000000032e+00 1.075189739970594305e+00
1.552000000000000046e+00 1.029193509544630514e+00
1.568000000000000060e+00 9.047967974390445089e-01
1.584000000000000075e+00 7.507970054333720222e-01
1.600000000000000089e+00 6.020194146911945765e-01
1.616000000000000103e+00 4.612133867565740841e-01
1.632000000000000117e+00 3.526701594533446227e-01
1.648000000000000131e+00 2.967644074671978438e-01
1.664000000000000146e+00 2.630176123255637544e-01
1.679999999999999938e+00 2.312942411182407898e-01
1.695999999999999952e+00 2.289663577422423324e-01
1.711999999999999966e+00 2.555010087703680766e-01
1.727999999999999980e+00 2.694838883128036211e-01
1.743999999999999995e+00 2.662171656037873868e-01
1.760000000000000009e+00 2.666618316332240446e-01
1.776000000000000023e+00 2.575330575858565951e-01
1.792000000000000037e+00 2.282137890536511393e-01
1.808000000000000052e+00 2.036664676786353878e-01
1.824000000000000066e+00 1.880642320809551293e-01
1.840000000000000080e+00 1.566172705554770839e-01
1.856000000000000094e+00 1.079560153707568165e-01
1.872000000000000108e+00 4.304668992072373246e-02
1.888000000000000123e+00 -6.281935063343342673e-02
1.904000000000000137e+00 -1.986348365736809729e-01
1.919999999999999929e+00 -3.041451022374463409e-01
1.935999999999999943e+00 -3.491266109733878187e-01
1.951999999999999957e+00 -3.374793981967971201e-01
1.967999999999999972e+00 -2.555324406892766631e-01
1.983999999999999986e+00 -1.143957631776204853e-01
2.000000000000000000e+00 1.247690562174214209e-02
2.016000000000000014e+00 6.853134656731776908e-02
2.032000000000000028e+00 5.561535503213126813e-02
2.048000000000000043e+00 -2.125139522785719076e-02
2.064000000000000057e+00 -1.483782306765605297e-01
2.080000000000000071e+00 -2.644689381203821354e-01
2.096000000000000085e+00 -3.238957736062357262e-01
2.112000000000000099e+00 -3.464056341020921304e-01
2.128000000000000114e+00 -3.484791005855308876e-01
2.144000000000000128e+00 -3.191541384805745007e-01
2.160000000000000142e+00 -2.884372660412369282e-01
2.176000000000000156e+00 -3.136959764012210994e-01
2.192000000000000171e+00 -3.991147242839850895e-01
2.208000000000000185e+00 -5.029356686627977080e-01
2.224000000000000199e+00 -5.804784452027421660e-01
2.240000000000000213e+00 -5.824453272191288944e-01
2.256000000000000227e+00 -4.879163165182412998e-01
2.272000000000000242e+00 -3.466907560804788346e-01
2.288000000000000256e+00 -2.181309394599174889e-01
2.304000000000000270e+00 -1.079738242863871184e-01
2.319999999999999840e+00 -1.803409038718742016e-02
2.335999999999999854e+00 2.714499526965422072e-02
2.351999999999999869e+00 4.024590035936864707e-02
2.367999999999999883e+00 6.236066510986869316e-02
2.383999999999999897e+00 9.117903318725503747e-02
2.399999999999999911e+00 1.019964014567601857e-01
2.415999999999999925e+00 1.020032801925870036e-01
2.431999999999999940e+00 9.923620660873125332e-02
2.447999999999999954e+00 8.114268886922193502e-02
2.463999999999999968e+00 5.442423203112517482e-02
2.479999999999999982e+00 3.483984056782062078e-02
2.495999999999999996e+00 9.063923990786587961e-03
