0.000000000000000000e+00 4.099898374453203331e+01
1.600000000000000033e-02 4.013587332470653024e+01
3.200000000000000067e-02 3.775668620460758973e+01
4.800000000000000100e-02 3.433175420892669649e+01
6.400000000000000133e-02 3.040875840791374785e+01
8.000000000000000167e-02 2.644189292923646306e+01
9.600000000000000200e-02 2.272927738918568963e+01
1.120000000000000023e-01 1.942425252306761863e+01
1.280000000000000027e-01 1.656392424455690104e+01
1.440000000000000169e-01 1.410482044086863240e+01
1.600000000000000033e-01 1.197772221240636625e+01
1.759999999999999898e-01 1.014151874773327222e+01
1.920000000000000040e-01 8.592350123970886600e+00
2.080000000000000182e-01 7.323318163815566884e+00
2.240000000000000047e-01 6.288558555281981377e+00
2.399999999999999911e-01 5.418445648864349984e+00
2.560000000000000053e-01 4.662646203543874712e+00
2.720000000000000195e-01 4.002191995253204126e+00
2.880000000000000338e-01 3.420740526704507012e+00
3.039999999999999925e-01 2.883901738562717920e+00
3.200000000000000067e-01 2.358313596870805551e+00
3.360000000000000209e-01 1.840415428701372313e+00
3.519999999999999796e-01 1.351900575747489563e+00
3.679999999999999938e-01 9.085559728615980601e-01
3.840000000000000080e-01 5.050140406625226452e-01
4.000000000000000222e-01 1.313809285809180993e-01
4.160000000000000364e-01 -2.073942544048441583e-01
4.319999999999999951e-01 -4.976089659269640753e-01
4.480000000000000093e-01 -7.364802298746718767e-01
4.640000000000000235e-01 -9.358468507835384642e-01
4.799999999999999822e-01 -1.107702782965593657e+00
4.959999999999999964e-01 -1.255458346789840807e+00
5.120000000000000107e-01 -1.380219060292051214e+00
5.280000000000000249e-01 -1.484478009219675210e+00
5.440000000000000391e-01 -1.562802707987198447e+00
5.600000000000000533e-01 -1.597307681737397900e+00
5.760000000000000675e-01 -1.574644531317178631e+00
5.919999999999999707e-01 -1.507628868056597682e+00
6.079999999999999849e-01 -1.430763126598601165e+00
6.239999999999999991e-01 -1.371067891429452512e+00
6.400000000000000133e-01 -1.329885213415880729e+00
6.560000000000000275e-01 -1.296608121468844077e+00
6.720000000000000417e-01 -1.271121386297008993e+00
6.880000000000000560e-01 -1.262564894853544395e+00
7.039999999999999591e-01 -1.270897792555850225e+00
7.199999999999999734e-01 -1.284089231840815026e+00
7.359999999999999876e-01 -1.296405763171752268e+00
7.520000000000000018e-01 -1.316909314854416646e+00
7.680000000000000160e-01 -1.352021833055657485e+00
7.840000000000000302e-01 -1.389240626723027061e+00
8.000000000000000444e-01 -1.410629951983090935e+00
8.160000000000000586e-01 -1.419580836942454738e+00
8.320000000000000728e-01 -1.441189338318681790e+00
8.479999999999999760e-01 -1.491828805649531020e+00
8.639999999999999902e-01 -1.557198439178015370e+00
8.800000000000000044e-01 -1.607633580710200905e+00
8.960000000000000187e-01 -1.628399874801913061e+00
9.120000000000000329e-01 -1.622818713934960133e+00
9.280000000000000471e-01 -1.587213754955402623e+00
9.440000000000000613e-01 -1.500469420054114655e+00
9.599999999999999645e-01 -1.350811743363754758e+00
9.759999999999999787e-01 -1.164281438869280150e+00
9.919999999999999929e-01 -9.896200881476543421e-01
1.008000000000000007e+00 -8.513377271292774662e-01
1.024000000000000021e+00 -7.271106758158771832e-01
1.040000000000000036e+00 -5.760573464758589335e-01
1.056000000000000050e+00 -3.826971835822318146e-01
1.072000000000000064e+00 -1.676695101830238954e-01
1.088000000000000078e+00 3.858663400793077569e-02
1.104000000000000092e+00 2.214593982527404969e-01
1.120000000000000107e+00 3.803562857485582871e-01
1.136000000000000121e+00 5.133784869569670839e-01
1.152000000000000135e+00 6.153759400405554025e-01
1.167999999999999927e+00 6.889400257418923923e-01
1.183999999999999941e+00 7.460463589497949854e-01
1.199999999999999956e+00 7.947763484040806237e-01
1.215999999999999970e+00 8.316017964958436481e-01
1.231999999999999984e+00 8.522077601804864955e-01
1.247999999999999998e+00 8.645996348622704275e-01
1.264000000000000012e+00 8.838096714141385757e-01
1.280000000000000027e+00 9.155142640739423188e-01
1.296000000000000041e+00 9.534816364998567328e-01
1.312000000000000055e+00 9.951279806284702989e-01
1.328000000000000069e+00 1.050762347052481838e+00
1.344000000000000083e+00 1.130151789804459517e+00
1.360000000000000098e+00 1.225371663941816847e+00
1.376000000000000112e+00 1.317384675056852306e+00
1.392000000000000126e+00 1.399002597604540155e+00
1.407999999999999918e+00 1.480789110970709865e+00
1.423999999999999932e+00 1.570785329622692794e+00
1.439999999999999947e+00 1.656997382837942512e+00
1.455999999999999961e+00 1.715358972266654680e+00
1.471999999999999975e+00 1.728337595585807795e+00
1.487999999999999989e+00 1.689938007065464598e+00
1.504000000000000004e+00 1.600450447840419566e+00
1.520000000000000018e+00 1.469105657985441127e+00
1.536000000000000032e+00 1.321837036977943969e+00
1.552000000000000046e+00 1.192892994629284775e+00
1.568000000000000060e+00 1.098186401834767789e+00
1.584000000000000075e+00 1.020276057352604182e+00
1.600000000000000089e+00 9.293448321350582519e-01
1.616000000000000103e+00 8.201585923879920470e-01
1.632000000000000117e+00 7.199533386686391978e-01
1.648000000000000131e+00 6.566439488406358160e-01
1.664000000000000146e+00 6.285720401402918878e-01
1.679999999999999938e+00 6.137016055658641722e-01
1.695999999999999952e+00 6.011184566843212895e-01
1.711999999999999966e+00 5.996754670045396640e-01
1.727999999999999980e+00 6.160091119086812395e-01
1.743999999999999995e+00 6.390220815737869264e-01
1.760000000000000009e+00 6.549623465650769027e-01
1.776000000000000023e+00 6.689957840515454723e-01
1.792000000000000037e+00 6.983064266964705835e-01
1.808000000000000052e+00 7.438825860631497200e-01
1.824000000000000066e+00 7.811645779594537098e-01
1.840000000000000080e+00 7.843843103896467328e-01
1.856000000000000094e+00 7.514653950362601975e-01
1.872000000000000108e+00 6.963560185428100402e-01
1.888000000000000123e+00 6.246363343149988756e-01
1.904000000000000137e+00 5.327684570781310303e-01
1.919999999999999929e+00 4.328603141690593459e-01
1.935999999999999943e+00 3.609807227998040879e-01
1.951999999999999957e+00 3.468070287112684502e-01
1.967999999999999972e+00 3.796313748568039825e-01
1.983999999999999986e+00 4.158167086888783226e-01
2.000000000000000000e+00 4.190964845683156637e-01
2.016000000000000014e+00 3.842799138943601145e-01
2.032000000000000028e+00 3.227013046907880600e-01
2.048000000000000043e+00 2.394789869135528215e-01
2.064000000000000057e+00 1.350605830226502269e-01
2.080000000000000071e+00 2.169729773485163521e-02
2.096000000000000085e+00 -7.512895585680022525e-02
2.112000000000000099e+00 -1.350940255457326322e-01
2.128000000000000114e+00 -1.577021505852907735e-01
2.144000000000000128e+00 -1.568571769071922806e-01
2.160000000000000142e+00 -1.457915518941956534e-01
2.176000000000000156e+00 -1.314137902148124204e-01
2.192000000000000171e+00 -1.195725040899137670e-01
2.208000000000000185e+00 -1.162116871634284315e-01
2.224000000000000199e+00 -1.182749008521630646e-01
2.240000000000000213e+00 -1.097066343672469246e-01
2.256000000000000227e+00 -7.632128079849151425e-02
2.272000000000000242e+00 -2.471196009423247061e-02
2.288000000000000256e+00 2.180542372297354647e-02
2.304000000000000270e+00 4.725505069746344794e-02
2.319999999999999840e+00 5.442508853498888993e-02
2.335999999999999854e+00 5.035531486828363074e-02
2.351999999999999869e+00 3.212114897697343485e-02
2.367999999999999883e+00 -4.836916371829670484e-03
2.383999999999999897e+00 -5.281169361795103739e-02
2.399999999999999911e+00 -9.722099837756888185e-02
2.415999999999999925e+00 -1.315253703512882510e-01
2.431999999999999940e+00 -1.557837569479261219e-01
2.447999999999999954e+00 -1.624384848489368871e-01
2.463999999999999968e+00 -1.370637468984168827e-01
2.479999999999999982e+00 -7.914731856836099144e-02
2.495999999999999996e+00 -1.357864960097957333e-02
