0.000000000000000000e+00 3.625120625990047696e+00 3.127216318306406777e-03 -4.771225451819780840e-04
8.000000000000000167e-03 3.476423159277833630e+00 5.107167893267535591e-03 -2.699315513086751454e-04
1.600000000000000033e-02 3.078301181708151812e+00 6.032412122657072016e-03 2.343368698909317015e-05
2.400000000000000050e-02 2.497374197389519157e+00 4.840058275828564363e-03 2.947986367949376684e-04
3.200000000000000067e-02 1.825089178524085476e+00 2.248940313267277190e-03 4.833887889057157791e-04
4.000000000000000083e-02 1.155922316383919402e+00 -5.529249239441197741e-04 5.901449127741067524e-04
4.800000000000000100e-02 5.654097507137012535e-01 -2.580045673720238013e-03 6.367986357912638722e-04
5.600000000000000117e-02 9.621483155905316553e-02 -3.222690894168401925e-03 6.228595798002889644e-04
6.400000000000000133e-02 -2.427203966306053229e-01 -3.339580339920099859e-03 5.268660278451612559e-04
7.200000000000000844e-02 -4.655094977410341173e-01 -4.134643439340056001e-03 3.450809127001097133e-04
8.000000000000000167e-02 -5.952338241367374216e-01 -5.135433164609765934e-03 1.179625445045770808e-04
8.799999999999999489e-02 -6.525906546957265242e-01 -5.191605342841265104e-03 -8.685778711749115222e-05
9.600000000000000200e-02 -6.503813300568344058e-01 -4.048905324512869913e-03 -2.139798052811770195e-04
1.040000000000000091e-01 -5.954318283176188720e-01 -2.230837859538020891e-03 -2.424861849814388128e-04
1.120000000000000023e-01 -4.929616137639447615e-01 -3.561855396881138795e-04 -1.849766854981366062e-04
1.199999999999999956e-01 -3.483098072630883557e-01 1.239752828044950964e-03 -8.673816231264003544e-05
1.280000000000000027e-01 -1.695036626210302821e-01 1.930166140210195971e-03 -2.230025392004811094e-05
1.360000000000000098e-01 2.786371031937081091e-02 6.614210230799433743e-04 -5.601767967646985958e-05
1.440000000000000169e-01 2.199980788005488630e-01 -2.349449472045672931e-03 -1.799497577656916875e-04
1.519999999999999962e-01 3.816756466364486511e-01 -4.894367662780492977e-03 -3.047542442356991729e-04
1.600000000000000033e-01 4.947268493495425301e-01 -5.232462507354276003e-03 -3.307874681201152379e-04
1.680000000000000104e-01 5.502247391746797334e-01 -4.215234501809520147e-03 -2.202277913867415975e-04
1.759999999999999898e-01 5.448643553043540644e-01 -3.312227642955501393e-03 4.474113785016382886e-06
1.839999999999999969e-01 4.813601978215920063e-01 -2.262490918554073763e-03 3.006920294359858485e-04
1.920000000000000040e-01 3.729482987311651954e-01 -7.251964406999801983e-04 6.096107613023702245e-04
2.000000000000000111e-01 2.396458112760277703e-01 3.764329919595331810e-04 8.380696646224491866e-04
2.080000000000000182e-01 9.857777995356041545e-02 6.510806481861195318e-04 8.939554590770074083e-04
2.159999999999999976e-01 -3.721725629691059051e-02 7.897383392581634525e-04 7.680513914265037949e-04
2.240000000000000047e-01 -1.550359072381755077e-01 1.228903639970662775e-03 5.569210541008661917e-04
2.320000000000000118e-01 -2.448935081911403078e-01 1.802588611941886637e-03 3.832740367184515927e-04
2.399999999999999911e-01 -3.022969542474083227e-01 2.223204764863296722e-03 3.051890217195952332e-04
2.479999999999999982e-01 -3.254632391615279174e-01 2.367257885586925622e-03 3.042305316270187804e-04
2.560000000000000053e-01 -3.139313232102480811e-01 1.940101989545314244e-03 3.301986065354157768e-04
2.640000000000000124e-01 -2.703319817544546644e-01 3.714648969588463961e-04 3.401273976199362353e-04
2.720000000000000195e-01 -2.000469502097887153e-01 -2.018056678551029878e-03 3.184052430204068699e-04
2.800000000000000266e-01 -1.103474558467735372e-01 -3.760290990384273623e-03 2.858968902698655334e-04
2.880000000000000338e-01 -1.094674047112914952e-02 -4.185602007704730156e-03 2.859777963041067769e-04
2.959999999999999853e-01 8.815261828650351739e-02 -4.390688992345188890e-03 3.491521594645627369e-04
3.039999999999999925e-01 1.796515386858520968e-01 -5.414482651030423123e-03 4.739371543590594014e-04
3.119999999999999996e-01 2.566032830607605786e-01 -6.663696088834285616e-03 6.398955184192282528e-04
3.200000000000000067e-01 3.098317468038738198e-01 -7.002820158749284429e-03 8.107717626043575449e-04
3.280000000000000138e-01 3.327035966336598372e-01 -6.177302117413111318e-03 9.081068286903025725e-04
3.360000000000000209e-01 3.260798308724583983e-01 -4.657560914585642288e-03 8.230694069938764837e-04
3.440000000000000280e-01 2.953484511986837480e-01 -3.365183829563161543e-03 5.148232516339725298e-04
3.519999999999999796e-01 2.460125248418361665e-01 -3.216064529693742242e-03 9.997263853337664305e-05
3.599999999999999867e-01 1.839432503028263499e-01 -3.782178282225090275e-03 -2.048589733199805306e-04
3.679999999999999938e-01 1.164915256286303824e-01 -3.328457076946884138e-03 -2.613824126460568089e-04
3.760000000000000009e-01 5.196527592774929927e-02 -1.043060141666949823e-03 -1.245721006598355415e-04
3.840000000000000080e-01 -1.863841598193198947e-03 1.895348763942800987e-03 2.575075175512877486e-05
3.920000000000000151e-01 -4.006406195301642076e-02 4.185364343748997594e-03 5.197844190817673451e-05
4.000000000000000222e-01 -6.104017613664397546e-02 5.559554224630844713e-03 -5.102790077224465408e-05
4.080000000000000293e-01 -6.479765369031999234e-02 5.534700585521694534e-03 -2.026799908613809978e-04
4.160000000000000364e-01 -5.281655676916692521e-02 3.837771001564881709e-03 -3.275233426980795779e-04
4.239999999999999880e-01 -2.848108168368207807e-02 1.891043381596807342e-03 -3.901068006036680319e-04
4.319999999999999951e-01 4.449196877046487399e-03 1.080915824045073064e-03 -3.751052085683872594e-04
4.400000000000000022e-01 4.195872164654955438e-02 1.073031593573344671e-03 -2.701384003042796409e-04
4.480000000000000093e-01 7.863284985074077416e-02 1.131853591077514563e-03 -7.980388838935652653e-05
4.560000000000000164e-01 1.096277181595262107e-01 9.527861301821091873e-04 1.468578860401416135e-04
4.640000000000000235e-01 1.326824226337020018e-01 4.631009767956607219e-04 3.151871357628231057e-04
4.720000000000000306e-01 1.461560200367203188e-01 4.603183612635021113e-05 3.391740563807944852e-04
4.799999999999999822e-01 1.477315469755531296e-01 2.305034248753569685e-04 2.245555672256749661e-04
4.879999999999999893e-01 1.368337711622936992e-01 9.740824848353094078e-04 8.950791660916565279e-05
4.959999999999999964e-01 1.163408450615456002e-01 1.481165251046413691e-03 6.058761845733306295e-05
5.040000000000000036e-01 9.084811540264674246e-02 1.122010606116488705e-03 1.243238356315222253e-04
5.120000000000000107e-01 6.398506505130709121e-02 6.440933252035912571e-04 1.046321122510799695e-04
5.200000000000000178e-01 3.781976112820378821e-02 1.133841582599892607e-03 -1.828267448714410311e-04
5.280000000000000249e-01 1.435993504061274482e-02 2.146010548712179705e-03 -7.557756154567172539e-04
5.360000000000000320e-01 -3.888959467762952496e-03 2.653570046206835294e-03 -1.454052224152642576e-03
5.440000000000000391e-01 -1.559391364661117697e-02 2.826420616178851927e-03 -2.085587072907871872e-03
5.520000000000000462e-01 -2.122299094613624634e-02 3.519636305690434803e-03 -2.560478412408786521e-03
5.600000000000000533e-01 -2.100278853277236235e-02 5.117780068921835845e-03 -2.898931157295964438e-03
5.680000000000000604e-01 -1.384558452228899610e-02 7.356976196363961863e-03 -3.165243390224533118e-03
5.760000000000000675e-01 6.833175590761585410e-04 9.686092155332830245e-03 -3.426224857326136148e-03
5.839999999999999636e-01 2.050975976870607689e-02 1.225586681229972469e-02 -3.734267480343249866e-03
5.919999999999999707e-01 4.197798225305244407e-02 1.616713485790936475e-02 -4.085330597890323052e-03
5.999999999999999778e-01 6.229088053790693413e-02 2.151562093234659148e-02 -4.378067962648326747e-03
6.079999999999999849e-01 8.049341036999248244e-02 2.685022081386864712e-02 -4.450118727249018254e-03
6.159999999999999920e-01 9.570421937075665464e-02 3.174814236004533385e-02 -4.192921331480775615e-03
6.239999999999999991e-01 1.056105885514087572e-01 3.712186589462285191e-02 -3.654933631421692242e-03
6.320000000000000062e-01 1.082617829701117834e-01 4.276389692526924580e-02 -3.048681997250381366e-03
6.400000000000000133e-01 1.037845430491286663e-01 4.738338923816505510e-02 -2.656105902592171327e-03
6.480000000000000204e-01 9.324941679516168813e-02 5.017376621412166643e-02 -2.699446168951654193e-03
6.560000000000000275e-01 7.869769891850827981e-02 5.083809007802136265e-02 -3.261833654239921360e-03
6.640000000000000346e-01 6.435799826183186134e-02 4.937623886276881757e-02 -4.296263507925393403e-03
6.720000000000000417e-01 5.428183647270277273e-02 4.644332918789848691e-02 -5.681646517891508590e-03
6.800000000000000488e-01 4.956620447377961536e-02 4.332108384798367268e-02 -7.226969419235717076e-03
6.880000000000000560e-01 4.945358998703518194e-02 4.117188654168307121e-02 -8.570572532661370133e-03
6.960000000000000631e-01 5.225330977339689292e-02 4.070381401838926022e-02 -9.083897879402110659e-03
7.039999999999999591e-01 5.547299116045518314e-02 4.260889484688713119e-02 -7.999034814243318955e-03
7.119999999999999662e-01 5.806305363641320327e-02 4.660587580334930174e-02 -4.839466162800695401e-03
7.199999999999999734e-01 6.016285597183583522e-02 5.038805500762355560e-02 8.237451190321291459e-05
7.279999999999999805e-01 5.967855136541735245e-02 5.162330042543215175e-02 5.514601215813043703e-03
7.359999999999999876e-01 5.392306882998239292e-02 4.972984476281824828e-02 9.703412440614159543e-03
7.439999999999999947e-01 4.418827849847552919e-02 4.515178482124405229e-02 1.123830880111890800e-02
7.520000000000000018e-01 3.381492712898814118e-02 3.894177689114557139e-02 9.790631376582524872e-03
7.600000000000000089e-01 2.374042883001233409e-02 3.229581452694423038e-02 6.272849639484007894e-03
7.680000000000000160e-01 1.402868966001919251e-02 2.561391385379308688e-02 2.329196025262117008e-03
7.760000000000000231e-01 6.760962233660029394e-03 1.894680009754468389e-02 -5.182953835845259018e-04
7.840000000000000302e-01 3.490944729059088873e-03 1.251013062669735325e-02 -1.569012791994571108e-03
7.920000000000000373e-01 2.244531732676986486e-03 6.284716780641144696e-03 -1.109851985177560431e-03
