0.000000000000000000e+00 3.991835964360597444e+01
1.600000000000000033e-02 3.908054385817834486e+01
3.200000000000000067e-02 3.679293668204924472e+01
4.800000000000000100e-02 3.350659291143045238e+01
6.400000000000000133e-02 2.974094819511517329e+01
8.000000000000000167e-02 2.593405660892095810e+01
9.600000000000000200e-02 2.237860479230092281e+01
1.120000000000000023e-01 1.921536239289661196e+01
1.280000000000000027e-01 1.646897924657367440e+01
1.440000000000000169e-01 1.410570417461722315e+01
1.600000000000000033e-01 1.207881260967630155e+01
1.759999999999999898e-01 1.035121694206338461e+01
1.920000000000000040e-01 8.900420142515207189e+00
2.080000000000000182e-01 7.701614036681942110e+00
2.240000000000000047e-01 6.703889004884392655e+00
2.399999999999999911e-01 5.839700664777517147e+00
2.560000000000000053e-01 5.065920234575952641e+00
2.720000000000000195e-01 4.377824485495096951e+00
2.880000000000000338e-01 3.774110496386763991e+00
3.039999999999999925e-01 3.230177056320330475e+00
3.200000000000000067e-01 2.719287622524487524e+00
3.360000000000000209e-01 2.237179703835491473e+00
3.519999999999999796e-01 1.786496045592283810e+00
3.679999999999999938e-01 1.354724586288235333e+00
3.840000000000000080e-01 9.259151112266650330e-01
4.000000000000000222e-01 4.992582085607300546e-01
4.160000000000000364e-01 8.144837011058497778e-02
4.319999999999999951e-01 -3.234450938380184493e-01
4.480000000000000093e-01 -7.035016660750442741e-01
4.640000000000000235e-01 -1.034633889096961301e+00
4.799999999999999822e-01 -1.299813443355129827e+00
4.959999999999999964e-01 -1.501764503998966438e+00
5.120000000000000107e-01 -1.653047675930924054e+00
5.280000000000000249e-01 -1.770027349682371298e+00
5.440000000000000391e-01 -1.877663827743217828e+00
5.600000000000000533e-01 -1.997021187173111612e+00
5.760000000000000675e-01 -2.121136465344666711e+00
5.919999999999999707e-01 -2.221897895522738420e+00
6.079999999999999849e-01 -2.283836661649345512e+00
6.239999999999999991e-01 -2.313173167836338973e+00
6.400000000000000133e-01 -2.317373402961856677e+00
6.560000000000000275e-01 -2.300358748250106444e+00
6.720000000000000417e-01 -2.276183606659719416e+00
6.880000000000000560e-01 -2.264547860797881729e+00
7.039999999999999591e-01 -2.273889212114054370e+00
7.199999999999999734e-01 -2.302652444307185853e+00
7.359999999999999876e-01 -2.347124179052252568e+00
7.520000000000000018e-01 -2.396273469913777543e+00
7.680000000000000160e-01 -2.431614539437414457e+00
7.840000000000000302e-01 -2.438274243177233735e+00
8.000000000000000444e-01 -2.404558046861787535e+00
8.160000000000000586e-01 -2.318805966858818124e+00
8.320000000000000728e-01 -2.187380630346249522e+00
8.479999999999999760e-01 -2.044825307315852658e+00
8.639999999999999902e-01 -1.923718488327706977e+00
8.800000000000000044e-01 -1.824274059498691036e+00
8.960000000000000187e-01 -1.728889175512196008e+00
9.120000000000000329e-01 -1.632105028692250936e+00
9.280000000000000471e-01 -1.543953655392923174e+00
9.440000000000000613e-01 -1.478001435135841701e+00
9.599999999999999645e-01 -1.442190963683371852e+00
9.759999999999999787e-01 -1.425615112027248443e+00
9.919999999999999929e-01 -1.392497381337282514e+00
1.008000000000000007e+00 -1.308483723989198877e+00
1.024000000000000021e+00 -1.176447396045190441e+00
1.040000000000000036e+00 -1.029968995034184598e+00
1.056000000000000050e+00 -8.929862179866395744e-01
1.072000000000000064e+00 -7.678703422508278420e-01
1.088000000000000078e+00 -6.616385956008827840e-01
1.104000000000000092e+00 -5.920618070033386582e-01
1.120000000000000107e+00 -5.570829485588402186e-01
1.136000000000000121e+00 -5.246509096333709099e-01
1.152000000000000135e+00 -4.668090155460111190e-01
1.167999999999999927e+00 -3.848841146624892851e-01
1.183999999999999941e+00 -2.925198133002496204e-01
1.199999999999999956e+00 -1.932287056296499717e-01
1.215999999999999970e+00 -8.384990038287934433e-02
1.231999999999999984e+00 3.328221769348019971e-02
1.247999999999999998e+00 1.466269371144661438e-01
1.264000000000000012e+00 2.362803657530717361e-01
1.280000000000000027e+00 2.830216977159403791e-01
1.296000000000000041e+00 2.862240385131510911e-01
1.312000000000000055e+00 2.659644469733477568e-01
1.328000000000000069e+00 2.410459148950429287e-01
1.344000000000000083e+00 2.192503887784153782e-01
1.360000000000000098e+00 2.149329306041991849e-01
1.376000000000000112e+00 2.499389280739560959e-01
1.392000000000000126e+00 3.204350857682535803e-01
1.407999999999999918e+00 3.873966650122465105e-01
1.423999999999999932e+00 4.197055212263795521e-01
1.439999999999999947e+00 4.262970130478245800e-01
1.455999999999999961e+00 4.318122955510643735e-01
1.471999999999999975e+00 4.447493640610770682e-01
1.487999999999999989e+00 4.640558053514564629e-01
1.504000000000000004e+00 4.958554772459680127e-01
1.520000000000000018e+00 5.512301627960362049e-01
1.536000000000000032e+00 6.392419933253558062e-01
1.552000000000000046e+00 7.621944848108919146e-01
1.568000000000000060e+00 9.077075475405276261e-01
1.584000000000000075e+00 1.052119834196903136e+00
1.600000000000000089e+00 1.176470597144505081e+00
1.616000000000000103e+00 1.266004127834774451e+00
1.632000000000000117e+00 1.297719975351235844e+00
1.648000000000000131e+00 1.254994270525893185e+00
1.664000000000000146e+00 1.155253863266496150e+00
1.679999999999999938e+00 1.036762208095158400e+00
1.695999999999999952e+00 9.171023940923892503e-01
1.711999999999999966e+00 7.871236129775471824e-01
1.727999999999999980e+00 6.418246306427278780e-01
1.743999999999999995e+00 4.928699804999859269e-01
1.760000000000000009e+00 3.521666020068205394e-01
1.776000000000000023e+00 2.237905968553609570e-01
1.792000000000000037e+00 1.113560878239807650e-01
1.808000000000000052e+00 1.694338155299566009e-02
1.824000000000000066e+00 -6.529784084807743749e-02
1.840000000000000080e+00 -1.414016464347133128e-01
1.856000000000000094e+00 -2.087595697316577958e-01
1.872000000000000108e+00 -2.666808709395501187e-01
1.888000000000000123e+00 -3.248678353266327146e-01
1.904000000000000137e+00 -3.861085289028918788e-01
1.919999999999999929e+00 -4.330963159366575388e-01
1.935999999999999943e+00 -4.503181351160369661e-01
1.951999999999999957e+00 -4.472386936212269792e-01
1.967999999999999972e+00 -4.441027720886860930e-01
1.983999999999999986e+00 -4.503372102840575986e-01
2.000000000000000000e+00 -4.729909385400141164e-01
2.016000000000000014e+00 -5.257558937975351787e-01
2.032000000000000028e+00 -6.056890731269428674e-01
2.048000000000000043e+00 -6.749505744456463230e-01
2.064000000000000057e+00 -6.884031492775481986e-01
2.080000000000000071e+00 -6.335609189598550017e-01
2.096000000000000085e+00 -5.343472647397788933e-01
2.112000000000000099e+00 -4.301678674483387921e-01
2.128000000000000114e+00 -3.588813090643513393e-01
2.144000000000000128e+00 -3.397540212884639366e-01
2.160000000000000142e+00 -3.595974078118640005e-01
2.176000000000000156e+00 -3.860582403835466359e-01
2.192000000000000171e+00 -3.970694130950210288e-01
2.208000000000000185e+00 -3.889829943308868443e-01
2.224000000000000199e+00 -3.665907791383031245e-01
2.240000000000000213e+00 -3.398594055097846622e-01
2.256000000000000227e+00 -3.180676303381143599e-01
2.272000000000000242e+00 -2.956281165063582850e-01
2.288000000000000256e+00 -2.595280169599006315e-01
2.304000000000000270e+00 -2.161909058056956934e-01
2.319999999999999840e+00 -1.898789633933499477e-01
2.335999999999999854e+00 -1.931100963841621554e-01
2.351999999999999869e+00 -2.212656759909780169e-01
2.367999999999999883e+00 -2.714613478448272832e-01
2.383999999999999897e+00 -3.400987199356174662e-01
2.399999999999999911e+00 -4.067800170921215819e-01
2.415999999999999925e+00 -4.451408174937034334e-01
2.431999999999999940e+00 -4.445180431195590032e-01
2.447999999999999954e+00 -4.036928513354122172e-01
2.463999999999999968e+00 -3.163991557938269361e-01
2.479999999999999982e+00 -1.844004008194331523e-01
2.495999999999999996e+00 -3.523768503005425545e-02
