0.000000000000000000e+00 3.981419499706065324e+01
1.600000000000000033e-02 3.902753068944748804e+01
3.200000000000000067e-02 3.685346725237949528e+01
4.800000000000000100e-02 3.369034098030345348e+01
6.400000000000000133e-02 3.001329288848161880e+01
8.000000000000000167e-02 2.623754782430124521e+01
9.600000000000000200e-02 2.265754432013742914e+01
1.120000000000000023e-01 1.943707789122749219e+01
1.280000000000000027e-01 1.662297571072815217e+01
1.440000000000000169e-01 1.418395478210493543e+01
1.600000000000000033e-01 1.206796157280898818e+01
1.759999999999999898e-01 1.024382186592653809e+01
1.920000000000000040e-01 8.702038383461873750e+00
2.080000000000000182e-01 7.428749544218550938e+00
2.240000000000000047e-01 6.386039248046845529e+00
2.399999999999999911e-01 5.515143163236018609e+00
2.560000000000000053e-01 4.754651363154546395e+00
2.720000000000000195e-01 4.057912999114202002e+00
2.880000000000000338e-01 3.400658761178493972e+00
3.039999999999999925e-01 2.778793691335569527e+00
3.200000000000000067e-01 2.200546155817502125e+00
3.360000000000000209e-01 1.677159876450787124e+00
3.519999999999999796e-01 1.214795177916243363e+00
3.679999999999999938e-01 8.090763103745779450e-01
3.840000000000000080e-01 4.437597369883550802e-01
4.000000000000000222e-01 9.574918030154135062e-02
4.160000000000000364e-01 -2.533915763049129355e-01
4.319999999999999951e-01 -6.059753377114122097e-01
4.480000000000000093e-01 -9.472489968940644989e-01
4.640000000000000235e-01 -1.257029000284389353e+00
4.799999999999999822e-01 -1.521801676724232388e+00
4.959999999999999964e-01 -1.735014805153269446e+00
5.120000000000000107e-01 -1.890247742879550108e+00
5.280000000000000249e-01 -1.982483058209223881e+00
5.440000000000000391e-01 -2.020118693424516998e+00
5.600000000000000533e-01 -2.031640882137984327e+00
5.760000000000000675e-01 -2.052830520038528839e+00
5.919999999999999707e-01 -2.102101255226107579e+00
6.079999999999999849e-01 -2.167168226245819618e+00
6.239999999999999991e-01 -2.217315012552482312e+00
6.400000000000000133e-01 -2.230689730263338610e+00
6.560000000000000275e-01 -2.211410927767408996e+00
6.720000000000000417e-01 -2.182704119941288656e+00
6.880000000000000560e-01 -2.166547779684388164e+00
7.039999999999999591e-01 -2.170157339281682862e+00
7.199999999999999734e-01 -2.187420799452490350e+00
7.359999999999999876e-01 -2.207192490042095834e+00
7.520000000000000018e-01 -2.217871631259715315e+00
7.680000000000000160e-01 -2.207425542371553639e+00
7.840000000000000302e-01 -2.165598362905384100e+00
8.000000000000000444e-01 -2.090479814645377132e+00
8.160000000000000586e-01 -1.991756359770866069e+00
8.320000000000000728e-01 -1.884245954609064855e+00
8.479999999999999760e-01 -1.778169715784650551e+00
8.639999999999999902e-01 -1.677077619225971983e+00
8.800000000000000044e-01 -1.582713574269249968e+00
8.960000000000000187e-01 -1.497791051425975350e+00
9.120000000000000329e-01 -1.425005549513375325e+00
9.280000000000000471e-01 -1.367229367061863599e+00
9.440000000000000613e-01 -1.327062001476150499e+00
9.599999999999999645e-01 -1.299974417845922492e+00
9.759999999999999787e-01 -1.267665791393323804e+00
9.919999999999999929e-01 -1.206784705064596119e+00
1.008000000000000007e+00 -1.110132981293522336e+00
1.024000000000000021e+00 -9.936432732610414043e-01
1.040000000000000036e+00 -8.745379948956162330e-01
1.056000000000000050e+00 -7.469534275968547909e-01
1.072000000000000064e+00 -5.907954185276831360e-01
1.088000000000000078e+00 -4.044176711834658322e-01
1.104000000000000092e+00 -2.146209155176135031e-01
1.120000000000000107e+00 -4.802443414747548101e-02
1.136000000000000121e+00 9.619489610488106413e-02
1.152000000000000135e+00 2.349270422515661594e-01
1.167999999999999927e+00 3.697898116106857480e-01
1.183999999999999941e+00 4.794230490294575930e-01
1.199999999999999956e+00 5.419904417310906775e-01
1.215999999999999970e+00 5.561159167792690816e-01
1.231999999999999984e+00 5.389543688993517767e-01
1.247999999999999998e+00 5.121109030017096941e-01
1.264000000000000012e+00 4.929396012306027086e-01
1.280000000000000027e+00 4.928893421666629138e-01
1.296000000000000041e+00 5.168872318976778235e-01
1.312000000000000055e+00 5.640687982657642818e-01
1.328000000000000069e+00 6.323609958844721435e-01
1.344000000000000083e+00 7.223636934324504377e-01
1.360000000000000098e+00 8.337859239557739999e-01
1.376000000000000112e+00 9.568872147232423409e-01
1.392000000000000126e+00 1.069424040046827118e+00
1.407999999999999918e+00 1.144715102591225442e+00
1.423999999999999932e+00 1.165005501396511489e+00
1.439999999999999947e+00 1.130296204079745070e+00
1.455999999999999961e+00 1.057707755439329045e+00
1.471999999999999975e+00 9.714451448033396552e-01
1.487999999999999989e+00 8.871728646857290901e-01
1.504000000000000004e+00 8.016797025607372840e-01
1.520000000000000018e+00 7.009243263115773059e-01
1.536000000000000032e+00 5.833634538031067240e-01
1.552000000000000046e+00 4.736526159935603442e-01
1.568000000000000060e+00 4.071306585895401176e-01
1.584000000000000075e+00 3.992300728855204817e-01
1.600000000000000089e+00 4.332057788486264327e-01
1.616000000000000103e+00 4.769563765481720785e-01
1.632000000000000117e+00 5.059469543830484861e-01
1.648000000000000131e+00 5.089078145336460857e-01
1.664000000000000146e+00 4.806214632896981809e-01
1.679999999999999938e+00 4.194327917969925545e-01
1.695999999999999952e+00 3.321691654231435087e-01
1.711999999999999966e+00 2.352093032286904917e-01
1.727999999999999980e+00 1.476944729686421598e-01
1.743999999999999995e+00 8.378577181949276032e-02
1.760000000000000009e+00 4.827690686598998249e-02
1.776000000000000023e+00 3.541965095790396145e-02
1.792000000000000037e+00 3.356665431379053655e-02
1.808000000000000052e+00 3.492074665341261819e-02
1.824000000000000066e+00 3.974992430363760015e-02
1.840000000000000080e+00 4.966380296839539854e-02
1.856000000000000094e+00 6.210443292066929882e-02
1.872000000000000108e+00 7.638647496827476180e-02
1.888000000000000123e+00 1.005914605653662197e-01
1.904000000000000137e+00 1.457969510512018285e-01
1.919999999999999929e+00 2.148229977327355267e-01
1.935999999999999943e+00 2.998228420176524689e-01
1.951999999999999957e+00 3.869408121520344079e-01
1.967999999999999972e+00 4.590229020340481636e-01
1.983999999999999986e+00 4.989187974275599013e-01
2.000000000000000000e+00 4.987297651291542899e-01
2.016000000000000014e+00 4.667177924545287127e-01
2.032000000000000028e+00 4.208088834104039000e-01
2.048000000000000043e+00 3.749981256902461535e-01
2.064000000000000057e+00 3.343508625333682649e-01
2.080000000000000071e+00 2.993942458883356306e-01
2.096000000000000085e+00 2.667255038262698053e-01
2.112000000000000099e+00 2.241011544776876363e-01
2.128000000000000114e+00 1.553710546876761744e-01
2.144000000000000128e+00 5.990506889136313490e-02
2.160000000000000142e+00 -3.593875993484532683e-02
2.176000000000000156e+00 -9.655804016769248266e-02
2.192000000000000171e+00 -1.093423967276721392e-01
2.208000000000000185e+00 -9.510283677834743821e-02
2.224000000000000199e+00 -8.607598632845861464e-02
2.240000000000000213e+00 -9.878758692215490467e-02
2.256000000000000227e+00 -1.282386120644090632e-01
2.272000000000000242e+00 -1.585974106377489867e-01
2.288000000000000256e+00 -1.724497567104694429e-01
2.304000000000000270e+00 -1.567447627927426868e-01
2.319999999999999840e+00 -1.125194197579352656e-01
2.335999999999999854e+00 -6.096255847693642788e-02
2.351999999999999869e+00 -3.097949238434140329e-02
2.367999999999999883e+00 -3.426215229407636453e-02
2.383999999999999897e+00 -5.466472822553464228e-02
2.399999999999999911e+00 -6.549311640545681101e-02
2.415999999999999925e+00 -5.562618027643564944e-02
2.431999999999999940e+00 -3.590918054450033259e-02
2.447999999999999954e+00 -2.217151230050314753e-02
2.463999999999999968e+00 -1.755524073070516972e-02
2.479999999999999982e+00 -1.335797691935318617e-02
2.495999999999999996e+00 -3.156241945790028494e-03
