0.000000000000000000e+00 3.927040750550889214e+01
1.600000000000000033e-02 3.845089893184754715e+01
3.200000000000000067e-02 3.619773745677786536e+01
4.800000000000000100e-02 3.297307276919227803e+01
6.400000000000000133e-02 2.927982779588546691e+01
8.000000000000000167e-02 2.552012708571086463e+01
9.600000000000000200e-02 2.196988216713242181e+01
1.120000000000000023e-01 1.878695367707673114e+01
1.280000000000000027e-01 1.601668934035039271e+01
1.440000000000000169e-01 1.362724969252231233e+01
1.600000000000000033e-01 1.156978038674449571e+01
1.759999999999999898e-01 9.806735307123757295e+00
1.920000000000000040e-01 8.297631509937890115e+00
2.080000000000000182e-01 6.996192614745884164e+00
2.240000000000000047e-01 5.877089600834600525e+00
2.399999999999999911e-01 4.939894657743802320e+00
2.560000000000000053e-01 4.167542812568862054e+00
2.720000000000000195e-01 3.500721198339805440e+00
2.880000000000000338e-01 2.874698582478154130e+00
3.039999999999999925e-01 2.267572437655906104e+00
3.200000000000000067e-01 1.694083650112826911e+00
3.360000000000000209e-01 1.168801571280792650e+00
3.519999999999999796e-01 6.987528719042498393e-01
3.679999999999999938e-01 2.966119205964318772e-01
3.840000000000000080e-01 -3.145317608397830283e-02
4.000000000000000222e-01 -3.098412093023266145e-01
4.160000000000000364e-01 -5.802432218172811629e-01
4.319999999999999951e-01 -8.607134145831981664e-01
4.480000000000000093e-01 -1.134093206224835670e+00
4.640000000000000235e-01 -1.376334842269333114e+00
4.799999999999999822e-01 -1.578683293696624412e+00
4.959999999999999964e-01 -1.740082308411548651e+00
5.120000000000000107e-01 -1.856274093922447799e+00
5.280000000000000249e-01 -1.927536033659206449e+00
5.440000000000000391e-01 -1.968937656145526072e+00
5.600000000000000533e-01 -2.001767842803802822e+00
5.760000000000000675e-01 -2.034653907383471072e+00
5.919999999999999707e-01 -2.059856856125713342e+00
6.079999999999999849e-01 -2.071668256021641064e+00
6.239999999999999991e-01 -2.084297857927257969e+00
6.400000000000000133e-01 -2.123860194455878148e+00
6.560000000000000275e-01 -2.200658502969818464e+00
6.720000000000000417e-01 -2.296532529628961594e+00
6.880000000000000560e-01 -2.386101779295859426e+00
7.039999999999999591e-01 -2.465593611063761514e+00
7.199999999999999734e-01 -2.550727045331791398e+00
7.359999999999999876e-01 -2.647590117821722711e+00
7.520000000000000018e-01 -2.738632677502651269e+00
7.680000000000000160e-01 -2.802554739816732976e+00
7.840000000000000302e-01 -2.836633296482409250e+00
8.000000000000000444e-01 -2.849721181951942128e+00
8.160000000000000586e-01 -2.841518539308558022e+00
8.320000000000000728e-01 -2.801745590838107258e+00
8.479999999999999760e-01 -2.726908356434941449e+00
8.639999999999999902e-01 -2.626283150057875382e+00
8.800000000000000044e-01 -2.511560201640981482e+00
8.960000000000000187e-01 -2.389819274041188990e+00
9.120000000000000329e-01 -2.266425720410426337e+00
9.280000000000000471e-01 -2.146018300677674961e+00
9.440000000000000613e-01 -2.030427492276313473e+00
9.599999999999999645e-01 -1.923198609823578931e+00
9.759999999999999787e-01 -1.833027541829157725e+00
9.919999999999999929e-01 -1.758365950673760336e+00
1.008000000000000007e+00 -1.666495500621388848e+00
1.024000000000000021e+00 -1.506840366466403180e+00
1.040000000000000036e+00 -1.260991365693828747e+00
1.056000000000000050e+00 -9.721100602977891247e-01
1.072000000000000064e+00 -7.107669903514454157e-01
1.088000000000000078e+00 -5.158434007979862956e-01
1.104000000000000092e+00 -3.792893867112671069e-01
1.120000000000000107e+00 -2.774145439844511452e-01
1.136000000000000121e+00 -1.948392157663712265e-01
1.152000000000000135e+00 -1.207517657899213476e-01
1.167999999999999927e+00 -4.632276892774196686e-02
1.183999999999999941e+00 2.693927831511677348e-02
1.199999999999999956e+00 9.107280231291575712e-02
1.215999999999999970e+00 1.462714618739163475e-01
1.231999999999999984e+00 1.969141231348986720e-01
1.247999999999999998e+00 2.332129822896802096e-01
1.264000000000000012e+00 2.348365730502362525e-01
1.280000000000000027e+00 1.965139202062237411e-01
1.296000000000000041e+00 1.364639929530021278e-01
1.312000000000000055e+00 7.939481884212130913e-02
1.328000000000000069e+00 4.595984477472744856e-02
1.344000000000000083e+00 5.676248163752954656e-02
1.360000000000000098e+00 1.259001861178260795e-01
1.376000000000000112e+00 2.446650760304943106e-01
1.392000000000000126e+00 3.857994457671790056e-01
1.407999999999999918e+00 5.264531310285578414e-01
1.423999999999999932e+00 6.522494914767833496e-01
1.439999999999999947e+00 7.393201794216154310e-01
1.455999999999999961e+00 7.565494312680131062e-01
1.471999999999999975e+00 6.974608608709543800e-01
1.487999999999999989e+00 5.924500255074733879e-01
1.504000000000000004e+00 4.764072726940956071e-01
1.520000000000000018e+00 3.596531570807524614e-01
1.536000000000000032e+00 2.442261377790378440e-01
1.552000000000000046e+00 1.491549497710298045e-01
1.568000000000000060e+00 9.416540786233265625e-02
1.584000000000000075e+00 6.801780922735335688e-02
1.600000000000000089e+00 3.989442406347561143e-02
1.616000000000000103e+00 6.013639048378841391e-04
1.632000000000000117e+00 -3.118902923079973702e-02
1.648000000000000131e+00 -4.449807219282997384e-02
1.664000000000000146e+00 -5.388331836891911697e-02
1.679999999999999938e+00 -7.613084391686182617e-02
1.695999999999999952e+00 -1.112303401774352996e-01
1.711999999999999966e+00 -1.562779675567045057e-01
1.727999999999999980e+00 -2.183799650942429837e-01
1.743999999999999995e+00 -2.998702077187261894e-01
1.760000000000000009e+00 -3.870257604689874564e-01
1.776000000000000023e+00 -4.689710411271860724e-01
1.792000000000000037e+00 -5.520596003532206586e-01
1.808000000000000052e+00 -6.355177633691486694e-01
1.824000000000000066e+00 -6.873604871255984960e-01
1.840000000000000080e+00 -6.732652867818647024e-01
1.856000000000000094e+00 -6.055023669409769216e-01
1.872000000000000108e+00 -5.360949413166026245e-01
1.888000000000000123e+00 -5.000830897055893454e-01
1.904000000000000137e+00 -4.892265208143281585e-01
1.919999999999999929e+00 -4.818227846656108482e-01
1.935999999999999943e+00 -4.699536827542333262e-01
1.951999999999999957e+00 -4.505600591311810788e-01
1.967999999999999972e+00 -4.183593911741680937e-01
1.983999999999999986e+00 -3.838050907498544162e-01
2.000000000000000000e+00 -3.784226730884817091e-01
2.016000000000000014e+00 -4.246424881332042101e-01
2.032000000000000028e+00 -5.102520539967430047e-01
2.048000000000000043e+00 -6.033102474547661354e-01
2.064000000000000057e+00 -6.816072010398099845e-01
2.080000000000000071e+00 -7.371270115573859139e-01
2.096000000000000085e+00 -7.628780276737942012e-01
2.112000000000000099e+00 -7.522538721427768360e-01
2.128000000000000114e+00 -7.109310707876523860e-01
2.144000000000000128e+00 -6.569357660559662637e-01
2.160000000000000142e+00 -6.034388928934939500e-01
2.176000000000000156e+00 -5.470094674526880807e-01
2.192000000000000171e+00 -4.785218982606795901e-01
2.208000000000000185e+00 -4.026218681063725713e-01
2.224000000000000199e+00 -3.377463783903804084e-01
2.240000000000000213e+00 -2.935869521033013796e-01
2.256000000000000227e+00 -2.561516252108942404e-01
2.272000000000000242e+00 -2.049299847206713932e-01
2.288000000000000256e+00 -1.434302985973320566e-01
2.304000000000000270e+00 -1.012392630108509411e-01
2.319999999999999840e+00 -1.004508208993689783e-01
2.335999999999999854e+00 -1.284262754381919613e-01
2.351999999999999869e+00 -1.519655679196966480e-01
2.367999999999999883e+00 -1.524514221626979971e-01
2.383999999999999897e+00 -1.373067760952273730e-01
2.399999999999999911e+00 -1.219673987786511343e-01
2.415999999999999925e+00 -1.139792536821414570e-01
2.431999999999999940e+00 -1.135549047728267452e-01
2.447999999999999954e+00 -1.148195054973354667e-01
2.463999999999999968e+00 -1.031615777099800235e-01
2.479999999999999982e+00 -6.565840423581034702e-02
2.495999999999999996e+00 -1.215017033800559927e-02
