0.000000000000000000e+00 3.936114763372260228e+01
1.600000000000000033e-02 3.857445460023377848e+01
3.200000000000000067e-02 3.639514986864965351e+01
4.800000000000000100e-02 3.323560532347440244e+01
6.400000000000000133e-02 2.958529821496270173e+01
8.000000000000000167e-02 2.586406129780104024e+01
9.600000000000000200e-02 2.235580614395956545e+01
1.120000000000000023e-01 1.920568682176842046e+01
1.280000000000000027e-01 1.645039551888209317e+01
1.440000000000000169e-01 1.406714476410702908e+01
1.600000000000000033e-01 1.201864467189357022e+01
1.759999999999999898e-01 1.026714780755572853e+01
1.920000000000000040e-01 8.766559611080085190e+00
2.080000000000000182e-01 7.466956226508868255e+00
2.240000000000000047e-01 6.332716334347451514e+00
2.399999999999999911e-01 5.344313834968387411e+00
2.560000000000000053e-01 4.483645052315512913e+00
2.720000000000000195e-01 3.731275992219134086e+00
2.880000000000000338e-01 3.073359470748636912e+00
3.039999999999999925e-01 2.494035355173694679e+00
3.200000000000000067e-01 1.964717126533063407e+00
3.360000000000000209e-01 1.456761973720724690e+00
3.519999999999999796e-01 9.610931734282474048e-01
3.679999999999999938e-01 4.847244372133208135e-01
3.840000000000000080e-01 3.661027948273264110e-02
4.000000000000000222e-01 -3.735361053680274490e-01
4.160000000000000364e-01 -7.332312568328884783e-01
4.319999999999999951e-01 -1.034325893752943815e+00
4.480000000000000093e-01 -1.278702997484824744e+00
4.640000000000000235e-01 -1.478934767008076134e+00
4.799999999999999822e-01 -1.659337263180627575e+00
4.959999999999999964e-01 -1.845863961648451346e+00
5.120000000000000107e-01 -2.042159296024192550e+00
5.280000000000000249e-01 -2.224183095893457640e+00
5.440000000000000391e-01 -2.368518222261584594e+00
5.600000000000000533e-01 -2.476523095217188164e+00
5.760000000000000675e-01 -2.565103045116452485e+00
5.919999999999999707e-01 -2.646491841986874594e+00
6.079999999999999849e-01 -2.720843060360197185e+00
6.239999999999999991e-01 -2.775181206584149241e+00
6.400000000000000133e-01 -2.788308436986829619e+00
6.560000000000000275e-01 -2.750763838454667543e+00
6.720000000000000417e-01 -2.680145485805769390e+00
6.880000000000000560e-01 -2.604835814952960682e+00
7.039999999999999591e-01 -2.536628023446107161e+00
7.199999999999999734e-01 -2.472692383208344502e+00
7.359999999999999876e-01 -2.417567685754219653e+00
7.520000000000000018e-01 -2.383711032101040406e+00
7.680000000000000160e-01 -2.370585552464631984e+00
7.840000000000000302e-01 -2.360571503440677343e+00
8.000000000000000444e-01 -2.339347369461098225e+00
8.160000000000000586e-01 -2.307315880363642879e+00
8.320000000000000728e-01 -2.267362754227006949e+00
8.479999999999999760e-01 -2.214725138447048547e+00
8.639999999999999902e-01 -2.147012418176488691e+00
8.800000000000000044e-01 -2.074792486109888312e+00
8.960000000000000187e-01 -2.011993759326589526e+00
9.120000000000000329e-01 -1.959544348589756124e+00
9.280000000000000471e-01 -1.904837421938105457e+00
9.440000000000000613e-01 -1.831654780717885345e+00
9.599999999999999645e-01 -1.723341995831741302e+00
9.759999999999999787e-01 -1.565000006586023229e+00
9.919999999999999929e-01 -1.357498279101137406e+00
1.008000000000000007e+00 -1.126861503107816853e+00
1.024000000000000021e+00 -9.059316500051894927e-01
1.040000000000000036e+00 -7.076456059076086103e-01
1.056000000000000050e+00 -5.277080036338472890e-01
1.072000000000000064e+00 -3.671730982179649549e-01
1.088000000000000078e+00 -2.341932362724271910e-01
1.104000000000000092e+00 -1.263568445936616713e-01
1.120000000000000107e+00 -2.934497999399158022e-02
1.136000000000000121e+00 6.843045115844749449e-02
1.152000000000000135e+00 1.741980676339884571e-01
1.167999999999999927e+00 2.978278768430641099e-01
1.183999999999999941e+00 4.441024290203899882e-01
1.199999999999999956e+00 6.007343585287294729e-01
1.215999999999999970e+00 7.434802889772413881e-01
1.231999999999999984e+00 8.487875556386272891e-01
1.247999999999999998e+00 9.014330540286266125e-01
1.264000000000000012e+00 9.046361601646402129e-01
1.280000000000000027e+00 8.864443361605511829e-01
1.296000000000000041e+00 8.835718135805266105e-01
1.312000000000000055e+00 9.164862273303274742e-01
1.328000000000000069e+00 9.851625137201028837e-01
1.344000000000000083e+00 1.078242342241620078e+00
1.360000000000000098e+00 1.174260563262631951e+00
1.376000000000000112e+00 1.244145189963128617e+00
1.392000000000000126e+00 1.265883837803110978e+00
1.407999999999999918e+00 1.234755525456944003e+00
1.423999999999999932e+00 1.161560557986148989e+00
1.439999999999999947e+00 1.072576141134320871e+00
1.455999999999999961e+00 1.005114911559995994e+00
1.471999999999999975e+00 9.822469445127186560e-01
1.487999999999999989e+00 9.909486621389116401e-01
1.504000000000000004e+00 1.000493296743436122e+00
1.520000000000000018e+00 1.000136932586857874e+00
1.536000000000000032e+00 1.004436118563916125e+00
1.552000000000000046e+00 1.026627447195354925e+00
1.568000000000000060e+00 1.063398252878120731e+00
1.584000000000000075e+00 1.102770480512474949e+00
1.600000000000000089e+00 1.130738144399734191e+00
1.616000000000000103e+00 1.130825530757960218e+00
1.632000000000000117e+00 1.092419541821185058e+00
1.648000000000000131e+00 1.023135227939851788e+00
1.664000000000000146e+00 9.431255869683203841e-01
1.679999999999999938e+00 8.648115912256604254e-01
1.695999999999999952e+00 7.859771481567161544e-01
1.711999999999999966e+00 7.026908152031130506e-01
1.727999999999999980e+00 6.177478218814406175e-01
1.743999999999999995e+00 5.327562616175091081e-01
1.760000000000000009e+00 4.433532095545151819e-01
1.776000000000000023e+00 3.500062209778325717e-01
1.792000000000000037e+00 2.640276942569220742e-01
1.808000000000000052e+00 1.923848303152282946e-01
1.824000000000000066e+00 1.239342197572210758e-01
1.840000000000000080e+00 4.269538861328748408e-02
1.856000000000000094e+00 -5.182088373674283849e-02
1.872000000000000108e+00 -1.513272588439989463e-01
1.888000000000000123e+00 -2.588569611421177585e-01
1.904000000000000137e+00 -3.838707766311749148e-01
1.919999999999999929e+00 -5.197508280079946585e-01
1.935999999999999943e+00 -6.430891794170472409e-01
1.951999999999999957e+00 -7.344179140765467739e-01
1.967999999999999972e+00 -7.869859937112591020e-01
1.983999999999999986e+00 -8.008813401086013473e-01
2.000000000000000000e+00 -7.830492019102860413e-01
2.016000000000000014e+00 -7.480323230765059117e-01
2.032000000000000028e+00 -7.073721707622092625e-01
2.048000000000000043e+00 -6.638099080063947222e-01
2.064000000000000057e+00 -6.196923575900183945e-01
2.080000000000000071e+00 -5.776898181069727300e-01
2.096000000000000085e+00 -5.289352896855256114e-01
2.112000000000000099e+00 -4.559180707006349476e-01
2.128000000000000114e+00 -3.533410043609604423e-01
2.144000000000000128e+00 -2.376982843590779437e-01
2.160000000000000142e+00 -1.377595131908072312e-01
2.176000000000000156e+00 -8.151585282123595400e-02
2.192000000000000171e+00 -8.198536363318681408e-02
2.208000000000000185e+00 -1.250403418423775836e-01
2.224000000000000199e+00 -1.781156510753975353e-01
2.240000000000000213e+00 -2.150129762075518036e-01
2.256000000000000227e+00 -2.245478438159058121e-01
2.272000000000000242e+00 -2.017452052507974769e-01
2.288000000000000256e+00 -1.509450501313268911e-01
2.304000000000000270e+00 -9.655890386158075267e-02
2.319999999999999840e+00 -7.094066145222670261e-02
2.335999999999999854e+00 -8.839369392304255446e-02
2.351999999999999869e+00 -1.408034686906245170e-01
2.367999999999999883e+00 -2.118711770412215201e-01
2.383999999999999897e+00 -2.818448954705930487e-01
2.399999999999999911e+00 -3.263431040958155172e-01
2.415999999999999925e+00 -3.285302308725450149e-01
2.431999999999999940e+00 -2.918266392185591696e-01
2.447999999999999954e+00 -2.308067417189778592e-01
2.463999999999999968e+00 -1.551507902896729907e-01
2.479999999999999982e+00 -7.407982410352419167e-02
2.495999999999999996e+00 -9.943255556384714144e-03
