0.000000000000000000e+00 4.053536926538999552e+01
1.600000000000000033e-02 3.966506789936173760e+01
3.200000000000000067e-02 3.726817269262725318e+01
4.800000000000000100e-02 3.383294110760289186e+01
6.400000000000000133e-02 2.992623612169548153e+01
8.000000000000000167e-02 2.601243245873323673e+01
9.600000000000000200e-02 2.238236572916521894e+01
1.120000000000000023e-01 1.916239793178064943e+01
1.280000000000000027e-01 1.635685820576843952e+01
1.440000000000000169e-01 1.390864716997296568e+01
1.600000000000000033e-01 1.176241701565345998e+01
1.759999999999999898e-01 9.896419416415906056e+00
1.920000000000000040e-01 8.308271218931592372e+00
2.080000000000000182e-01 6.983753266962713369e+00
2.240000000000000047e-01 5.886293369226864414e+00
2.399999999999999911e-01 4.969701291737493420e+00
2.560000000000000053e-01 4.191168811093110236e+00
2.720000000000000195e-01 3.513647903460173971e+00
2.880000000000000338e-01 2.904925481157481393e+00
3.039999999999999925e-01 2.338413354349563544e+00
3.200000000000000067e-01 1.794913512890957241e+00
3.360000000000000209e-01 1.268101034542762795e+00
3.519999999999999796e-01 7.716686754049593144e-01
3.679999999999999938e-01 3.334008112781081112e-01
3.840000000000000080e-01 -2.875308781992516258e-02
4.000000000000000222e-01 -3.247885214730366066e-01
4.160000000000000364e-01 -5.818509818739701078e-01
4.319999999999999951e-01 -8.198735415397679915e-01
4.480000000000000093e-01 -1.045524318369595029e+00
4.640000000000000235e-01 -1.262834869987601749e+00
4.799999999999999822e-01 -1.473516081779417730e+00
4.959999999999999964e-01 -1.666436603454135579e+00
5.120000000000000107e-01 -1.822197340674250210e+00
5.280000000000000249e-01 -1.933033545753413351e+00
5.440000000000000391e-01 -2.008307367955739942e+00
5.600000000000000533e-01 -2.059889026103622456e+00
5.760000000000000675e-01 -2.094758706358637923e+00
5.919999999999999707e-01 -2.122408213115996478e+00
6.079999999999999849e-01 -2.154508440893545984e+00
6.239999999999999991e-01 -2.194063411150891429e+00
6.400000000000000133e-01 -2.237161344623066928e+00
6.560000000000000275e-01 -2.285579662092879882e+00
6.720000000000000417e-01 -2.342161840630984759e+00
6.880000000000000560e-01 -2.391180504871702528e+00
7.039999999999999591e-01 -2.400360859952954673e+00
7.199999999999999734e-01 -2.353096119821430854e+00
7.359999999999999876e-01 -2.271377245089051922e+00
7.520000000000000018e-01 -2.198463227426006750e+00
7.680000000000000160e-01 -2.161160625538504299e+00
7.840000000000000302e-01 -2.152700904438301421e+00
8.000000000000000444e-01 -2.146447259004878205e+00
8.160000000000000586e-01 -2.115660611924033763e+00
8.320000000000000728e-01 -2.040646393131388958e+00
8.479999999999999760e-01 -1.913120548073009575e+00
8.639999999999999902e-01 -1.747380284158523089e+00
8.800000000000000044e-01 -1.581428452499625159e+00
8.960000000000000187e-01 -1.453602033114428371e+00
9.120000000000000329e-01 -1.376564162108943057e+00
9.280000000000000471e-01 -1.337424759090033222e+00
9.440000000000000613e-01 -1.314331172715986318e+00
9.599999999999999645e-01 -1.283027787593885805e+00
9.759999999999999787e-01 -1.218424545288640859e+00
9.919999999999999929e-01 -1.111536957570406603e+00
1.008000000000000007e+00 -9.875786781280446736e-01
1.024000000000000021e+00 -8.904723133101192234e-01
1.040000000000000036e+00 -8.396270237794275504e-01
1.056000000000000050e+00 -8.089005581288969404e-01
1.072000000000000064e+00 -7.547702496233269498e-01
1.088000000000000078e+00 -6.597472571174431977e-01
1.104000000000000092e+00 -5.416913903629291260e-01
1.120000000000000107e+00 -4.263772662325573948e-01
1.136000000000000121e+00 -3.215406736532478438e-01
1.152000000000000135e+00 -2.168033511614935460e-01
1.167999999999999927e+00 -9.911872850428070369e-02
1.183999999999999941e+00 3.312435586622792388e-02
1.199999999999999956e+00 1.633624217089715003e-01
1.215999999999999970e+00 2.637730250502214324e-01
1.231999999999999984e+00 3.179840321877561715e-01
1.247999999999999998e+00 3.395967085882469760e-01
1.264000000000000012e+00 3.630201619406357438e-01
1.280000000000000027e+00 4.169195376524766350e-01
1.296000000000000041e+00 5.110828741351839399e-01
1.312000000000000055e+00 6.406963207848421771e-01
1.328000000000000069e+00 7.868710491650742211e-01
1.344000000000000083e+00 9.121613479714862915e-01
1.360000000000000098e+00 9.726002743052402089e-01
1.376000000000000112e+00 9.460654880024627067e-01
1.392000000000000126e+00 8.467746989041750050e-01
1.407999999999999918e+00 7.108753373775723583e-01
1.423999999999999932e+00 5.737512584976216523e-01
1.439999999999999947e+00 4.597610398778869123e-01
1.455999999999999961e+00 3.794528818403098414e-01
1.471999999999999975e+00 3.271220909924413278e-01
1.487999999999999989e+00 2.883156952779069582e-01
1.504000000000000004e+00 2.585333416786014249e-01
1.520000000000000018e+00 2.496898110432334283e-01
1.536000000000000032e+00 2.712785041989538848e-01
1.552000000000000046e+00 3.113144335562438858e-01
1.568000000000000060e+00 3.444023524978570006e-01
1.584000000000000075e+00 3.540312689186883022e-01
1.600000000000000089e+00 3.391840119896815664e-01
1.616000000000000103e+00 3.052850210581085078e-01
1.632000000000000117e+00 2.612658350993091738e-01
1.648000000000000131e+00 2.243599630469730599e-01
1.664000000000000146e+00 2.138772965373407220e-01
1.679999999999999938e+00 2.337454101980054877e-01
1.695999999999999952e+00 2.687851412722467304e-01
1.711999999999999966e+00 3.029509983120483030e-01
1.727999999999999980e+00 3.316673955083450087e-01
1.743999999999999995e+00 3.484943893460764053e-01
1.760000000000000009e+00 3.319070408071955192e-01
1.776000000000000023e+00 2.630804586707108927e-01
1.792000000000000037e+00 1.541667167012043260e-01
1.808000000000000052e+00 4.269227926466924450e-02
1.824000000000000066e+00 -4.518268486902164011e-02
1.840000000000000080e+00 -1.157205414482204570e-01
1.856000000000000094e+00 -1.912492118597784452e-01
1.872000000000000108e+00 -2.833660339861174271e-01
1.888000000000000123e+00 -3.850216837120216118e-01
1.904000000000000137e+00 -4.792394279019915326e-01
1.919999999999999929e+00 -5.493508538356400850e-01
1.935999999999999943e+00 -5.875281122146942536e-01
1.951999999999999957e+00 -6.029783737582720127e-01
1.967999999999999972e+00 -6.201324587871417382e-01
1.983999999999999986e+00 -6.583864885514174592e-01
2.000000000000000000e+00 -7.109067157738674370e-01
2.016000000000000014e+00 -7.523538103439626479e-01
2.032000000000000028e+00 -7.704604916782658020e-01
2.048000000000000043e+00 -7.785084346799439059e-01
2.064000000000000057e+00 -7.905663342984946551e-01
2.080000000000000071e+00 -7.965978444012553616e-01
2.096000000000000085e+00 -7.719101753065726879e-01
2.112000000000000099e+00 -7.030384674317038396e-01
2.128000000000000114e+00 -5.979552253001271245e-01
2.144000000000000128e+00 -4.817609788670240700e-01
2.160000000000000142e+00 -3.897359658243653158e-01
2.176000000000000156e+00 -3.513352507053575935e-01
2.192000000000000171e+00 -3.667697186974318568e-01
2.208000000000000185e+00 -4.030639625662664760e-01
2.224000000000000199e+00 -4.211544074786580660e-01
2.240000000000000213e+00 -4.052533879469974454e-01
2.256000000000000227e+00 -3.661196386216692411e-01
2.272000000000000242e+00 -3.256474284722632451e-01
2.288000000000000256e+00 -3.020584686606681002e-01
2.304000000000000270e+00 -2.998900665172444802e-01
2.319999999999999840e+00 -3.075250327829540109e-01
2.335999999999999854e+00 -3.108206032486699466e-01
2.351999999999999869e+00 -3.126549056785088432e-01
2.367999999999999883e+00 -3.296279586609678347e-01
2.383999999999999897e+00 -3.636147553500717056e-01
2.399999999999999911e+00 -3.870460933196814279e-01
2.415999999999999925e+00 -3.672819593221995360e-01
2.431999999999999940e+00 -2.999615234402593367e-01
2.447999999999999954e+00 -2.087846952682944346e-01
2.463999999999999968e+00 -1.191894650724961424e-01
2.479999999999999982e+00 -4.608560104314119582e-02
2.495999999999999996e+00 -3.741681294985530534e-03
