0.000000000000000000e+00 4.951857404076332614e+01
1.600000000000000033e-02 4.848829811677344281e+01
3.200000000000000067e-02 4.562647217993617232e+01
4.800000000000000100e-02 4.150409735195358252e+01
6.400000000000000133e-02 3.676924724954562862e+01
8.000000000000000167e-02 3.195994234226462538e+01
9.600000000000000200e-02 2.743264511884843060e+01
1.120000000000000023e-01 2.336525978879058130e+01
1.280000000000000027e-01 1.980674604306390663e+01
1.440000000000000169e-01 1.674017878693133099e+01
1.600000000000000033e-01 1.412803722591822719e+01
1.759999999999999898e-01 1.193042507315492706e+01
1.920000000000000040e-01 1.010425953007613842e+01
2.080000000000000182e-01 8.599253150287182734e+00
2.240000000000000047e-01 7.360101295344636085e+00
2.399999999999999911e-01 6.333481147308179793e+00
2.560000000000000053e-01 5.474479414261316457e+00
2.720000000000000195e-01 4.747605743790832555e+00
2.880000000000000338e-01 4.121183216687268391e+00
3.039999999999999925e-01 3.559103885861727878e+00
3.200000000000000067e-01 3.022201848104642430e+00
3.360000000000000209e-01 2.485429640688702868e+00
3.519999999999999796e-01 1.948386875207292812e+00
3.679999999999999938e-01 1.420915288983564118e+00
3.840000000000000080e-01 9.067862639816829384e-01
4.000000000000000222e-01 4.059636775025889377e-01
4.160000000000000364e-01 -7.913007040607000775e-02
4.319999999999999951e-01 -5.446389114281496857e-01
4.480000000000000093e-01 -9.834938772869170620e-01
4.640000000000000235e-01 -1.374807951599019695e+00
4.799999999999999822e-01 -1.681563153546324907e+00
4.959999999999999964e-01 -1.875869567075456157e+00
5.120000000000000107e-01 -1.969477740273039235e+00
5.280000000000000249e-01 -2.009371258148819894e+00
5.440000000000000391e-01 -2.045439383968524982e+00
5.600000000000000533e-01 -2.105291649914592611e+00
5.760000000000000675e-01 -2.189023781324077600e+00
5.919999999999999707e-01 -2.278819701027413824e+00
6.079999999999999849e-01 -2.352102208872830502e+00
6.239999999999999991e-01 -2.391771713559936785e+00
6.400000000000000133e-01 -2.397540624009043331e+00
6.560000000000000275e-01 -2.389878466134735646e+00
6.720000000000000417e-01 -2.394762620905627415e+00
6.880000000000000560e-01 -2.423332864565567402e+00
7.039999999999999591e-01 -2.465767024520387096e+00
7.199999999999999734e-01 -2.500092453630131217e+00
7.359999999999999876e-01 -2.504386050518280893e+00
7.520000000000000018e-01 -2.462558250868559284e+00
7.680000000000000160e-01 -2.370333388919838580e+00
7.840000000000000302e-01 -2.246131711031432943e+00
8.000000000000000444e-01 -2.128888368933191888e+00
8.160000000000000586e-01 -2.054226078165596103e+00
8.320000000000000728e-01 -2.028314739476410278e+00
8.479999999999999760e-01 -2.024151363820665406e+00
8.639999999999999902e-01 -2.008436037876296432e+00
8.800000000000000044e-01 -1.969022696388286642e+00
8.960000000000000187e-01 -1.906260809374064502e+00
9.120000000000000329e-01 -1.812666286608813238e+00
9.280000000000000471e-01 -1.684817101849703569e+00
9.440000000000000613e-01 -1.544699939115219411e+00
9.599999999999999645e-01 -1.424627793190909264e+00
9.759999999999999787e-01 -1.330898245476244579e+00
9.919999999999999929e-01 -1.236633654754647704e+00
1.008000000000000007e+00 -1.112009391906378708e+00
1.024000000000000021e+00 -9.513123512169702201e-01
1.040000000000000036e+00 -7.704307047337751735e-01
1.056000000000000050e+00 -5.897047247702612571e-01
1.072000000000000064e+00 -4.221274576840320369e-01
1.088000000000000078e+00 -2.705072976732990075e-01
1.104000000000000092e+00 -1.307991399924720854e-01
1.120000000000000107e+00 1.619242641326836159e-03
1.136000000000000121e+00 1.258174289572558113e-01
1.152000000000000135e+00 2.354048466336641499e-01
1.167999999999999927e+00 3.276077003056748760e-01
1.183999999999999941e+00 4.081496653584100187e-01
1.199999999999999956e+00 4.816535422393110055e-01
1.215999999999999970e+00 5.404559976492039342e-01
1.231999999999999984e+00 5.675019138463943680e-01
1.247999999999999998e+00 5.531340673581423006e-01
1.264000000000000012e+00 5.118394600439740705e-01
1.280000000000000027e+00 4.803749613289230447e-01
1.296000000000000041e+00 4.967532238529901445e-01
1.312000000000000055e+00 5.802734199158375850e-01
1.328000000000000069e+00 7.258342022387941350e-01
1.344000000000000083e+00 9.104292391220214498e-01
1.360000000000000098e+00 1.103246415781881762e+00
1.376000000000000112e+00 1.273337966611719940e+00
1.392000000000000126e+00 1.399843193885544235e+00
1.407999999999999918e+00 1.482047004480864905e+00
1.423999999999999932e+00 1.530873731576597674e+00
1.439999999999999947e+00 1.548159884227147343e+00
1.455999999999999961e+00 1.525675119167494653e+00
1.471999999999999975e+00 1.465302419198324602e+00
1.487999999999999989e+00 1.387009845763378157e+00
1.504000000000000004e+00 1.310419461956108922e+00
1.520000000000000018e+00 1.237783205093881511e+00
1.536000000000000032e+00 1.166825653938929452e+00
1.552000000000000046e+00 1.113922402608124029e+00
1.568000000000000060e+00 1.107218081084342387e+00
1.584000000000000075e+00 1.153929074798424548e+00
1.600000000000000089e+00 1.222803255049426330e+00
1.616000000000000103e+00 1.262786880066218975e+00
1.632000000000000117e+00 1.242498068188882199e+00
1.648000000000000131e+00 1.176091771369436767e+00
1.664000000000000146e+00 1.108574334357441682e+00
1.679999999999999938e+00 1.071749835125926698e+00
1.695999999999999952e+00 1.055930434586793032e+00
1.711999999999999966e+00 1.024786918272548863e+00
1.727999999999999980e+00 9.507746848236260373e-01
1.743999999999999995e+00 8.338153139708843753e-01
1.760000000000000009e+00 6.968647941241263855e-01
1.776000000000000023e+00 5.738411419523735679e-01
1.792000000000000037e+00 4.969310466759423450e-01
1.808000000000000052e+00 4.834623737619811457e-01
1.824000000000000066e+00 5.291279564132729263e-01
1.840000000000000080e+00 6.124021897109006574e-01
1.856000000000000094e+00 7.020722530938429129e-01
1.872000000000000108e+00 7.613421892692806559e-01
1.888000000000000123e+00 7.575279357066887487e-01
1.904000000000000137e+00 6.824471844681336830e-01
1.919999999999999929e+00 5.643992952292762322e-01
1.935999999999999943e+00 4.502377672837350464e-01
1.951999999999999957e+00 3.693797957298905477e-01
1.967999999999999972e+00 3.173024716193242334e-01
1.983999999999999986e+00 2.732102339172459149e-01
2.000000000000000000e+00 2.246572820617925570e-01
2.016000000000000014e+00 1.733644308227557385e-01
2.032000000000000028e+00 1.306849400511715664e-01
2.048000000000000043e+00 1.163067391149049806e-01
2.064000000000000057e+00 1.535918198149688607e-01
2.080000000000000071e+00 2.560608048735649178e-01
2.096000000000000085e+00 4.141472037084686364e-01
2.112000000000000099e+00 5.908461811393248553e-01
2.128000000000000114e+00 7.299137016834162939e-01
2.144000000000000128e+00 7.794411365585693918e-01
2.160000000000000142e+00 7.217311140646978096e-01
2.176000000000000156e+00 5.850258390121857444e-01
2.192000000000000171e+00 4.248184750835048429e-01
2.208000000000000185e+00 2.950979510856103771e-01
2.224000000000000199e+00 2.325648183387700185e-01
2.240000000000000213e+00 2.477342134327546741e-01
2.256000000000000227e+00 3.169225887839069444e-01
2.272000000000000242e+00 3.946664104013806740e-01
2.288000000000000256e+00 4.493424928211918190e-01
2.304000000000000270e+00 4.839267463350717668e-01
2.319999999999999840e+00 5.148618704797620627e-01
2.335999999999999854e+00 5.357540200586208279e-01
2.351999999999999869e+00 5.146802354322265183e-01
2.367999999999999883e+00 4.311532252272828325e-01
2.383999999999999897e+00 3.044978546385358475e-01
2.399999999999999911e+00 1.772700651087041890e-01
2.415999999999999925e+00 7.809476345253811569e-02
2.431999999999999940e+00 9.380630345633727413e-03
2.447999999999999954e+00 -3.417135785933967523e-02
2.463999999999999968e+00 -4.962887298202270370e-02
2.479999999999999982e+00 -3.501368697429832477e-02
2.495999999999999996e+00 -5.986324241824543362e-03
