0.000000000000000000e+00 4.119288664458554194e+01
1.600000000000000033e-02 4.030301199267759671e+01
3.200000000000000067e-02 3.788179054865778284e+01
4.800000000000000100e-02 3.443730878318129385e+01
6.400000000000000133e-02 3.053228083430824924e+01
8.000000000000000167e-02 2.659813618069258112e+01
9.600000000000000200e-02 2.289046771460262519e+01
1.120000000000000023e-01 1.953406539292982558e+01
1.280000000000000027e-01 1.657900753882989875e+01
1.440000000000000169e-01 1.403640719795476777e+01
1.600000000000000033e-01 1.189522818049584707e+01
1.759999999999999898e-01 1.012685461844714219e+01
1.920000000000000040e-01 8.686319411450783790e+00
2.080000000000000182e-01 7.517977355905639314e+00
2.240000000000000047e-01 6.563766760378896947e+00
2.399999999999999911e-01 5.767261287507228218e+00
2.560000000000000053e-01 5.074154470046656762e+00
2.720000000000000195e-01 4.436916252991869314e+00
2.880000000000000338e-01 3.825700926152106884e+00
3.039999999999999925e-01 3.235398280660059633e+00
3.200000000000000067e-01 2.677326261063367685e+00
3.360000000000000209e-01 2.159875168900385667e+00
3.519999999999999796e-01 1.678138696415319320e+00
3.679999999999999938e-01 1.224563676458556793e+00
3.840000000000000080e-01 8.053530243622852858e-01
4.000000000000000222e-01 4.361700956073928936e-01
4.160000000000000364e-01 1.170803035067818632e-01
4.319999999999999951e-01 -1.794523669825446310e-01
4.480000000000000093e-01 -4.832450146622823128e-01
4.640000000000000235e-01 -7.902071524339291386e-01
4.799999999999999822e-01 -1.064750715019147309e+00
4.959999999999999964e-01 -1.282522002113450466e+00
5.120000000000000107e-01 -1.457312964381688225e+00
5.280000000000000249e-01 -1.615596419987914922e+00
5.440000000000000391e-01 -1.755686624967586873e+00
5.600000000000000533e-01 -1.848241234593453131e+00
5.760000000000000675e-01 -1.874809984563014842e+00
5.919999999999999707e-01 -1.853522939263331448e+00
6.079999999999999849e-01 -1.825922572483310136e+00
6.239999999999999991e-01 -1.825302125137047149e+00
6.400000000000000133e-01 -1.855456977345567804e+00
6.560000000000000275e-01 -1.892676892891925755e+00
6.720000000000000417e-01 -1.909966504868626069e+00
6.880000000000000560e-01 -1.904931332704757008e+00
7.039999999999999591e-01 -1.900054217808458734e+00
7.199999999999999734e-01 -1.908688232999214307e+00
7.359999999999999876e-01 -1.907175115572398161e+00
7.520000000000000018e-01 -1.855712547542757607e+00
7.680000000000000160e-01 -1.750064208388387499e+00
7.840000000000000302e-01 -1.639175837863335206e+00
8.000000000000000444e-01 -1.579963161391454873e+00
8.160000000000000586e-01 -1.579542058698075513e+00
8.320000000000000728e-01 -1.593856534085040133e+00
8.479999999999999760e-01 -1.582627296618265733e+00
8.639999999999999902e-01 -1.552077456263664335e+00
8.800000000000000044e-01 -1.536337699073650143e+00
8.960000000000000187e-01 -1.546626143182865620e+00
9.120000000000000329e-01 -1.552048321284174692e+00
9.280000000000000471e-01 -1.509319295290670437e+00
9.440000000000000613e-01 -1.398808881262662007e+00
9.599999999999999645e-01 -1.226761827163336038e+00
9.759999999999999787e-01 -1.005801650891069876e+00
9.919999999999999929e-01 -7.517696155951232306e-01
1.008000000000000007e+00 -4.999175684690841948e-01
1.024000000000000021e+00 -3.032134423727215755e-01
1.040000000000000036e+00 -1.966004858016221490e-01
1.056000000000000050e+00 -1.657231599315246440e-01
1.072000000000000064e+00 -1.606275419256020520e-01
1.088000000000000078e+00 -1.374518375925610492e-01
1.104000000000000092e+00 -8.108875597300568838e-02
1.120000000000000107e+00 2.708535397992143778e-03
1.136000000000000121e+00 1.017987512659468546e-01
1.152000000000000135e+00 2.057847843375690544e-01
1.167999999999999927e+00 3.118938245185843838e-01
1.183999999999999941e+00 4.246359904373922523e-01
1.199999999999999956e+00 5.452626237045907764e-01
1.215999999999999970e+00 6.661607751736143834e-01
1.231999999999999984e+00 7.810038715291470757e-01
1.247999999999999998e+00 8.916985096068564820e-01
1.264000000000000012e+00 9.947892077369641095e-01
1.280000000000000027e+00 1.068567291464222357e+00
1.296000000000000041e+00 1.089430146746511952e+00
1.312000000000000055e+00 1.061608164690280631e+00
1.328000000000000069e+00 1.018680879549962226e+00
1.344000000000000083e+00 9.921339240190533149e-01
1.360000000000000098e+00 9.861578558904807723e-01
1.376000000000000112e+00 9.854910134892259643e-01
1.392000000000000126e+00 9.785049113157697764e-01
1.407999999999999918e+00 9.658999643585997052e-01
1.423999999999999932e+00 9.535962894647358468e-01
1.439999999999999947e+00 9.477323852614677469e-01
1.455999999999999961e+00 9.561484715270970325e-01
1.471999999999999975e+00 9.845097018940710543e-01
1.487999999999999989e+00 1.024761614986513525e+00
1.504000000000000004e+00 1.051889358342572800e+00
1.520000000000000018e+00 1.040733394264700573e+00
1.536000000000000032e+00 9.902879658480474578e-01
1.552000000000000046e+00 9.293228895612603013e-01
1.568000000000000060e+00 8.935656636825302090e-01
1.584000000000000075e+00 8.958004867629533186e-01
1.600000000000000089e+00 9.196344219090364369e-01
1.616000000000000103e+00 9.396994154836109114e-01
1.632000000000000117e+00 9.400695096501227033e-01
1.648000000000000131e+00 9.128113078747075448e-01
1.664000000000000146e+00 8.527578444276996406e-01
1.679999999999999938e+00 7.651490864933078173e-01
1.695999999999999952e+00 6.705202298690458029e-01
1.711999999999999966e+00 5.887635293788721080e-01
1.727999999999999980e+00 5.213614164783598737e-01
1.743999999999999995e+00 4.592300309855439355e-01
1.760000000000000009e+00 4.019081407771144532e-01
1.776000000000000023e+00 3.543115240304273716e-01
1.792000000000000037e+00 3.078026549222602770e-01
1.808000000000000052e+00 2.430477443039702479e-01
1.824000000000000066e+00 1.567326492860710019e-01
1.840000000000000080e+00 7.118542391401797009e-02
1.856000000000000094e+00 9.440859162326948120e-03
1.872000000000000108e+00 -2.805333206849204564e-02
1.888000000000000123e+00 -5.126828579923693729e-02
1.904000000000000137e+00 -5.394454021201603583e-02
1.919999999999999929e+00 -1.562838203549372224e-02
1.935999999999999943e+00 6.812820016308092363e-02
1.951999999999999957e+00 1.713563960846270218e-01
1.967999999999999972e+00 2.619981022763742673e-01
1.983999999999999986e+00 3.330999897128704701e-01
2.000000000000000000e+00 3.988281193504970012e-01
2.016000000000000014e+00 4.620199923621372551e-01
2.032000000000000028e+00 4.997227516990932483e-01
2.048000000000000043e+00 4.891299304481150356e-01
2.064000000000000057e+00 4.410710809261360610e-01
2.080000000000000071e+00 3.962559234931987140e-01
2.096000000000000085e+00 3.868824361156219527e-01
2.112000000000000099e+00 4.092537921775582510e-01
2.128000000000000114e+00 4.353889855394217356e-01
2.144000000000000128e+00 4.419656054321444705e-01
2.160000000000000142e+00 4.227889292779064001e-01
2.176000000000000156e+00 3.832807783207266006e-01
2.192000000000000171e+00 3.346233420498965216e-01
2.208000000000000185e+00 2.892391350025315666e-01
2.224000000000000199e+00 2.507527287595585630e-01
2.240000000000000213e+00 2.085801930005588001e-01
2.256000000000000227e+00 1.488762766283926176e-01
2.272000000000000242e+00 6.705640854684721819e-02
2.288000000000000256e+00 -3.736340463538837670e-02
2.304000000000000270e+00 -1.695392899652229390e-01
2.319999999999999840e+00 -3.269018401005319152e-01
2.335999999999999854e+00 -4.800923562948377632e-01
2.351999999999999869e+00 -5.844994339118088078e-01
2.367999999999999883e+00 -6.184065228719096696e-01
2.383999999999999897e+00 -6.000081964951927693e-01
2.399999999999999911e+00 -5.612626353467679019e-01
2.415999999999999925e+00 -5.142531029000796394e-01
2.431999999999999940e+00 -4.498847036030476643e-01
2.447999999999999954e+00 -3.601126585206730901e-01
2.463999999999999968e+00 -2.498397245282946710e-01
2.479999999999999982e+00 -1.316561377017572421e-01
2.495999999999999996e+00 -2.285734170945840499e-02
