0.000000000000000000e+00 4.005664685989680862e+01
1.600000000000000033e-02 3.925228030493437359e+01
3.200000000000000067e-02 3.703994750533155411e+01
4.800000000000000100e-02 3.383935692499906622e+01
6.400000000000000133e-02 3.014150480597093562e+01
8.000000000000000167e-02 2.636239919114251862e+01
9.600000000000000200e-02 2.277935636024118438e+01
1.120000000000000023e-01 1.952894864559441146e+01
1.280000000000000027e-01 1.664545122906340779e+01
1.440000000000000169e-01 1.412025517160453880e+01
1.600000000000000033e-01 1.194423283095192367e+01
1.759999999999999898e-01 1.010992803696532150e+01
1.920000000000000040e-01 8.593888775745432085e+00
2.080000000000000182e-01 7.351148481977737070e+00
2.240000000000000047e-01 6.327341351834066430e+00
2.399999999999999911e-01 5.472746020939220024e+00
2.560000000000000053e-01 4.745441270656601596e+00
2.720000000000000195e-01 4.105556366277728131e+00
2.880000000000000338e-01 3.513674756088972728e+00
3.039999999999999925e-01 2.941063715344117924e+00
3.200000000000000067e-01 2.381309229815704587e+00
3.360000000000000209e-01 1.846919983430634238e+00
3.519999999999999796e-01 1.351525979506896569e+00
3.679999999999999938e-01 8.959151889211781628e-01
3.840000000000000080e-01 4.707732626238274043e-01
4.000000000000000222e-01 6.830725220698148636e-02
4.160000000000000364e-01 -3.129060250304159796e-01
4.319999999999999951e-01 -6.700435913414842792e-01
4.480000000000000093e-01 -9.936597435156744318e-01
4.640000000000000235e-01 -1.265091130485420656e+00
4.799999999999999822e-01 -1.470443580483203450e+00
4.959999999999999964e-01 -1.621702339247747204e+00
5.120000000000000107e-01 -1.752160492785227230e+00
5.280000000000000249e-01 -1.886587080575730990e+00
5.440000000000000391e-01 -2.026157158312865025e+00
5.600000000000000533e-01 -2.161151432986559762e+00
5.760000000000000675e-01 -2.280436452008272497e+00
5.919999999999999707e-01 -2.366516838826572933e+00
6.079999999999999849e-01 -2.400896670389183196e+00
6.239999999999999991e-01 -2.381350392531256688e+00
6.400000000000000133e-01 -2.322494912527090616e+00
6.560000000000000275e-01 -2.239115229210852487e+00
6.720000000000000417e-01 -2.139406244103943422e+00
6.880000000000000560e-01 -2.028946603949467686e+00
7.039999999999999591e-01 -1.908175269071696656e+00
7.199999999999999734e-01 -1.772857542546968812e+00
7.359999999999999876e-01 -1.630601152070943805e+00
7.520000000000000018e-01 -1.509326586538207726e+00
7.680000000000000160e-01 -1.435248298265175748e+00
7.840000000000000302e-01 -1.407752835164795657e+00
8.000000000000000444e-01 -1.407011384805459508e+00
8.160000000000000586e-01 -1.419928846967686287e+00
8.320000000000000728e-01 -1.446178542100835074e+00
8.479999999999999760e-01 -1.481873499081326928e+00
8.639999999999999902e-01 -1.511310846481151771e+00
8.800000000000000044e-01 -1.521405051736314684e+00
8.960000000000000187e-01 -1.518007936712403971e+00
9.120000000000000329e-01 -1.518282609899856528e+00
9.280000000000000471e-01 -1.526052594854325317e+00
9.440000000000000613e-01 -1.523189266997091451e+00
9.599999999999999645e-01 -1.489211662066037167e+00
9.759999999999999787e-01 -1.420874616788186717e+00
9.919999999999999929e-01 -1.324942498897446752e+00
1.008000000000000007e+00 -1.198399157877097831e+00
1.024000000000000021e+00 -1.027966960868625046e+00
1.040000000000000036e+00 -8.111537726876855148e-01
1.056000000000000050e+00 -5.693165119480100289e-01
1.072000000000000064e+00 -3.326577713677978942e-01
1.088000000000000078e+00 -1.152457253467268350e-01
1.104000000000000092e+00 8.595492925997198774e-02
1.120000000000000107e+00 2.677296378856315329e-01
1.136000000000000121e+00 4.106326420466812066e-01
1.152000000000000135e+00 4.991815927293576372e-01
1.167999999999999927e+00 5.389268771665931546e-01
1.183999999999999941e+00 5.443126199547821953e-01
1.199999999999999956e+00 5.227235284937178372e-01
1.215999999999999970e+00 4.806820401498821393e-01
1.231999999999999984e+00 4.315487764928039871e-01
1.247999999999999998e+00 3.844246283828087196e-01
1.264000000000000012e+00 3.373854389143612909e-01
1.280000000000000027e+00 2.938012233418639263e-01
1.296000000000000041e+00 2.756737055711810380e-01
1.312000000000000055e+00 3.097797202456339383e-01
1.328000000000000069e+00 4.047179251192906668e-01
1.344000000000000083e+00 5.439513588155212576e-01
1.360000000000000098e+00 6.936997083902709527e-01
1.376000000000000112e+00 8.173233248536141415e-01
1.392000000000000126e+00 8.936995928274511503e-01
1.407999999999999918e+00 9.288250434717332249e-01
1.423999999999999932e+00 9.473784519122752101e-01
1.439999999999999947e+00 9.710634939687435851e-01
1.455999999999999961e+00 1.004985523032471351e+00
1.471999999999999975e+00 1.042065968189660463e+00
1.487999999999999989e+00 1.076314082795976068e+00
1.504000000000000004e+00 1.108889234884491204e+00
1.520000000000000018e+00 1.140689727030824496e+00
1.536000000000000032e+00 1.163156468014579614e+00
1.552000000000000046e+00 1.162908564986772753e+00
1.568000000000000060e+00 1.136694551519099594e+00
1.584000000000000075e+00 1.098002344249688678e+00
1.600000000000000089e+00 1.067929300245247903e+00
1.616000000000000103e+00 1.061317675505469627e+00
1.632000000000000117e+00 1.080617129157326550e+00
1.648000000000000131e+00 1.119575391551458798e+00
1.664000000000000146e+00 1.169606199017931170e+00
1.679999999999999938e+00 1.220346445879699093e+00
1.695999999999999952e+00 1.256373969637048171e+00
1.711999999999999966e+00 1.260458829612595366e+00
1.727999999999999980e+00 1.222482060658975689e+00
1.743999999999999995e+00 1.141867952302324962e+00
1.760000000000000009e+00 1.024507248281323779e+00
1.776000000000000023e+00 8.848604214159299097e-01
1.792000000000000037e+00 7.458033684530867014e-01
1.808000000000000052e+00 6.241791369159198632e-01
1.824000000000000066e+00 5.194798199014479811e-01
1.840000000000000080e+00 4.260738895776944313e-01
1.856000000000000094e+00 3.473970783351174596e-01
1.872000000000000108e+00 2.840390746707795455e-01
1.888000000000000123e+00 2.181304294946187772e-01
1.904000000000000137e+00 1.290161539394911461e-01
1.919999999999999929e+00 2.099588274667193305e-02
1.935999999999999943e+00 -7.852801222608506160e-02
1.951999999999999957e+00 -1.443877391553567424e-01
1.967999999999999972e+00 -1.663904215033514544e-01
1.983999999999999986e+00 -1.446496218827069136e-01
2.000000000000000000e+00 -8.846830516592506244e-02
2.016000000000000014e+00 -2.073341188274757316e-02
2.032000000000000028e+00 2.841801228644335459e-02
2.048000000000000043e+00 3.985640415833222039e-02
2.064000000000000057e+00 1.645320387832057210e-02
2.080000000000000071e+00 -2.685191848799275277e-02
2.096000000000000085e+00 -8.274672581913392055e-02
2.112000000000000099e+00 -1.567939974563664352e-01
2.128000000000000114e+00 -2.523967372103141926e-01
2.144000000000000128e+00 -3.575136892754982587e-01
2.160000000000000142e+00 -4.523463015269100773e-01
2.176000000000000156e+00 -5.270919575776954469e-01
2.192000000000000171e+00 -5.858318219363610746e-01
2.208000000000000185e+00 -6.329043042575407396e-01
2.224000000000000199e+00 -6.608241211784753322e-01
2.240000000000000213e+00 -6.556423245184690440e-01
2.256000000000000227e+00 -6.124674796981962599e-01
2.272000000000000242e+00 -5.401912867419760289e-01
2.288000000000000256e+00 -4.510939677698893591e-01
2.304000000000000270e+00 -3.543771685914231528e-01
2.319999999999999840e+00 -2.612121799564646740e-01
2.335999999999999854e+00 -1.821446025376071975e-01
2.351999999999999869e+00 -1.127394726747009551e-01
2.367999999999999883e+00 -3.665100325385053232e-02
2.383999999999999897e+00 4.752095545304871327e-02
2.399999999999999911e+00 1.171374446333565689e-01
2.415999999999999925e+00 1.529197243007924256e-01
2.431999999999999940e+00 1.599612722576859158e-01
2.447999999999999954e+00 1.517555574966724108e-01
2.463999999999999968e+00 1.291957173376239165e-01
2.479999999999999982e+00 8.565299141931236038e-02
2.495999999999999996e+00 1.962718495184019238e-02
