0.000000000000000000e+00 3.957144033993433396e+01
1.600000000000000033e-02 3.875174403762277109e+01
3.200000000000000067e-02 3.651868246383109096e+01
4.800000000000000100e-02 3.330872803216752942e+01
6.400000000000000133e-02 2.960532617356874496e+01
8.000000000000000167e-02 2.581194466360342687e+01
9.600000000000000200e-02 2.222418258717804918e+01
1.120000000000000023e-01 1.901971064999465710e+01
1.280000000000000027e-01 1.625555680773013378e+01
1.440000000000000169e-01 1.390045235546664415e+01
1.600000000000000033e-01 1.188184768718091178e+01
1.759999999999999898e-01 1.012485166115671475e+01
1.920000000000000040e-01 8.588669570627397221e+00
2.080000000000000182e-01 7.278207133427357256e+00
2.240000000000000047e-01 6.203438121562776075e+00
2.399999999999999911e-01 5.332316411498474906e+00
2.560000000000000053e-01 4.598655349831557437e+00
2.720000000000000195e-01 3.940258949407433153e+00
2.880000000000000338e-01 3.314315990901735454e+00
3.039999999999999925e-01 2.698816853236864155e+00
3.200000000000000067e-01 2.097782793436967275e+00
3.360000000000000209e-01 1.531060547096265489e+00
3.519999999999999796e-01 1.013904164761308957e+00
3.679999999999999938e-01 5.558921095519132605e-01
3.840000000000000080e-01 1.654093496265365837e-01
4.000000000000000222e-01 -1.609285838242690836e-01
4.160000000000000364e-01 -4.388042619339302952e-01
4.319999999999999951e-01 -6.822665674763164212e-01
4.480000000000000093e-01 -9.088706264735063600e-01
4.640000000000000235e-01 -1.146955766779951258e+00
4.799999999999999822e-01 -1.407332699170190216e+00
4.959999999999999964e-01 -1.661348929063689583e+00
5.120000000000000107e-01 -1.873076868866166755e+00
5.280000000000000249e-01 -2.036352803034955361e+00
5.440000000000000391e-01 -2.165385153113421168e+00
5.600000000000000533e-01 -2.272129302141526530e+00
5.760000000000000675e-01 -2.361557816990072389e+00
5.919999999999999707e-01 -2.430149677536381780e+00
6.079999999999999849e-01 -2.470886364402808066e+00
6.239999999999999991e-01 -2.491174455414153499e+00
6.400000000000000133e-01 -2.509790511109351030e+00
6.560000000000000275e-01 -2.526877355339541165e+00
6.720000000000000417e-01 -2.520346832010710969e+00
6.880000000000000560e-01 -2.479843250249878839e+00
7.039999999999999591e-01 -2.421780774872620334e+00
7.199999999999999734e-01 -2.370477691556565514e+00
7.359999999999999876e-01 -2.348296599110144545e+00
7.520000000000000018e-01 -2.377596332018999448e+00
7.680000000000000160e-01 -2.463313425938014944e+00
7.840000000000000302e-01 -2.578058601414018103e+00
8.000000000000000444e-01 -2.686340753919968627e+00
8.160000000000000586e-01 -2.770528083586002221e+00
8.320000000000000728e-01 -2.813416904354847148e+00
8.479999999999999760e-01 -2.780790532370588153e+00
8.639999999999999902e-01 -2.651231065915890195e+00
8.800000000000000044e-01 -2.444951714954523236e+00
8.960000000000000187e-01 -2.202083554022482126e+00
9.120000000000000329e-01 -1.951985759093963768e+00
9.280000000000000471e-01 -1.713028944580219370e+00
9.440000000000000613e-01 -1.493246163737935506e+00
9.599999999999999645e-01 -1.282902468419326425e+00
9.759999999999999787e-01 -1.073322378875980920e+00
9.919999999999999929e-01 -8.815052815482306015e-01
1.008000000000000007e+00 -7.271732083181472461e-01
1.024000000000000021e+00 -5.950239548354677721e-01
1.040000000000000036e+00 -4.538696325989487468e-01
1.056000000000000050e+00 -3.048066234860917767e-01
1.072000000000000064e+00 -1.792070499646996884e-01
1.088000000000000078e+00 -9.649885492382684338e-02
1.104000000000000092e+00 -4.737113277968445224e-02
1.120000000000000107e+00 -8.635002922455867896e-03
1.136000000000000121e+00 4.148144693614389672e-02
1.152000000000000135e+00 1.102248209613122115e-01
1.167999999999999927e+00 1.834149268380895481e-01
1.183999999999999941e+00 2.436139934652263861e-01
1.199999999999999956e+00 2.927070789925055316e-01
1.215999999999999970e+00 3.423782630090685952e-01
1.231999999999999984e+00 3.937010738897417372e-01
1.247999999999999998e+00 4.413392142817896269e-01
1.264000000000000012e+00 4.827776866324337002e-01
1.280000000000000027e+00 5.136965442048844199e-01
1.296000000000000041e+00 5.316770417790664949e-01
1.312000000000000055e+00 5.450712758054409024e-01
1.328000000000000069e+00 5.605960773635408900e-01
1.344000000000000083e+00 5.719103783162909904e-01
1.360000000000000098e+00 5.758561483418360716e-01
1.376000000000000112e+00 5.825821660268758473e-01
1.392000000000000126e+00 6.005858564675697897e-01
1.407999999999999918e+00 6.322460933690745577e-01
1.423999999999999932e+00 6.798681045871920459e-01
1.439999999999999947e+00 7.301142599491632357e-01
1.455999999999999961e+00 7.454063779174517901e-01
1.471999999999999975e+00 6.982044890117257152e-01
1.487999999999999989e+00 5.996912274425215683e-01
1.504000000000000004e+00 4.782526721559048344e-01
1.520000000000000018e+00 3.517214865610016061e-01
1.536000000000000032e+00 2.323897862555434068e-01
1.552000000000000046e+00 1.365012711002540347e-01
1.568000000000000060e+00 7.940119896904901386e-02
1.584000000000000075e+00 7.225014040423832773e-02
1.600000000000000089e+00 1.173604278488235703e-01
1.616000000000000103e+00 1.964865852750954101e-01
1.632000000000000117e+00 2.769644418018898935e-01
1.648000000000000131e+00 3.366872227848863308e-01
1.664000000000000146e+00 3.649530172549113605e-01
1.679999999999999938e+00 3.399033378015405282e-01
1.695999999999999952e+00 2.403396537214489426e-01
1.711999999999999966e+00 8.780635164821082306e-02
1.727999999999999980e+00 -6.093414706358012134e-02
1.743999999999999995e+00 -1.761230830649087586e-01
1.760000000000000009e+00 -2.754026014232956454e-01
1.776000000000000023e+00 -3.740035944983928773e-01
1.792000000000000037e+00 -4.515072210585742152e-01
1.808000000000000052e+00 -4.775986583285753984e-01
1.824000000000000066e+00 -4.418972373029830814e-01
1.840000000000000080e+00 -3.571093719073585859e-01
1.856000000000000094e+00 -2.554559080126683757e-01
1.872000000000000108e+00 -1.721484506234003120e-01
1.888000000000000123e+00 -1.133264836516564150e-01
1.904000000000000137e+00 -5.900656887033831066e-02
1.919999999999999929e+00 -1.045997935413169912e-02
1.935999999999999943e+00 -1.604546638293225446e-03
1.951999999999999957e+00 -4.543836178355938754e-02
1.967999999999999972e+00 -1.044250734621152976e-01
1.983999999999999986e+00 -1.362013467762563379e-01
2.000000000000000000e+00 -1.420967734619492662e-01
2.016000000000000014e+00 -1.543829801749836972e-01
2.032000000000000028e+00 -1.946786470431906002e-01
2.048000000000000043e+00 -2.520558166683190549e-01
2.064000000000000057e+00 -2.908703623373687375e-01
2.080000000000000071e+00 -2.839018634042319023e-01
2.096000000000000085e+00 -2.421276119774087299e-01
2.112000000000000099e+00 -1.993697147005718540e-01
2.128000000000000114e+00 -1.721919023711733776e-01
2.144000000000000128e+00 -1.556542754256521888e-01
2.160000000000000142e+00 -1.471218284116681263e-01
2.176000000000000156e+00 -1.490316265006314811e-01
2.192000000000000171e+00 -1.606474629356206274e-01
2.208000000000000185e+00 -1.834475479413111010e-01
2.224000000000000199e+00 -2.156480669393782135e-01
2.240000000000000213e+00 -2.364301393670833473e-01
2.256000000000000227e+00 -2.235114919104655706e-01
2.272000000000000242e+00 -1.864698236257302244e-01
2.288000000000000256e+00 -1.567346881220054167e-01
2.304000000000000270e+00 -1.519307820620383886e-01
2.319999999999999840e+00 -1.685876522039875813e-01
2.335999999999999854e+00 -1.924709458920299543e-01
2.351999999999999869e+00 -2.021459463157679604e-01
2.367999999999999883e+00 -1.828481143409933785e-01
2.383999999999999897e+00 -1.441581086473361084e-01
2.399999999999999911e+00 -1.071863388752419960e-01
2.415999999999999925e+00 -7.925114307902905719e-02
2.431999999999999940e+00 -5.662797829735154859e-02
2.447999999999999954e+00 -3.812263343057935294e-02
2.463999999999999968e+00 -2.178838948061062944e-02
2.479999999999999982e+00 -5.728631397878608186e-03
2.495999999999999996e+00 1.019581475406197138e-03
