0.000000000000000000e+00 4.030931572210317881e+01
1.600000000000000033e-02 3.950061991603705280e+01
3.200000000000000067e-02 3.728563635350278105e+01
4.800000000000000100e-02 3.413564289274140862e+01
6.400000000000000133e-02 3.054977312822072832e+01
8.000000000000000167e-02 2.689949242826950027e+01
9.600000000000000200e-02 2.341846127251975318e+01
1.120000000000000023e-01 2.023522227175144295e+01
1.280000000000000027e-01 1.738893276689578116e+01
1.440000000000000169e-01 1.486268326420015029e+01
1.600000000000000033e-01 1.264032247744683346e+01
1.759999999999999898e-01 1.072853576227325156e+01
1.920000000000000040e-01 9.127039273974723699e+00
2.080000000000000182e-01 7.804095358482666889e+00
2.240000000000000047e-01 6.710316016087452873e+00
2.399999999999999911e-01 5.796108894906201847e+00
2.560000000000000053e-01 5.010232001970733151e+00
2.720000000000000195e-01 4.307493009682266560e+00
2.880000000000000338e-01 3.673035775136782366e+00
3.039999999999999925e-01 3.121192028902169291e+00
3.200000000000000067e-01 2.657152137128216296e+00
3.360000000000000209e-01 2.254418879080258620e+00
3.519999999999999796e-01 1.878520968172037842e+00
3.679999999999999938e-01 1.513071652326321681e+00
3.840000000000000080e-01 1.150709080601186152e+00
4.000000000000000222e-01 7.815110768920530138e-01
4.160000000000000364e-01 4.106234545402150382e-01
4.319999999999999951e-01 6.889508176333318523e-02
4.480000000000000093e-01 -2.181940845577254873e-01
4.640000000000000235e-01 -4.604032485537392638e-01
4.799999999999999822e-01 -6.803188767530560233e-01
4.959999999999999964e-01 -8.745249863303080629e-01
5.120000000000000107e-01 -1.022811866241696510e+00
5.280000000000000249e-01 -1.125423692664193842e+00
5.440000000000000391e-01 -1.201029830157957390e+00
5.600000000000000533e-01 -1.252392779008516088e+00
5.760000000000000675e-01 -1.266048155566684041e+00
5.919999999999999707e-01 -1.248083922829968051e+00
6.079999999999999849e-01 -1.228895426852479433e+00
6.239999999999999991e-01 -1.224110159642348039e+00
6.400000000000000133e-01 -1.218859437245961574e+00
6.560000000000000275e-01 -1.202368905284623146e+00
6.720000000000000417e-01 -1.191623309329548075e+00
6.880000000000000560e-01 -1.204414805297306046e+00
7.039999999999999591e-01 -1.231280339403277413e+00
7.199999999999999734e-01 -1.252488201847252514e+00
7.359999999999999876e-01 -1.263578752642053216e+00
7.520000000000000018e-01 -1.264596602942544834e+00
7.680000000000000160e-01 -1.242686188389569457e+00
7.840000000000000302e-01 -1.190663450885049324e+00
8.000000000000000444e-01 -1.131528250746391295e+00
8.160000000000000586e-01 -1.099207534274734499e+00
8.320000000000000728e-01 -1.099138990913325786e+00
8.479999999999999760e-01 -1.106538236710992162e+00
8.639999999999999902e-01 -1.096701967862714344e+00
8.800000000000000044e-01 -1.058042915381637528e+00
8.960000000000000187e-01 -9.848209999847924445e-01
9.120000000000000329e-01 -8.827409197990171430e-01
9.280000000000000471e-01 -7.784455217956242068e-01
9.440000000000000613e-01 -6.979431273250206180e-01
9.599999999999999645e-01 -6.345709148287945744e-01
9.759999999999999787e-01 -5.604955082602739447e-01
9.919999999999999929e-01 -4.690508185256655471e-01
1.008000000000000007e+00 -3.803841675970952019e-01
1.024000000000000021e+00 -3.049775527752169868e-01
1.040000000000000036e+00 -2.325546874861681435e-01
1.056000000000000050e+00 -1.641931031608163394e-01
1.072000000000000064e+00 -1.214741171489646110e-01
1.088000000000000078e+00 -1.051628813406959989e-01
1.104000000000000092e+00 -7.283556906821349319e-02
1.120000000000000107e+00 1.722950464153949479e-02
1.136000000000000121e+00 1.580422685021100893e-01
1.152000000000000135e+00 3.108186618214923147e-01
1.167999999999999927e+00 4.504091505911435034e-01
1.183999999999999941e+00 5.698129171751190603e-01
1.199999999999999956e+00 6.600476521038188826e-01
1.215999999999999970e+00 7.201764047653119727e-01
1.231999999999999984e+00 7.777851538356759242e-01
1.247999999999999998e+00 8.641624994203912502e-01
1.264000000000000012e+00 9.693288494898438801e-01
1.280000000000000027e+00 1.051639464374663602e+00
1.296000000000000041e+00 1.093322741551914223e+00
1.312000000000000055e+00 1.117646092995983276e+00
1.328000000000000069e+00 1.148831652399380898e+00
1.344000000000000083e+00 1.186940987773812406e+00
1.360000000000000098e+00 1.230783870038076877e+00
1.376000000000000112e+00 1.293051370434131098e+00
1.392000000000000126e+00 1.374569653489706722e+00
1.407999999999999918e+00 1.447506887342100645e+00
1.423999999999999932e+00 1.482712303050513380e+00
1.439999999999999947e+00 1.475376536711709319e+00
1.455999999999999961e+00 1.430051623382488257e+00
1.471999999999999975e+00 1.344161457455320230e+00
1.487999999999999989e+00 1.226302222142913623e+00
1.504000000000000004e+00 1.108205370648470245e+00
1.520000000000000018e+00 1.012700766527844021e+00
1.536000000000000032e+00 9.274043365398809691e-01
1.552000000000000046e+00 8.369309326890134182e-01
1.568000000000000060e+00 7.632819705877550431e-01
1.584000000000000075e+00 7.393896644328983303e-01
1.600000000000000089e+00 7.524621062683909400e-01
1.616000000000000103e+00 7.511808170077430846e-01
1.632000000000000117e+00 7.080986423731442381e-01
1.648000000000000131e+00 6.401946591227851702e-01
1.664000000000000146e+00 5.667290176397096202e-01
1.679999999999999938e+00 4.861279387992151757e-01
1.695999999999999952e+00 4.058013117858072505e-01
1.711999999999999966e+00 3.572000548866825498e-01
1.727999999999999980e+00 3.589969830432334641e-01
1.743999999999999995e+00 3.920538390284518671e-01
1.760000000000000009e+00 4.318817974482263566e-01
1.776000000000000023e+00 4.801778211290922416e-01
1.792000000000000037e+00 5.386524010662960826e-01
1.808000000000000052e+00 5.744276842440437791e-01
1.824000000000000066e+00 5.450991698430051047e-01
1.840000000000000080e+00 4.488110582917553271e-01
1.856000000000000094e+00 3.219187656893506833e-01
1.872000000000000108e+00 1.941154100290223006e-01
1.888000000000000123e+00 7.166955547523455594e-02
1.904000000000000137e+00 -4.114264219579660820e-02
1.919999999999999929e+00 -1.321238361567788899e-01
1.935999999999999943e+00 -1.928120070114460738e-01
1.951999999999999957e+00 -2.171709915209628916e-01
1.967999999999999972e+00 -1.903891623583938431e-01
1.983999999999999986e+00 -1.036946400680425345e-01
2.000000000000000000e+00 1.906836673336823051e-02
2.016000000000000014e+00 1.347324517895025775e-01
2.032000000000000028e+00 2.238782476597471482e-01
2.048000000000000043e+00 2.974732158519232117e-01
2.064000000000000057e+00 3.603182767798335795e-01
2.080000000000000071e+00 3.987606837824760331e-01
2.096000000000000085e+00 4.122964860528208209e-01
2.112000000000000099e+00 4.238732457199458348e-01
2.128000000000000114e+00 4.414085498678595454e-01
2.144000000000000128e+00 4.390803257809945404e-01
2.160000000000000142e+00 4.004526970248938333e-01
2.176000000000000156e+00 3.533554179213478363e-01
2.192000000000000171e+00 3.307962148772954358e-01
2.208000000000000185e+00 3.168672389118249999e-01
2.224000000000000199e+00 2.673068042730760152e-01
2.240000000000000213e+00 1.732726765397130664e-01
2.256000000000000227e+00 6.848713301904041373e-02
2.272000000000000242e+00 -2.333866315191301943e-02
2.288000000000000256e+00 -1.113110380715689601e-01
2.304000000000000270e+00 -2.028276597820224680e-01
2.319999999999999840e+00 -2.808455106192328521e-01
2.335999999999999854e+00 -3.299078491407478886e-01
2.351999999999999869e+00 -3.590120263556998426e-01
2.367999999999999883e+00 -3.814367733995385201e-01
2.383999999999999897e+00 -3.894779169173656075e-01
2.399999999999999911e+00 -3.645939971604234553e-01
2.415999999999999925e+00 -3.005539479078620513e-01
2.431999999999999940e+00 -2.068694973969301409e-01
2.447999999999999954e+00 -1.033467980095173905e-01
2.463999999999999968e+00 -1.990209830422287607e-02
2.479999999999999982e+00 1.591147509119365464e-02
2.495999999999999996e+00 5.920265420335087125e-03
