0.000000000000000000e+00 4.167094813841077183e+01
1.600000000000000033e-02 4.083593893127086716e+01
3.200000000000000067e-02 3.852171715859223866e+01
4.800000000000000100e-02 3.517957771149484358e+01
6.400000000000000133e-02 3.134289111041569953e+01
8.000000000000000167e-02 2.745372635783035165e+01
9.600000000000000200e-02 2.378684015839976951e+01
1.120000000000000023e-01 2.046810468849160358e+01
1.280000000000000027e-01 1.753346725905140246e+01
1.440000000000000169e-01 1.497965937029419869e+01
1.600000000000000033e-01 1.279019374353965866e+01
1.759999999999999898e-01 1.094404244697823003e+01
1.920000000000000040e-01 9.416683525017628398e+00
2.080000000000000182e-01 8.175587124851514176e+00
2.240000000000000047e-01 7.172478629384122506e+00
2.399999999999999911e-01 6.342559496269958963e+00
2.560000000000000053e-01 5.618850664935322037e+00
2.720000000000000195e-01 4.953084861452672349e+00
2.880000000000000338e-01 4.323952826142160255e+00
3.039999999999999925e-01 3.726216618290115523e+00
3.200000000000000067e-01 3.155362758194733441e+00
3.360000000000000209e-01 2.604390471855856592e+00
3.519999999999999796e-01 2.071250920556373831e+00
3.679999999999999938e-01 1.563280171335842628e+00
3.840000000000000080e-01 1.092609163830401409e+00
4.000000000000000222e-01 6.688030654943251108e-01
4.160000000000000364e-01 2.948896381014109447e-01
4.319999999999999951e-01 -3.392782800111106972e-02
4.480000000000000093e-01 -3.299857291099769774e-01
4.640000000000000235e-01 -6.086515439504016634e-01
4.799999999999999822e-01 -8.792355335771160352e-01
4.959999999999999964e-01 -1.137659656423242183e+00
5.120000000000000107e-01 -1.368015193314562783e+00
5.280000000000000249e-01 -1.553041611905686015e+00
5.440000000000000391e-01 -1.686382242543592591e+00
5.600000000000000533e-01 -1.778353786112097490e+00
5.760000000000000675e-01 -1.851499073047506272e+00
5.919999999999999707e-01 -1.928647833939221234e+00
6.079999999999999849e-01 -2.020452834244727214e+00
6.239999999999999991e-01 -2.119158272277018806e+00
6.400000000000000133e-01 -2.201998882137409019e+00
6.560000000000000275e-01 -2.243472834318551268e+00
6.720000000000000417e-01 -2.231203002552491377e+00
6.880000000000000560e-01 -2.176194164352292404e+00
7.039999999999999591e-01 -2.109209217655528157e+00
7.199999999999999734e-01 -2.063268439901634554e+00
7.359999999999999876e-01 -2.052804339175348325e+00
7.520000000000000018e-01 -2.063720404174968603e+00
7.680000000000000160e-01 -2.061945447213487714e+00
7.840000000000000302e-01 -2.015643368728488038e+00
8.000000000000000444e-01 -1.916051202411363841e+00
8.160000000000000586e-01 -1.781553318777818973e+00
8.320000000000000728e-01 -1.642139329610815102e+00
8.479999999999999760e-01 -1.518142879526837463e+00
8.639999999999999902e-01 -1.410673264794682025e+00
8.800000000000000044e-01 -1.306657948800300728e+00
8.960000000000000187e-01 -1.187875711857902417e+00
9.120000000000000329e-01 -1.037901955191710357e+00
9.280000000000000471e-01 -8.514351057444790039e-01
9.440000000000000613e-01 -6.455108508405205114e-01
9.599999999999999645e-01 -4.588660349526954563e-01
9.759999999999999787e-01 -3.303255690034733738e-01
9.919999999999999929e-01 -2.702564633347388501e-01
1.008000000000000007e+00 -2.512907164277979333e-01
1.024000000000000021e+00 -2.282086868728882556e-01
1.040000000000000036e+00 -1.698195272610258932e-01
1.056000000000000050e+00 -7.607546700934705863e-02
1.072000000000000064e+00 3.125958709173646405e-02
1.088000000000000078e+00 1.327929148915550916e-01
1.104000000000000092e+00 2.287415436122741119e-01
1.120000000000000107e+00 3.369770717845324004e-01
1.136000000000000121e+00 4.770413561859988549e-01
1.152000000000000135e+00 6.545703030829584934e-01
1.167999999999999927e+00 8.570424803305699557e-01
1.183999999999999941e+00 1.061519495876164676e+00
1.199999999999999956e+00 1.246075374881294717e+00
1.215999999999999970e+00 1.395337120545860676e+00
1.231999999999999984e+00 1.498541795994933201e+00
1.247999999999999998e+00 1.547521957356406963e+00
1.264000000000000012e+00 1.540732102747421672e+00
1.280000000000000027e+00 1.489144886619021557e+00
1.296000000000000041e+00 1.414737615194662901e+00
1.312000000000000055e+00 1.340004741316427550e+00
1.328000000000000069e+00 1.277716505029087735e+00
1.344000000000000083e+00 1.230272012700368789e+00
1.360000000000000098e+00 1.197642872470996878e+00
1.376000000000000112e+00 1.184514289751406046e+00
1.392000000000000126e+00 1.199237619114605247e+00
1.407999999999999918e+00 1.245829816596802697e+00
1.423999999999999932e+00 1.316820101203670212e+00
1.439999999999999947e+00 1.394444931646187547e+00
1.455999999999999961e+00 1.460609110284867951e+00
1.471999999999999975e+00 1.507113593468594859e+00
1.487999999999999989e+00 1.536172704600758054e+00
1.504000000000000004e+00 1.551182269593428975e+00
1.520000000000000018e+00 1.548704001504996430e+00
1.536000000000000032e+00 1.520927847276049905e+00
1.552000000000000046e+00 1.465404113102044992e+00
1.568000000000000060e+00 1.390819225027011719e+00
1.584000000000000075e+00 1.312427204712112161e+00
1.600000000000000089e+00 1.241733271740626643e+00
1.616000000000000103e+00 1.180241456835372515e+00
1.632000000000000117e+00 1.121788494746388087e+00
1.648000000000000131e+00 1.059169174536181979e+00
1.664000000000000146e+00 9.890843173626653329e-01
1.679999999999999938e+00 9.143134323720458756e-01
1.695999999999999952e+00 8.430139074191794757e-01
1.711999999999999966e+00 7.821859608351771076e-01
1.727999999999999980e+00 7.273800112568556964e-01
1.743999999999999995e+00 6.610644013066716562e-01
1.760000000000000009e+00 5.679175936385596479e-01
1.776000000000000023e+00 4.547882488098716758e-01
1.792000000000000037e+00 3.531452784502523978e-01
1.808000000000000052e+00 2.988390678684227364e-01
1.824000000000000066e+00 3.077212416836466735e-01
1.840000000000000080e+00 3.682156456622727725e-01
1.856000000000000094e+00 4.532821172196419002e-01
1.872000000000000108e+00 5.370071846249969694e-01
1.888000000000000123e+00 6.020061415268821436e-01
1.904000000000000137e+00 6.378602606209947679e-01
1.919999999999999929e+00 6.396162665294259364e-01
1.935999999999999943e+00 6.100512441969812016e-01
1.951999999999999957e+00 5.607747581272509718e-01
1.967999999999999972e+00 5.082212848569703789e-01
1.983999999999999986e+00 4.674251265117515541e-01
2.000000000000000000e+00 4.481302597513677766e-01
2.016000000000000014e+00 4.536596136330102169e-01
2.032000000000000028e+00 4.799022416606785746e-01
2.048000000000000043e+00 5.132007312402941945e-01
2.064000000000000057e+00 5.306929219636752348e-01
2.080000000000000071e+00 5.092142801370066474e-01
2.096000000000000085e+00 4.416230139172528379e-01
2.112000000000000099e+00 3.465634829743718948e-01
2.128000000000000114e+00 2.578436194406573123e-01
2.144000000000000128e+00 1.994831745335754192e-01
2.160000000000000142e+00 1.701107405753092272e-01
2.176000000000000156e+00 1.520107748486684285e-01
2.192000000000000171e+00 1.335245399712004233e-01
2.208000000000000185e+00 1.191972448779431704e-01
2.224000000000000199e+00 1.170575620668119626e-01
2.240000000000000213e+00 1.205692516720885121e-01
2.256000000000000227e+00 1.105012107728874093e-01
2.272000000000000242e+00 7.700595859732738135e-02
2.288000000000000256e+00 3.457500518764206748e-02
2.304000000000000270e+00 1.000544768533112062e-02
2.319999999999999840e+00 1.770951047394645969e-02
2.335999999999999854e+00 5.125876182358578281e-02
2.351999999999999869e+00 9.660999964073893609e-02
2.367999999999999883e+00 1.457998641603455436e-01
2.383999999999999897e+00 1.950540138883588570e-01
2.399999999999999911e+00 2.357056826798074323e-01
2.415999999999999925e+00 2.543503415194726114e-01
2.431999999999999940e+00 2.428473356375728254e-01
2.447999999999999954e+00 2.045097387950622625e-01
2.463999999999999968e+00 1.490328126173526280e-01
2.479999999999999982e+00 8.427370638649267498e-02
2.495999999999999996e+00 1.630730807840388014e-02
