0.000000000000000000e+00 4.821472273546003606e+01
1.600000000000000033e-02 4.716472331709411492e+01
3.200000000000000067e-02 4.426969172293151189e+01
4.800000000000000100e-02 4.012042773468864709e+01
6.400000000000000133e-02 3.536989893569813859e+01
8.000000000000000167e-02 3.055863394039386094e+01
9.600000000000000200e-02 2.605911700470359449e+01
1.120000000000000023e-01 2.206809267984433376e+01
1.280000000000000027e-01 1.862817581433570524e+01
1.440000000000000169e-01 1.567761545987941219e+01
1.600000000000000033e-01 1.312165472652111120e+01
1.759999999999999898e-01 1.089883634328563389e+01
1.920000000000000040e-01 8.996905376143351063e+00
2.080000000000000182e-01 7.409745821952988365e+00
2.240000000000000047e-01 6.097199385002805450e+00
2.399999999999999911e-01 5.007003626255987605e+00
2.560000000000000053e-01 4.115701409408009326e+00
2.720000000000000195e-01 3.410468827546559112e+00
2.880000000000000338e-01 2.841884971023597828e+00
3.039999999999999925e-01 2.332617190351299552e+00
3.200000000000000067e-01 1.835276325245559503e+00
3.360000000000000209e-01 1.356200575730749147e+00
3.519999999999999796e-01 9.130793062008509819e-01
3.679999999999999938e-01 4.904711481525358963e-01
3.840000000000000080e-01 5.534538425150610508e-02
4.000000000000000222e-01 -3.971116082295030880e-01
4.160000000000000364e-01 -8.365081895080956897e-01
4.319999999999999951e-01 -1.239285523726975091e+00
4.480000000000000093e-01 -1.617226761333480978e+00
4.640000000000000235e-01 -1.988616311340200227e+00
4.799999999999999822e-01 -2.344950884911739752e+00
4.959999999999999964e-01 -2.668665547141357841e+00
5.120000000000000107e-01 -2.958714466353472794e+00
5.280000000000000249e-01 -3.218381264127613051e+00
5.440000000000000391e-01 -3.434744364680464734e+00
5.600000000000000533e-01 -3.581393538191428583e+00
5.760000000000000675e-01 -3.639842421413259643e+00
5.919999999999999707e-01 -3.622051279991505890e+00
6.079999999999999849e-01 -3.568919896872947195e+00
6.239999999999999991e-01 -3.518523534574914180e+00
6.400000000000000133e-01 -3.482055919039267700e+00
6.560000000000000275e-01 -3.459882025169714215e+00
6.720000000000000417e-01 -3.466222312117595017e+00
6.880000000000000560e-01 -3.512446120829687324e+00
7.039999999999999591e-01 -3.571263422187574754e+00
7.199999999999999734e-01 -3.589875479291173566e+00
7.359999999999999876e-01 -3.547555206542407635e+00
7.520000000000000018e-01 -3.477757140648674916e+00
7.680000000000000160e-01 -3.423415724870942256e+00
7.840000000000000302e-01 -3.386211898097958972e+00
8.000000000000000444e-01 -3.332707676701934574e+00
8.160000000000000586e-01 -3.240591627736561620e+00
8.320000000000000728e-01 -3.119336457917254890e+00
8.479999999999999760e-01 -2.985614849644556479e+00
8.639999999999999902e-01 -2.839810636539287891e+00
8.800000000000000044e-01 -2.678980354188739366e+00
8.960000000000000187e-01 -2.518569153498705582e+00
9.120000000000000329e-01 -2.377036350663422670e+00
9.280000000000000471e-01 -2.242975969612297504e+00
9.440000000000000613e-01 -2.088140258235248403e+00
9.599999999999999645e-01 -1.911961401821796969e+00
9.759999999999999787e-01 -1.741246683871468415e+00
9.919999999999999929e-01 -1.590011219191842962e+00
1.008000000000000007e+00 -1.446392228387350265e+00
1.024000000000000021e+00 -1.293059485585641877e+00
1.040000000000000036e+00 -1.123400850647056970e+00
1.056000000000000050e+00 -9.396605326461238139e-01
1.072000000000000064e+00 -7.443568689160139362e-01
1.088000000000000078e+00 -5.429247775888024208e-01
1.104000000000000092e+00 -3.552054157080107299e-01
1.120000000000000107e+00 -2.102312631132522702e-01
1.136000000000000121e+00 -1.196388747033648586e-01
1.152000000000000135e+00 -6.210445698874055703e-02
1.167999999999999927e+00 -8.112851846485741661e-03
1.183999999999999941e+00 3.979927916815329675e-02
1.199999999999999956e+00 5.198722369448148528e-02
1.215999999999999970e+00 1.998058234088619448e-02
1.231999999999999984e+00 -2.310948082220909069e-02
1.247999999999999998e+00 -3.398036907584761623e-02
1.264000000000000012e+00 7.653794708744338614e-03
1.280000000000000027e+00 1.005525384512563625e-01
1.296000000000000041e+00 2.389017877013603908e-01
1.312000000000000055e+00 4.122467908013823235e-01
1.328000000000000069e+00 5.958831166716616057e-01
1.344000000000000083e+00 7.583576959063133005e-01
1.360000000000000098e+00 8.819807121048157672e-01
1.376000000000000112e+00 9.713534583133850431e-01
1.392000000000000126e+00 1.031440413336160322e+00
1.407999999999999918e+00 1.034326235894038382e+00
1.423999999999999932e+00 9.330829489919345576e-01
1.439999999999999947e+00 7.211123143548258119e-01
1.455999999999999961e+00 4.531610643551924889e-01
1.471999999999999975e+00 2.003303007154303428e-01
1.487999999999999989e+00 2.608314518629151375e-03
1.504000000000000004e+00 -1.327856012694226817e-01
1.520000000000000018e+00 -2.020082507558975393e-01
1.536000000000000032e+00 -1.918486577510932212e-01
1.552000000000000046e+00 -1.040370612244245901e-01
1.568000000000000060e+00 2.438356415116908066e-02
1.584000000000000075e+00 1.436812871198172026e-01
1.600000000000000089e+00 2.296720224666853882e-01
1.616000000000000103e+00 2.869998486775318103e-01
1.632000000000000117e+00 3.208526343338071740e-01
1.648000000000000131e+00 3.296718238557365122e-01
1.664000000000000146e+00 3.288480423976863909e-01
1.679999999999999938e+00 3.488315957666480172e-01
1.695999999999999952e+00 3.948594222147459032e-01
1.711999999999999966e+00 4.329797722924055847e-01
1.727999999999999980e+00 4.293598037825406277e-01
1.743999999999999995e+00 3.853607031919309422e-01
1.760000000000000009e+00 3.204534597121534989e-01
1.776000000000000023e+00 2.370671244005292111e-01
1.792000000000000037e+00 1.244917673593404078e-01
1.808000000000000052e+00 -3.346207636850459001e-03
1.824000000000000066e+00 -8.893055910218623794e-02
1.840000000000000080e+00 -7.177696533548484636e-02
1.856000000000000094e+00 3.872970677049015348e-02
1.872000000000000108e+00 1.559081925999245555e-01
1.888000000000000123e+00 2.014669873790610743e-01
1.904000000000000137e+00 1.732971998909196842e-01
1.919999999999999929e+00 1.164542449485821418e-01
1.935999999999999943e+00 5.585394325037848495e-02
1.951999999999999957e+00 -2.281619751136168550e-02
1.967999999999999972e+00 -1.335702292525638157e-01
1.983999999999999986e+00 -2.541667234467374636e-01
2.000000000000000000e+00 -3.457752855966340078e-01
2.016000000000000014e+00 -3.981414631226551371e-01
2.032000000000000028e+00 -4.353860781098360389e-01
2.048000000000000043e+00 -4.762656039748064396e-01
2.064000000000000057e+00 -5.098240348203516570e-01
2.080000000000000071e+00 -5.249019936100352002e-01
2.096000000000000085e+00 -5.392108640508089801e-01
2.112000000000000099e+00 -5.708745775831834957e-01
2.128000000000000114e+00 -6.018090501867097153e-01
2.144000000000000128e+00 -6.003862030328969146e-01
2.160000000000000142e+00 -5.700809576515913912e-01
2.176000000000000156e+00 -5.498107994972559753e-01
2.192000000000000171e+00 -5.639043171607486249e-01
2.208000000000000185e+00 -5.902038119217503098e-01
2.224000000000000199e+00 -5.885166515116513342e-01
2.240000000000000213e+00 -5.492938921013930109e-01
2.256000000000000227e+00 -4.997173875790024145e-01
2.272000000000000242e+00 -4.644598962421890298e-01
2.288000000000000256e+00 -4.375893780437675740e-01
2.304000000000000270e+00 -4.036543251128404952e-01
2.319999999999999840e+00 -3.688431802258550496e-01
2.335999999999999854e+00 -3.483513688232005023e-01
2.351999999999999869e+00 -3.363206376050356661e-01
2.367999999999999883e+00 -3.154014171330778993e-01
2.383999999999999897e+00 -2.890422778188871389e-01
2.399999999999999911e+00 -2.779499705585458669e-01
2.415999999999999925e+00 -2.838503179005805177e-01
2.431999999999999940e+00 -2.795896039381739473e-01
2.447999999999999954e+00 -2.414984822424219024e-01
2.463999999999999968e+00 -1.750158891671372563e-01
2.479999999999999982e+00 -1.000080445054912226e-01
2.495999999999999996e+00 -2.140999922954685275e-02
