0.000000000000000000e+00 4.113175284366288054e+01
1.600000000000000033e-02 4.025604231623817952e+01
3.200000000000000067e-02 3.785992951122502603e+01
4.800000000000000100e-02 3.443884067068153598e+01
6.400000000000000133e-02 3.051088290726289998e+01
8.000000000000000167e-02 2.649592900843773435e+01
9.600000000000000200e-02 2.270431631347544510e+01
1.120000000000000023e-01 1.931596304692205024e+01
1.280000000000000027e-01 1.638047753006929241e+01
1.440000000000000169e-01 1.388192946587482268e+01
1.600000000000000033e-01 1.178779193911609013e+01
1.759999999999999898e-01 1.004009538176337912e+01
1.920000000000000040e-01 8.565426793393097427e+00
2.080000000000000182e-01 7.316665427557127011e+00
2.240000000000000047e-01 6.261606119551665017e+00
2.399999999999999911e-01 5.335756729759138395e+00
2.560000000000000053e-01 4.468046841837479910e+00
2.720000000000000195e-01 3.650698938662264137e+00
2.880000000000000338e-01 2.923484390482312012e+00
3.039999999999999925e-01 2.295086677814098586e+00
3.200000000000000067e-01 1.734423944276142437e+00
3.360000000000000209e-01 1.221736941681301758e+00
3.519999999999999796e-01 7.522085068400169439e-01
3.679999999999999938e-01 3.107908523682929580e-01
3.840000000000000080e-01 -1.060213553526121871e-01
4.000000000000000222e-01 -4.701579005198239236e-01
4.160000000000000364e-01 -7.648697648543119065e-01
4.319999999999999951e-01 -1.013622713235751593e+00
4.480000000000000093e-01 -1.235123961074562793e+00
4.640000000000000235e-01 -1.414467810736222741e+00
4.799999999999999822e-01 -1.547208344208916841e+00
4.959999999999999964e-01 -1.662220195211196572e+00
5.120000000000000107e-01 -1.774739146080021257e+00
5.280000000000000249e-01 -1.866747371451058291e+00
5.440000000000000391e-01 -1.934726796892561440e+00
5.600000000000000533e-01 -2.005704544530853006e+00
5.760000000000000675e-01 -2.088952315122085679e+00
5.919999999999999707e-01 -2.161302389063989526e+00
6.079999999999999849e-01 -2.210798677540255941e+00
6.239999999999999991e-01 -2.246222346120463786e+00
6.400000000000000133e-01 -2.261536374958990958e+00
6.560000000000000275e-01 -2.242559261918506852e+00
6.720000000000000417e-01 -2.205855068018947485e+00
6.880000000000000560e-01 -2.179465371772159266e+00
7.039999999999999591e-01 -2.155673757631197951e+00
7.199999999999999734e-01 -2.116785712547354592e+00
7.359999999999999876e-01 -2.090628269183084420e+00
7.520000000000000018e-01 -2.120357410732194747e+00
7.680000000000000160e-01 -2.192153351472079681e+00
7.840000000000000302e-01 -2.247119300415496568e+00
8.000000000000000444e-01 -2.252464585459010848e+00
8.160000000000000586e-01 -2.218628555254640755e+00
8.320000000000000728e-01 -2.166096090838137478e+00
8.479999999999999760e-01 -2.112859714134133871e+00
8.639999999999999902e-01 -2.075186632144107701e+00
8.800000000000000044e-01 -2.054081784621927032e+00
8.960000000000000187e-01 -2.037533456302306423e+00
9.120000000000000329e-01 -2.021769281791806705e+00
9.280000000000000471e-01 -2.004472938752463573e+00
9.440000000000000613e-01 -1.964167301873411597e+00
9.599999999999999645e-01 -1.881756243606183432e+00
9.759999999999999787e-01 -1.769062488445248826e+00
9.919999999999999929e-01 -1.635835651594979234e+00
1.008000000000000007e+00 -1.449576659844463711e+00
1.024000000000000021e+00 -1.176923220675585302e+00
1.040000000000000036e+00 -8.449767493847258892e-01
1.056000000000000050e+00 -5.133192670219337561e-01
1.072000000000000064e+00 -2.077814707525384996e-01
1.088000000000000078e+00 7.279629960849989811e-02
1.104000000000000092e+00 3.144198104679254424e-01
1.120000000000000107e+00 5.011214444725453632e-01
1.136000000000000121e+00 6.426984940129251145e-01
1.152000000000000135e+00 7.506664452939839638e-01
1.167999999999999927e+00 8.184423857719178574e-01
1.183999999999999941e+00 8.526802049441907227e-01
1.199999999999999956e+00 8.813130652371273799e-01
1.215999999999999970e+00 9.067324193575031499e-01
1.231999999999999984e+00 8.999241596776060836e-01
1.247999999999999998e+00 8.626641120743669955e-01
1.264000000000000012e+00 8.457335417672673383e-01
1.280000000000000027e+00 8.863432639182037276e-01
1.296000000000000041e+00 9.706270480692957836e-01
1.312000000000000055e+00 1.064093602790797455e+00
1.328000000000000069e+00 1.133463073224699080e+00
1.344000000000000083e+00 1.140213505020148954e+00
1.360000000000000098e+00 1.063436589067108251e+00
1.376000000000000112e+00 9.316923120957996129e-01
1.392000000000000126e+00 7.941490792051481007e-01
1.407999999999999918e+00 6.696246686417822724e-01
1.423999999999999932e+00 5.574212847354714784e-01
1.439999999999999947e+00 4.717782295953072969e-01
1.455999999999999961e+00 4.207161033326139443e-01
1.471999999999999975e+00 3.765986695790672356e-01
1.487999999999999989e+00 3.138108704249090164e-01
1.504000000000000004e+00 2.533513479780513666e-01
1.520000000000000018e+00 2.340154181913447207e-01
1.536000000000000032e+00 2.661679333307788720e-01
1.552000000000000046e+00 3.379686697386931615e-01
1.568000000000000060e+00 4.288650442477625058e-01
1.584000000000000075e+00 4.994389874603549218e-01
1.600000000000000089e+00 5.156867177230622934e-01
1.616000000000000103e+00 4.967760963090797066e-01
1.632000000000000117e+00 4.888351075639787435e-01
1.648000000000000131e+00 4.900923046504792047e-01
1.664000000000000146e+00 4.608801863776733621e-01
1.679999999999999938e+00 4.015870827666228049e-01
1.695999999999999952e+00 3.501354989997941813e-01
1.711999999999999966e+00 3.056195457910755864e-01
1.727999999999999980e+00 2.281913452238761297e-01
1.743999999999999995e+00 1.154254940347879538e-01
1.760000000000000009e+00 9.515419064113076614e-03
1.776000000000000023e+00 -7.160635852099740684e-02
1.792000000000000037e+00 -1.479632976441448977e-01
1.808000000000000052e+00 -2.278796671791787076e-01
1.824000000000000066e+00 -3.014584616400096118e-01
1.840000000000000080e+00 -3.720556479094783708e-01
1.856000000000000094e+00 -4.439449751749692252e-01
1.872000000000000108e+00 -4.976885693655865861e-01
1.888000000000000123e+00 -5.201152196986252862e-01
1.904000000000000137e+00 -5.290423803099076894e-01
1.919999999999999929e+00 -5.322768639719934747e-01
1.935999999999999943e+00 -5.033099440780520739e-01
1.951999999999999957e+00 -4.300888519254361109e-01
1.967999999999999972e+00 -3.394832597488657844e-01
1.983999999999999986e+00 -2.479357786828134957e-01
2.000000000000000000e+00 -1.446269964900854799e-01
2.016000000000000014e+00 -4.336383368368147695e-02
2.032000000000000028e+00 1.316854276009226873e-02
2.048000000000000043e+00 1.986161813528451378e-02
2.064000000000000057e+00 1.812862004951366901e-02
2.080000000000000071e+00 2.648345941387690236e-02
2.096000000000000085e+00 2.100506495588629410e-02
2.112000000000000099e+00 -1.115834360565476358e-02
2.128000000000000114e+00 -5.553490285083098610e-02
2.144000000000000128e+00 -1.053222351934689355e-01
2.160000000000000142e+00 -1.605732068402745960e-01
2.176000000000000156e+00 -2.017216097562580246e-01
2.192000000000000171e+00 -2.118232041972062107e-01
2.208000000000000185e+00 -2.097051886011952193e-01
2.224000000000000199e+00 -2.193047293214927806e-01
2.240000000000000213e+00 -2.316281735393823094e-01
2.256000000000000227e+00 -2.351767903358217560e-01
2.272000000000000242e+00 -2.457219637450146765e-01
2.288000000000000256e+00 -2.644829020258879781e-01
2.304000000000000270e+00 -2.515795749283291083e-01
2.319999999999999840e+00 -1.850726510580065487e-01
2.335999999999999854e+00 -1.011627756442035203e-01
2.351999999999999869e+00 -3.653058896422942126e-02
2.367999999999999883e+00 1.994684408136295287e-02
2.383999999999999897e+00 8.237275235469301848e-02
2.399999999999999911e+00 1.270005428274429415e-01
2.415999999999999925e+00 1.308550264639371519e-01
2.431999999999999940e+00 1.057668219960571782e-01
2.447999999999999954e+00 7.056067784456912517e-02
2.463999999999999968e+00 3.199130403152931207e-02
2.479999999999999982e+00 3.553313652828336312e-03
2.495999999999999996e+00 -1.288061927532384516e-03
