0.000000000000000000e+00 1.511347076839503423e+00 -4.324007136467632054e-04 2.219814529226340506e-04
8.000000000000000167e-03 1.445622553219648943e+00 6.607282124663923194e-04 1.116455563100577860e-04
1.600000000000000033e-02 1.278617624472211833e+00 8.118360262735466225e-04 6.177396232283732217e-05
2.400000000000000050e-02 1.039419330480750858e+00 -4.765233822396987870e-04 1.331725524963983274e-04
3.200000000000000067e-02 7.642099692249104681e-01 -2.637561646486373187e-03 2.700681423022898418e-04
4.000000000000000083e-02 4.899414371973749849e-01 -4.134575436750770674e-03 3.696402421664151945e-04
4.800000000000000100e-02 2.478120796971421680e-01 -3.989726231325036246e-03 3.730654665879674339e-04
5.600000000000000117e-02 5.617592671229412055e-02 -2.571331635654673913e-03 2.993898502562752201e-04
6.400000000000000133e-02 -8.212714164342314882e-02 -7.244410981424600181e-04 2.100200964845172870e-04
7.200000000000000844e-02 -1.755978737082896646e-01 9.649064300069484183e-04 1.502609289133424741e-04
8.000000000000000167e-02 -2.363010736451525429e-01 2.158694758302907076e-03 1.166635998866365719e-04
8.799999999999999489e-02 -2.733049500849931701e-01 2.688195455826329801e-03 6.945600901138214249e-05
9.600000000000000200e-02 -2.901594387462047009e-01 2.554950071734736049e-03 -1.950238926065474995e-05
1.040000000000000091e-01 -2.863884088462927413e-01 1.757567771925836646e-03 -1.206913802307432943e-04
1.120000000000000023e-01 -2.606958080073857320e-01 1.484130894375026413e-04 -1.529451128661364200e-04
1.199999999999999956e-01 -2.128579815446094703e-01 -2.043527005012040973e-03 -5.323758980011139780e-05
1.280000000000000027e-01 -1.441921229336550203e-01 -3.830501563424261284e-03 1.474561930872529117e-04
1.360000000000000098e-01 -5.945389632041404859e-02 -4.486625835059257147e-03 3.174766786293506523e-04
1.440000000000000169e-01 3.096837015790119413e-02 -4.457701017295522330e-03 2.996461134899276713e-04
1.519999999999999962e-01 1.132213557066973214e-01 -4.423088689396711959e-03 1.256692470276409904e-05
1.600000000000000033e-01 1.751235468747302793e-01 -4.321155499703794971e-03 -4.876275923619360041e-04
1.680000000000000104e-01 2.089142378117450349e-01 -4.019944228474344600e-03 -1.022646235472249006e-03
1.759999999999999898e-01 2.117549152390319489e-01 -3.687329651999598449e-03 -1.385290541724673976e-03
1.839999999999999969e-01 1.863472057538607674e-01 -3.068191573864652907e-03 -1.458609117863630348e-03
1.920000000000000040e-01 1.402575634041686170e-01 -1.922742942193302182e-03 -1.269710934081175321e-03
2.000000000000000111e-01 8.291167842652039099e-02 -9.591078892976887156e-04 -9.311217033404604491e-04
2.080000000000000182e-01 2.250245005482193889e-02 -9.827425814045963326e-04 -5.333298822520427191e-04
2.159999999999999976e-01 -3.498250691550235103e-02 -1.864300392155255693e-03 -1.004707077130352345e-04
2.240000000000000047e-01 -8.478684801410273086e-02 -2.887516555868630333e-03 3.616607821738784313e-04
2.320000000000000118e-01 -1.228735352674795861e-01 -3.384183152112737146e-03 8.055532453109637931e-04
2.399999999999999911e-01 -1.473126950822272463e-01 -3.079200568989377135e-03 1.148758986057865075e-03
2.479999999999999982e-01 -1.588377938436627279e-01 -2.025876366976965982e-03 1.331453751272440979e-03
2.560000000000000053e-01 -1.585030109496829154e-01 -3.784356408561839204e-04 1.353607324319130523e-03
2.640000000000000124e-01 -1.459571022387807504e-01 1.452878520782590558e-03 1.262605247615571904e-03
2.720000000000000195e-01 -1.209758339993744491e-01 2.922509752100057798e-03 1.121629662038285810e-03
2.800000000000000266e-01 -8.546562861770175268e-02 3.858065609359505928e-03 9.858865362006778797e-04
2.880000000000000338e-01 -4.374331109881830076e-02 4.379205149519646394e-03 8.805949448740876687e-04
2.959999999999999853e-01 -1.453582640227220769e-03 4.378220488108287671e-03 7.822673606581630667e-04
3.039999999999999925e-01 3.637513985246890874e-02 3.541250274812979791e-03 6.332702699397929711e-04
3.119999999999999996e-01 6.614423840919156361e-02 2.133058803889421786e-03 3.963387879173952137e-04
3.200000000000000067e-01 8.481298154649882792e-02 1.340430990623267104e-03 9.708573804662926044e-05
3.280000000000000138e-01 9.030988860216350445e-02 2.157736080488426630e-03 -1.959187216216173638e-04
3.360000000000000209e-01 8.278028025334255302e-02 4.127565584973691588e-03 -4.285299604690102362e-04
3.440000000000000280e-01 6.410457058604650260e-02 5.714358468756546711e-03 -5.859975415817300854e-04
3.519999999999999796e-01 3.758455111283184186e-02 5.768529842805070196e-03 -6.650289972937060761e-04
3.599999999999999867e-01 7.992507325176565619e-03 4.143885387347135199e-03 -6.437464051207042893e-04
3.679999999999999938e-01 -2.059889092541213745e-02 1.213398858277121980e-03 -4.969756982168014106e-04
3.760000000000000009e-01 -4.618112877044380782e-02 -2.275955921312751429e-03 -2.394975498835589080e-04
3.840000000000000080e-01 -6.685214647663380305e-02 -5.143327305859539574e-03 5.728695791937451907e-05
3.920000000000000151e-01 -7.988919270391438288e-02 -6.383358248012859816e-03 2.982118507656993664e-04
4.000000000000000222e-01 -8.368623885569391463e-02 -5.743551336166166470e-03 4.151475339743341923e-04
4.080000000000000293e-01 -7.935390282919381477e-02 -3.856985735937100163e-03 3.906960106167098779e-04
4.160000000000000364e-01 -7.005429484978506482e-02 -1.853508493794189371e-03 2.450594176816638862e-04
4.239999999999999880e-01 -5.854805043205583981e-02 -3.959815297481510555e-04 1.233039057872035584e-05
4.319999999999999951e-01 -4.595552868264602547e-02 3.889755074901143938e-04 -2.700013269098089212e-04
4.400000000000000022e-01 -3.343590646756643137e-02 1.349119394436962662e-04 -5.598861265319591716e-04
4.480000000000000093e-01 -2.294910541255600067e-02 -1.240086891692955421e-03 -8.118286481818606229e-04
4.560000000000000164e-01 -1.554523806267116282e-02 -2.612381062598705724e-03 -9.886554957238382398e-04
4.640000000000000235e-01 -1.092195128793291628e-02 -2.566481178388213286e-03 -1.081638141364875752e-03
4.720000000000000306e-01 -8.427028049977710808e-03 -7.802962578773627858e-04 -1.123004831980980349e-03
4.799999999999999822e-01 -7.384690133914294762e-03 1.998691566660274182e-03 -1.168879510623042168e-03
4.879999999999999893e-01 -7.493029546754500191e-03 4.545821007707966446e-03 -1.254394193095353764e-03
4.959999999999999964e-01 -8.911907368652955547e-03 5.712029261690828273e-03 -1.359989128329596331e-03
5.040000000000000036e-01 -1.146312166045871869e-02 5.359368012159074733e-03 -1.424697680295465519e-03
5.120000000000000107e-01 -1.505491978622360005e-02 4.712383636519158238e-03 -1.390607738781044888e-03
5.200000000000000178e-01 -2.072542496301348416e-02 5.171500072911087639e-03 -1.229640380140929311e-03
5.280000000000000249e-01 -2.949929825271936645e-02 6.864816164947443872e-03 -9.352340474475087694e-04
5.360000000000000320e-01 -4.045980308578463192e-02 8.712996016225915338e-03 -5.092148254964004236e-04
5.440000000000000391e-01 -5.098718767507732369e-02 9.778279139788733504e-03 3.090062842631939051e-05
5.520000000000000462e-01 -5.872252017805784652e-02 9.917655571810228554e-03 6.411431320504656656e-04
5.600000000000000533e-01 -6.290471849045765895e-02 9.139007012278103220e-03 1.262284688795571597e-03
5.680000000000000604e-01 -6.373339160377475276e-02 7.193019591147436706e-03 1.839207793155645801e-03
5.760000000000000675e-01 -6.112754700615551096e-02 3.960478223965522258e-03 2.313127584376580871e-03
5.839999999999999636e-01 -5.508164272197550726e-02 -5.699241646297920039e-05 2.591658727779823541e-03
5.919999999999999707e-01 -4.645180111438138026e-02 -3.739666536160831875e-03 2.549800413226867724e-03
5.999999999999999778e-01 -3.620229646564149945e-02 -6.312885638951925941e-03 2.089434162507251402e-03
6.079999999999999849e-01 -2.495058344292205160e-02 -8.233421508748192327e-03 1.210659103579061124e-03
6.159999999999999920e-01 -1.397518597496221447e-02 -1.033017566808635580e-02 3.353352676669585445e-05
6.239999999999999991e-01 -5.035741936336085751e-03 -1.200140585435989157e-02 -1.227585489197533398e-03
6.320000000000000062e-01 9.497617314118818278e-04 -1.098784989168788764e-02 -2.299059460740748070e-03
6.400000000000000133e-01 3.165393590781408889e-03 -5.506638808843182867e-03 -2.895748141818054767e-03
6.480000000000000204e-01 -2.554421023840617168e-04 3.692090841727785865e-03 -2.811617704508592719e-03
6.560000000000000275e-01 -9.911475040490726543e-03 1.378288172086898633e-02 -2.026351684560621317e-03
6.640000000000000346e-01 -2.265582860049181885e-02 2.198860296124173497e-02 -7.394115635866720538e-04
6.720000000000000417e-01 -3.450244583869952614e-02 2.721908290633364563e-02 7.226471543658010473e-04
6.800000000000000488e-01 -4.514560536614890818e-02 3.000591950745827921e-02 2.078614671482733028e-03
6.880000000000000560e-01 -5.658859292051243023e-02 3.127329172421015879e-02 3.234219261306718433e-03
6.960000000000000631e-01 -6.855921436780965106e-02 3.179288803686542569e-02 4.300001358279311077e-03
7.039999999999999591e-01 -7.855620187216491579e-02 3.221622047242607423e-02 5.465240743514732102e-03
7.119999999999999662e-01 -8.482419369429904099e-02 3.269013762937074408e-02 6.798952806316990206e-03
7.199999999999999734e-01 -8.624280936466370562e-02 3.290511639361690110e-02 8.111842262017845973e-03
7.279999999999999805e-01 -8.139321021577315685e-02 3.252193813119690080e-02 8.988749272150453953e-03
7.359999999999999876e-01 -7.033919248351541698e-02 3.110428228469722112e-02 8.988031862474906222e-03
7.439999999999999947e-01 -5.579726122951857159e-02 2.816587536786329532e-02 7.888558596774557230e-03
7.520000000000000018e-01 -4.159649358773905015e-02 2.360122597463832489e-02 5.837442088362807500e-03
7.600000000000000089e-01 -3.066488293620782402e-02 1.800675509846140152e-02 3.321381471786533437e-03
7.680000000000000160e-01 -2.348461868725289919e-02 1.254550806894684511e-02 9.859862256644123975e-04
7.760000000000000231e-01 -1.790572074889464071e-02 8.163852773169383639e-03 -6.079662045205007272e-04
7.840000000000000302e-01 -1.163756657552642536e-02 4.938168862556246638e-03 -1.189551291614474168e-03
7.920000000000000373e-01 -4.924487631303699382e-03 2.356112866342081891e-03 -8.585671068174174003e-04
