0.000000000000000000e+00 4.909737118162703950e+01
1.600000000000000033e-02 4.803808244179277409e+01
3.200000000000000067e-02 4.513595367967828054e+01
4.800000000000000100e-02 4.098320778004290332e+01
6.400000000000000133e-02 3.622566361040554028e+01
8.000000000000000167e-02 3.138562996872649080e+01
9.600000000000000200e-02 2.681820566372523373e+01
1.120000000000000023e-01 2.272760257154130059e+01
1.280000000000000027e-01 1.919570614272589992e+01
1.440000000000000169e-01 1.620366439799345670e+01
1.600000000000000033e-01 1.366973402969962592e+01
1.759999999999999898e-01 1.150906682452400354e+01
1.920000000000000040e-01 9.667253588226563110e+00
2.080000000000000182e-01 8.109341711165482636e+00
2.240000000000000047e-01 6.799821368283502032e+00
2.399999999999999911e-01 5.701156502788710334e+00
2.560000000000000053e-01 4.783631459293403942e+00
2.720000000000000195e-01 4.020688122996332048e+00
2.880000000000000338e-01 3.371134568050861091e+00
3.039999999999999925e-01 2.783643141739442051e+00
3.200000000000000067e-01 2.223390989534049567e+00
3.360000000000000209e-01 1.679976575140486705e+00
3.519999999999999796e-01 1.151107985883592644e+00
3.679999999999999938e-01 6.331374803475682267e-01
3.840000000000000080e-01 1.277791352477482267e-01
4.000000000000000222e-01 -3.532137264212325545e-01
4.160000000000000364e-01 -7.938675427833979947e-01
4.319999999999999951e-01 -1.177453556347397789e+00
4.480000000000000093e-01 -1.488661441354126369e+00
4.640000000000000235e-01 -1.731617960862501082e+00
4.799999999999999822e-01 -1.942123929669381965e+00
4.959999999999999964e-01 -2.157845473750503729e+00
5.120000000000000107e-01 -2.377618622834027029e+00
5.280000000000000249e-01 -2.567681303379820701e+00
5.440000000000000391e-01 -2.704774723490330768e+00
5.600000000000000533e-01 -2.799038784725920603e+00
5.760000000000000675e-01 -2.871944135420241739e+00
5.919999999999999707e-01 -2.923815759525393077e+00
6.079999999999999849e-01 -2.937647626861981109e+00
6.239999999999999991e-01 -2.908859062702991771e+00
6.400000000000000133e-01 -2.850672152263516779e+00
6.560000000000000275e-01 -2.769315614606490783e+00
6.720000000000000417e-01 -2.653264549034340281e+00
6.880000000000000560e-01 -2.493171187479066297e+00
7.039999999999999591e-01 -2.299387829000029360e+00
7.199999999999999734e-01 -2.096181323894079629e+00
7.359999999999999876e-01 -1.907906407794396797e+00
7.520000000000000018e-01 -1.746631009958132585e+00
7.680000000000000160e-01 -1.605891155181155661e+00
7.840000000000000302e-01 -1.474352266705764913e+00
8.000000000000000444e-01 -1.353685311606259711e+00
8.160000000000000586e-01 -1.256319230832058098e+00
8.320000000000000728e-01 -1.198259925744970200e+00
8.479999999999999760e-01 -1.191704658857546839e+00
8.639999999999999902e-01 -1.225000563927489461e+00
8.800000000000000044e-01 -1.258497477652231078e+00
8.960000000000000187e-01 -1.254037378798048774e+00
9.120000000000000329e-01 -1.203591187106975102e+00
9.280000000000000471e-01 -1.131545066858329340e+00
9.440000000000000613e-01 -1.067441745671444453e+00
9.599999999999999645e-01 -1.010577363549119978e+00
9.759999999999999787e-01 -9.364912208682139028e-01
9.919999999999999929e-01 -8.379311274263978593e-01
1.008000000000000007e+00 -7.343526653415349825e-01
1.024000000000000021e+00 -6.420437778965272235e-01
1.040000000000000036e+00 -5.520119338829407862e-01
1.056000000000000050e+00 -4.417825030238050066e-01
1.072000000000000064e+00 -3.046930841529173484e-01
1.088000000000000078e+00 -1.519499538581357556e-01
1.104000000000000092e+00 1.290158721860846028e-02
1.120000000000000107e+00 1.956705374694746313e-01
1.136000000000000121e+00 3.944785917574384349e-01
1.152000000000000135e+00 6.020003240420186419e-01
1.167999999999999927e+00 8.080331043125259516e-01
1.183999999999999941e+00 9.917988037734727369e-01
1.199999999999999956e+00 1.131105810181650240e+00
1.215999999999999970e+00 1.221696174081872588e+00
1.231999999999999984e+00 1.282177774868816789e+00
1.247999999999999998e+00 1.338957689622121361e+00
1.264000000000000012e+00 1.401829762699974502e+00
1.280000000000000027e+00 1.460087059093214679e+00
1.296000000000000041e+00 1.499481512203149736e+00
1.312000000000000055e+00 1.504857149161182184e+00
1.328000000000000069e+00 1.459730340608892396e+00
1.344000000000000083e+00 1.365756030054460890e+00
1.360000000000000098e+00 1.249323775803284908e+00
1.376000000000000112e+00 1.141896914377715788e+00
1.392000000000000126e+00 1.062974472334971443e+00
1.407999999999999918e+00 1.014786115648668385e+00
1.423999999999999932e+00 9.917476420850627195e-01
1.439999999999999947e+00 9.953617491713313559e-01
1.455999999999999961e+00 1.020606886396287605e+00
1.471999999999999975e+00 1.035574086655862036e+00
1.487999999999999989e+00 1.004874175312782780e+00
1.504000000000000004e+00 9.257400945696852013e-01
1.520000000000000018e+00 8.260520615379537412e-01
1.536000000000000032e+00 7.340894691009727246e-01
1.552000000000000046e+00 6.480640558474312085e-01
1.568000000000000060e+00 5.402713832270602534e-01
1.584000000000000075e+00 4.041090729174200424e-01
1.600000000000000089e+00 2.755888116148076938e-01
1.616000000000000103e+00 1.930903891291128605e-01
1.632000000000000117e+00 1.579974688714930464e-01
1.648000000000000131e+00 1.403273376902271219e-01
1.664000000000000146e+00 1.132674656071274294e-01
1.679999999999999938e+00 8.287706172972374163e-02
1.695999999999999952e+00 7.443577299345728593e-02
1.711999999999999966e+00 9.561925110213989609e-02
1.727999999999999980e+00 1.387951561241295706e-01
1.743999999999999995e+00 2.026722300506375307e-01
1.760000000000000009e+00 2.828934535824784158e-01
1.776000000000000023e+00 3.600187013541789605e-01
1.792000000000000037e+00 4.141602057512317470e-01
1.808000000000000052e+00 4.397765163267456923e-01
1.824000000000000066e+00 4.406207588651490092e-01
1.840000000000000080e+00 4.157240859430585966e-01
1.856000000000000094e+00 3.602859114543267571e-01
1.872000000000000108e+00 2.807957999666519933e-01
1.888000000000000123e+00 1.917398789676205972e-01
1.904000000000000137e+00 9.939311542837052371e-02
1.919999999999999929e+00 5.895492674561400234e-03
1.935999999999999943e+00 -8.245032912592997754e-02
1.951999999999999957e+00 -1.630414127983412509e-01
1.967999999999999972e+00 -2.413925683810609346e-01
1.983999999999999986e+00 -3.229349402237535749e-01
2.000000000000000000e+00 -4.017069335477178038e-01
2.016000000000000014e+00 -4.621086574934378244e-01
2.032000000000000028e+00 -5.012429626031782437e-01
2.048000000000000043e+00 -5.323856896224079538e-01
2.064000000000000057e+00 -5.536477207502579212e-01
2.080000000000000071e+00 -5.454028698990289747e-01
2.096000000000000085e+00 -5.080649286871217196e-01
2.112000000000000099e+00 -4.691345932923620121e-01
2.128000000000000114e+00 -4.536122624801574577e-01
2.144000000000000128e+00 -4.685232792435778948e-01
2.160000000000000142e+00 -5.045737392047326964e-01
2.176000000000000156e+00 -5.410595999829732605e-01
2.192000000000000171e+00 -5.572053133316211548e-01
2.208000000000000185e+00 -5.414614910261751346e-01
2.224000000000000199e+00 -4.938525021070044874e-01
2.240000000000000213e+00 -4.293067964986735374e-01
2.256000000000000227e+00 -3.750677387388607342e-01
2.272000000000000242e+00 -3.538759775921261341e-01
2.288000000000000256e+00 -3.666477466022026177e-01
2.304000000000000270e+00 -3.888422770037190390e-01
2.319999999999999840e+00 -3.800680361164188725e-01
2.335999999999999854e+00 -3.062789343852220236e-01
2.351999999999999869e+00 -1.690300686951476394e-01
2.367999999999999883e+00 -1.388173568802331462e-02
2.383999999999999897e+00 1.015762924745006457e-01
2.399999999999999911e+00 1.468457070393697494e-01
2.415999999999999925e+00 1.222793578310971269e-01
2.431999999999999940e+00 4.537853966726755617e-02
2.447999999999999954e+00 -4.787214252288995997e-02
2.463999999999999968e+00 -1.078391340054340175e-01
2.479999999999999982e+00 -1.008002591528720515e-01
2.495999999999999996e+00 -2.687976915895223459e-02
