0.000000000000000000e+00 4.014961001939460772e+01
1.600000000000000033e-02 3.939015528448664583e+01
3.200000000000000067e-02 3.728610622898139582e+01
4.800000000000000100e-02 3.421072613049138056e+01
6.400000000000000133e-02 3.062503410912083979e+01
8.000000000000000167e-02 2.693775794267840595e+01
9.600000000000000200e-02 2.342946361559805979e+01
1.120000000000000023e-01 2.024923332809322574e+01
1.280000000000000027e-01 1.744963514237225510e+01
1.440000000000000169e-01 1.502346008256989229e+01
1.600000000000000033e-01 1.292958771872871004e+01
1.759999999999999898e-01 1.111375704012463750e+01
1.920000000000000040e-01 9.528469963813384069e+00
2.080000000000000182e-01 8.145760842881941244e+00
2.240000000000000047e-01 6.954542734910364565e+00
2.399999999999999911e-01 5.944411634374977993e+00
2.560000000000000053e-01 5.089242261801140366e+00
2.720000000000000195e-01 4.344793037809369096e+00
2.880000000000000338e-01 3.663492739175487678e+00
3.039999999999999925e-01 3.015669042296963198e+00
3.200000000000000067e-01 2.400913171192002427e+00
3.360000000000000209e-01 1.840668108115502077e+00
3.519999999999999796e-01 1.357834705511834050e+00
3.679999999999999938e-01 9.591802664718795945e-01
3.840000000000000080e-01 6.329000383992862133e-01
4.000000000000000222e-01 3.597370053728733419e-01
4.160000000000000364e-01 1.245408361752064347e-01
4.319999999999999951e-01 -8.292021144258690524e-02
4.480000000000000093e-01 -2.758782075786445631e-01
4.640000000000000235e-01 -4.746471505026613191e-01
4.799999999999999822e-01 -6.979758729707516984e-01
4.959999999999999964e-01 -9.473881642314492257e-01
5.120000000000000107e-01 -1.200267442025460651e+00
5.280000000000000249e-01 -1.421254931424546619e+00
5.440000000000000391e-01 -1.584211984723474131e+00
5.600000000000000533e-01 -1.686069600189855633e+00
5.760000000000000675e-01 -1.741242762905321539e+00
5.919999999999999707e-01 -1.764083629087603855e+00
6.079999999999999849e-01 -1.757891448039521576e+00
6.239999999999999991e-01 -1.720790008766102996e+00
6.400000000000000133e-01 -1.660046509476737597e+00
6.560000000000000275e-01 -1.597056489788305278e+00
6.720000000000000417e-01 -1.555090456153258582e+00
6.880000000000000560e-01 -1.540369894108836624e+00
7.039999999999999591e-01 -1.534836398148495373e+00
7.199999999999999734e-01 -1.508643165170757250e+00
7.359999999999999876e-01 -1.442936543343255495e+00
7.520000000000000018e-01 -1.345364247257172963e+00
7.680000000000000160e-01 -1.247370823687998120e+00
7.840000000000000302e-01 -1.185705273403458992e+00
8.000000000000000444e-01 -1.180004571378326039e+00
8.160000000000000586e-01 -1.219711215796864145e+00
8.320000000000000728e-01 -1.268474794405204387e+00
8.479999999999999760e-01 -1.284958294040785987e+00
8.639999999999999902e-01 -1.248649175525363253e+00
8.800000000000000044e-01 -1.173923388801358048e+00
8.960000000000000187e-01 -1.101398691233027360e+00
9.120000000000000329e-01 -1.071072714932095771e+00
9.280000000000000471e-01 -1.095528040496875688e+00
9.440000000000000613e-01 -1.151584388938339698e+00
9.599999999999999645e-01 -1.194628542617699685e+00
9.759999999999999787e-01 -1.183635972912058687e+00
9.919999999999999929e-01 -1.099841985015287849e+00
1.008000000000000007e+00 -9.501748185293165117e-01
1.024000000000000021e+00 -7.585373840163809334e-01
1.040000000000000036e+00 -5.535723335693927272e-01
1.056000000000000050e+00 -3.589709474470472728e-01
1.072000000000000064e+00 -1.877373184464910250e-01
1.088000000000000078e+00 -4.054781310872161010e-02
1.104000000000000092e+00 9.061278937770972375e-02
1.120000000000000107e+00 2.138565312340204860e-01
1.136000000000000121e+00 3.291697227581021901e-01
1.152000000000000135e+00 4.285220445105287768e-01
1.167999999999999927e+00 5.063597519106664002e-01
1.183999999999999941e+00 5.711979491201143455e-01
1.199999999999999956e+00 6.444739798895594562e-01
1.215999999999999970e+00 7.433574023455815638e-01
1.231999999999999984e+00 8.618354619103302250e-01
1.247999999999999998e+00 9.700120410562561579e-01
1.264000000000000012e+00 1.035937771995079970e+00
1.280000000000000027e+00 1.051487881485684284e+00
1.296000000000000041e+00 1.038325276272126008e+00
1.312000000000000055e+00 1.029184584359649879e+00
1.328000000000000069e+00 1.043647279382014625e+00
1.344000000000000083e+00 1.080611721511191226e+00
1.360000000000000098e+00 1.129836713039522156e+00
1.376000000000000112e+00 1.185845603593200126e+00
1.392000000000000126e+00 1.249846433392548972e+00
1.407999999999999918e+00 1.322923156904103115e+00
1.423999999999999932e+00 1.403046094923170450e+00
1.439999999999999947e+00 1.489045218362521794e+00
1.455999999999999961e+00 1.581678531235171992e+00
1.471999999999999975e+00 1.674829538161842768e+00
1.487999999999999989e+00 1.745969687418281957e+00
1.504000000000000004e+00 1.762060107744031212e+00
1.520000000000000018e+00 1.702348136987982485e+00
1.536000000000000032e+00 1.578212844292340655e+00
1.552000000000000046e+00 1.428570422760191194e+00
1.568000000000000060e+00 1.292448933742570638e+00
1.584000000000000075e+00 1.184025970711116926e+00
1.600000000000000089e+00 1.093158663929552965e+00
1.616000000000000103e+00 1.007941228290128111e+00
1.632000000000000117e+00 9.336471408199175093e-01
1.648000000000000131e+00 8.881020531377573635e-01
1.664000000000000146e+00 8.798778049774428345e-01
1.679999999999999938e+00 8.936658104164997285e-01
1.695999999999999952e+00 8.983744024889630531e-01
1.711999999999999966e+00 8.692523311931303898e-01
1.727999999999999980e+00 8.023949118754870602e-01
1.743999999999999995e+00 7.104780927408362867e-01
1.760000000000000009e+00 6.084712691684823760e-01
1.776000000000000023e+00 5.052589452998107467e-01
1.792000000000000037e+00 4.063244970653082655e-01
1.808000000000000052e+00 3.190569738668356248e-01
1.824000000000000066e+00 2.515578933727337652e-01
1.840000000000000080e+00 2.064051490922010068e-01
1.856000000000000094e+00 1.780742037728163252e-01
1.872000000000000108e+00 1.580999895146211476e-01
1.888000000000000123e+00 1.425354510107437744e-01
1.904000000000000137e+00 1.338921674481345914e-01
1.919999999999999929e+00 1.365254022378615539e-01
1.935999999999999943e+00 1.512798975055199280e-01
1.951999999999999957e+00 1.744987798186151962e-01
1.967999999999999972e+00 2.007254085402939425e-01
1.983999999999999986e+00 2.252000729775807952e-01
2.000000000000000000e+00 2.441754924018113837e-01
2.016000000000000014e+00 2.541362192348476379e-01
2.032000000000000028e+00 2.515114981130104344e-01
2.048000000000000043e+00 2.334420641543314967e-01
2.064000000000000057e+00 1.999170887774025795e-01
2.080000000000000071e+00 1.573817226446473372e-01
2.096000000000000085e+00 1.218107504998546115e-01
2.112000000000000099e+00 1.168578257695176703e-01
2.128000000000000114e+00 1.643249374600472823e-01
2.144000000000000128e+00 2.706038653730977184e-01
2.160000000000000142e+00 4.183386783130470521e-01
2.176000000000000156e+00 5.709347697490988471e-01
2.192000000000000171e+00 6.888650241357806570e-01
2.208000000000000185e+00 7.480458234712863419e-01
2.224000000000000199e+00 7.489462212276138953e-01
2.240000000000000213e+00 7.115452907562281881e-01
2.256000000000000227e+00 6.607483949131292000e-01
2.272000000000000242e+00 6.127235480559157788e-01
2.288000000000000256e+00 5.708179557678867422e-01
2.304000000000000270e+00 5.315174956019350638e-01
2.319999999999999840e+00 4.927409687723741660e-01
2.335999999999999854e+00 4.558888355442296536e-01
2.351999999999999869e+00 4.206708244770667182e-01
2.367999999999999883e+00 3.802792746944707036e-01
2.383999999999999897e+00 3.245348078123460600e-01
2.399999999999999911e+00 2.495311669814354039e-01
2.415999999999999925e+00 1.640091085324252573e-01
2.431999999999999940e+00 8.504522279101857374e-02
2.447999999999999954e+00 2.669830343207951415e-02
2.463999999999999968e+00 -7.132443867075507343e-03
2.479999999999999982e+00 -1.885600269021609973e-02
2.495999999999999996e+00 -7.401876952513469950e-03
