0.000000000000000000e+00 4.006017633626510843e+01
1.600000000000000033e-02 3.924680517100041044e+01
3.200000000000000067e-02 3.700665230331081546e+01
4.800000000000000100e-02 3.378399130738363709e+01
6.400000000000000133e-02 3.009669259006360065e+01
8.000000000000000167e-02 2.636369806394378656e+01
9.600000000000000200e-02 2.284095604409672475e+01
1.120000000000000023e-01 1.965236532347602250e+01
1.280000000000000027e-01 1.684407837619293957e+01
1.440000000000000169e-01 1.441492456725802285e+01
1.600000000000000033e-01 1.233009603745394855e+01
1.759999999999999898e-01 1.054131467071216299e+01
1.920000000000000040e-01 9.010724323558406468e+00
2.080000000000000182e-01 7.717345399666950101e+00
2.240000000000000047e-01 6.642311099065630664e+00
2.399999999999999911e-01 5.754627461288431611e+00
2.560000000000000053e-01 5.014893769478004693e+00
2.720000000000000195e-01 4.387281425862695983e+00
2.880000000000000338e-01 3.839893838587639774e+00
3.039999999999999925e-01 3.334564134333995788e+00
3.200000000000000067e-01 2.827477626745664718e+00
3.360000000000000209e-01 2.290012877490628540e+00
3.519999999999999796e-01 1.729387775629365631e+00
3.679999999999999938e-01 1.182841583995131618e+00
3.840000000000000080e-01 6.880131774184111704e-01
4.000000000000000222e-01 2.594217725538660591e-01
4.160000000000000364e-01 -1.084223432410677118e-01
4.319999999999999951e-01 -4.232593016814956144e-01
4.480000000000000093e-01 -6.877889627376810866e-01
4.640000000000000235e-01 -9.078925457426887391e-01
4.799999999999999822e-01 -1.098751210679166146e+00
4.959999999999999964e-01 -1.276054377830997399e+00
5.120000000000000107e-01 -1.441711651726218735e+00
5.280000000000000249e-01 -1.581842919493567479e+00
5.440000000000000391e-01 -1.680752137082449638e+00
5.600000000000000533e-01 -1.738163719788951456e+00
5.760000000000000675e-01 -1.775193884719928228e+00
5.919999999999999707e-01 -1.823681890624610613e+00
6.079999999999999849e-01 -1.904010744081053863e+00
6.239999999999999991e-01 -2.005632812678384891e+00
6.400000000000000133e-01 -2.087830954491848079e+00
6.560000000000000275e-01 -2.106307458866146565e+00
6.720000000000000417e-01 -2.047193260812218973e+00
6.880000000000000560e-01 -1.938404823012590095e+00
7.039999999999999591e-01 -1.827563565423017344e+00
7.199999999999999734e-01 -1.748643768012309474e+00
7.359999999999999876e-01 -1.708495624329553930e+00
7.520000000000000018e-01 -1.699004321053477984e+00
7.680000000000000160e-01 -1.712767940905463915e+00
7.840000000000000302e-01 -1.743102071000720343e+00
8.000000000000000444e-01 -1.775067836699226298e+00
8.160000000000000586e-01 -1.786801553037434820e+00
8.320000000000000728e-01 -1.764239582855874788e+00
8.479999999999999760e-01 -1.711632624994811280e+00
8.639999999999999902e-01 -1.644095153598700509e+00
8.800000000000000044e-01 -1.571227494863531193e+00
8.960000000000000187e-01 -1.491290225285480053e+00
9.120000000000000329e-01 -1.400028273800225431e+00
9.280000000000000471e-01 -1.299154312802245137e+00
9.440000000000000613e-01 -1.192682929169400774e+00
9.599999999999999645e-01 -1.078375001916478837e+00
9.759999999999999787e-01 -9.481614165571303765e-01
9.919999999999999929e-01 -7.969333689955236943e-01
1.008000000000000007e+00 -6.267066537296571704e-01
1.024000000000000021e+00 -4.422691355292493465e-01
1.040000000000000036e+00 -2.501299880794994879e-01
1.056000000000000050e+00 -6.772937564376035890e-02
1.072000000000000064e+00 7.151523010510056622e-02
1.088000000000000078e+00 1.358660439475715409e-01
1.104000000000000092e+00 1.269308725267795368e-01
1.120000000000000107e+00 9.060949728110109791e-02
1.136000000000000121e+00 8.715347732048861484e-02
1.152000000000000135e+00 1.450616717372721909e-01
1.167999999999999927e+00 2.451677057403499060e-01
1.183999999999999941e+00 3.498606429419833797e-01
1.199999999999999956e+00 4.431095078291996114e-01
1.215999999999999970e+00 5.383105378531829466e-01
1.231999999999999984e+00 6.516090106205638666e-01
1.247999999999999998e+00 7.771660165012904686e-01
1.264000000000000012e+00 8.925725602347338583e-01
1.280000000000000027e+00 9.828341223628325185e-01
1.296000000000000041e+00 1.051595912394204246e+00
1.312000000000000055e+00 1.108926925779037287e+00
1.328000000000000069e+00 1.154645726721606813e+00
1.344000000000000083e+00 1.177852654253809028e+00
1.360000000000000098e+00 1.170306006712207747e+00
1.376000000000000112e+00 1.135814471404028136e+00
1.392000000000000126e+00 1.086612729582882020e+00
1.407999999999999918e+00 1.034806453692654005e+00
1.423999999999999932e+00 9.897448154400808606e-01
1.439999999999999947e+00 9.603509841614608078e-01
1.455999999999999961e+00 9.536608512131852233e-01
1.471999999999999975e+00 9.679789531987653683e-01
1.487999999999999989e+00 9.902858503459547324e-01
1.504000000000000004e+00 1.005459785945390205e+00
1.520000000000000018e+00 1.009836224900844348e+00
1.536000000000000032e+00 1.013083144478399644e+00
1.552000000000000046e+00 1.024032604210068476e+00
1.568000000000000060e+00 1.035958396786568203e+00
1.584000000000000075e+00 1.029798426449263893e+00
1.600000000000000089e+00 9.938104472053315153e-01
1.616000000000000103e+00 9.379221674632690631e-01
1.632000000000000117e+00 8.855178271237639231e-01
1.648000000000000131e+00 8.504323253019662188e-01
1.664000000000000146e+00 8.235024327836605318e-01
1.679999999999999938e+00 7.822828085966728739e-01
1.695999999999999952e+00 7.127910435255686572e-01
1.711999999999999966e+00 6.215223168891281791e-01
1.727999999999999980e+00 5.289259212840237145e-01
1.743999999999999995e+00 4.545690149041839434e-01
1.760000000000000009e+00 4.085179117595448273e-01
1.776000000000000023e+00 3.922957230552889807e-01
1.792000000000000037e+00 4.019393050436878001e-01
1.808000000000000052e+00 4.267987885393857983e-01
1.824000000000000066e+00 4.469634368598921492e-01
1.840000000000000080e+00 4.375913603025027299e-01
1.856000000000000094e+00 3.831248012016297277e-01
1.872000000000000108e+00 2.926142107981842821e-01
1.888000000000000123e+00 2.008896017414714963e-01
1.904000000000000137e+00 1.485581386838246976e-01
1.919999999999999929e+00 1.532228491381857627e-01
1.935999999999999943e+00 1.968756684797379475e-01
1.951999999999999957e+00 2.432057518476773428e-01
1.967999999999999972e+00 2.696347439784150812e-01
1.983999999999999986e+00 2.820587617270757796e-01
2.000000000000000000e+00 2.980295501371763023e-01
2.016000000000000014e+00 3.200526473990349396e-01
2.032000000000000028e+00 3.322123763243801653e-01
2.048000000000000043e+00 3.235607019385015048e-01
2.064000000000000057e+00 3.064683942463741206e-01
2.080000000000000071e+00 3.040648626390820564e-01
2.096000000000000085e+00 3.221885525085655955e-01
2.112000000000000099e+00 3.429466825340211633e-01
2.128000000000000114e+00 3.482674476900142757e-01
2.144000000000000128e+00 3.410032804071340684e-01
2.160000000000000142e+00 3.348415745537360877e-01
2.176000000000000156e+00 3.281605882591901446e-01
2.192000000000000171e+00 3.002117176056848802e-01
2.208000000000000185e+00 2.377676026141927190e-01
2.224000000000000199e+00 1.578731192398140637e-01
2.240000000000000213e+00 9.581003801496738859e-02
2.256000000000000227e+00 7.223815474636033351e-02
2.272000000000000242e+00 7.970709661743730079e-02
2.288000000000000256e+00 1.024624172805416039e-01
2.304000000000000270e+00 1.404017448377988808e-01
2.319999999999999840e+00 2.041087349273469354e-01
2.335999999999999854e+00 2.869281627385152911e-01
2.351999999999999869e+00 3.516793669661654742e-01
2.367999999999999883e+00 3.543653866864929780e-01
2.383999999999999897e+00 2.837753759892828187e-01
2.399999999999999911e+00 1.755788320510823231e-01
2.415999999999999925e+00 8.500412972642508447e-02
2.431999999999999940e+00 4.399002114969851468e-02
2.447999999999999954e+00 4.214830013772798145e-02
2.463999999999999968e+00 4.530869656083761493e-02
2.479999999999999982e+00 3.042367498830709713e-02
2.495999999999999996e+00 4.864548295407999066e-03
