0.000000000000000000e+00 4.900360896885294437e+01
1.600000000000000033e-02 4.795592621471111272e+01
3.200000000000000067e-02 4.508196972379150225e+01
4.800000000000000100e-02 4.094571932458084973e+01
6.400000000000000133e-02 3.617700668500567218e+01
8.000000000000000167e-02 3.131434855384258498e+01
9.600000000000000200e-02 2.675451147959040199e+01
1.120000000000000023e-01 2.272061750235254607e+01
1.280000000000000027e-01 1.927116955986603131e+01
1.440000000000000169e-01 1.636736473482615395e+01
1.600000000000000033e-01 1.393284890691332123e+01
1.759999999999999898e-01 1.187945974740678245e+01
1.920000000000000040e-01 1.012961608394711277e+01
2.080000000000000182e-01 8.638809459949991165e+00
2.240000000000000047e-01 7.389960423492871300e+00
2.399999999999999911e-01 6.354307189806014833e+00
2.560000000000000053e-01 5.469276482438103493e+00
2.720000000000000195e-01 4.672396762578764573e+00
2.880000000000000338e-01 3.935226205449185333e+00
3.039999999999999925e-01 3.242069999925881962e+00
3.200000000000000067e-01 2.568765400779686292e+00
3.360000000000000209e-01 1.902948510940168925e+00
3.519999999999999796e-01 1.252891939212862571e+00
3.679999999999999938e-01 6.289483968553896132e-01
3.840000000000000080e-01 4.223407342355818550e-02
4.000000000000000222e-01 -4.834806169555024846e-01
4.160000000000000364e-01 -9.268947003867173962e-01
4.319999999999999951e-01 -1.296097080710958194e+00
4.480000000000000093e-01 -1.617965924849436243e+00
4.640000000000000235e-01 -1.904531946149578658e+00
4.799999999999999822e-01 -2.154452928018415037e+00
4.959999999999999964e-01 -2.375951238280791245e+00
5.120000000000000107e-01 -2.574296938112599076e+00
5.280000000000000249e-01 -2.730391466242839460e+00
5.440000000000000391e-01 -2.822668421401660854e+00
5.600000000000000533e-01 -2.857659944090577664e+00
5.760000000000000675e-01 -2.862359764554769814e+00
5.919999999999999707e-01 -2.856268304445491069e+00
6.079999999999999849e-01 -2.841081728924892857e+00
6.239999999999999991e-01 -2.814042555095739306e+00
6.400000000000000133e-01 -2.777030470384398875e+00
6.560000000000000275e-01 -2.732307500539106204e+00
6.720000000000000417e-01 -2.691089810246294789e+00
6.880000000000000560e-01 -2.681173477724253740e+00
7.039999999999999591e-01 -2.717127217072732304e+00
7.199999999999999734e-01 -2.775340306050949835e+00
7.359999999999999876e-01 -2.818272769079994244e+00
7.520000000000000018e-01 -2.819097271778416403e+00
7.680000000000000160e-01 -2.753440218688660401e+00
7.840000000000000302e-01 -2.597807777025320508e+00
8.000000000000000444e-01 -2.356081293216030659e+00
8.160000000000000586e-01 -2.076379563259999284e+00
8.320000000000000728e-01 -1.820286667779604350e+00
8.479999999999999760e-01 -1.617607296771659486e+00
8.639999999999999902e-01 -1.469358947027197715e+00
8.800000000000000044e-01 -1.374185492353995786e+00
8.960000000000000187e-01 -1.319744671106552136e+00
9.120000000000000329e-01 -1.274735801664525825e+00
9.280000000000000471e-01 -1.216353605059864895e+00
9.440000000000000613e-01 -1.143587839676518669e+00
9.599999999999999645e-01 -1.059807717863972654e+00
9.759999999999999787e-01 -9.645222975838813051e-01
9.919999999999999929e-01 -8.617156085698405299e-01
1.008000000000000007e+00 -7.613872534515826462e-01
1.024000000000000021e+00 -6.690216004346757339e-01
1.040000000000000036e+00 -5.848442995500190422e-01
1.056000000000000050e+00 -5.183081887798318688e-01
1.072000000000000064e+00 -4.790758520012687871e-01
1.088000000000000078e+00 -4.445762347333465092e-01
1.104000000000000092e+00 -3.703623620402769490e-01
1.120000000000000107e+00 -2.382337632957512719e-01
1.136000000000000121e+00 -6.565765464711674493e-02
1.152000000000000135e+00 1.246128557773667628e-01
1.167999999999999927e+00 3.203906489965211435e-01
1.183999999999999941e+00 5.112781651388063064e-01
1.199999999999999956e+00 6.843625966296371654e-01
1.215999999999999970e+00 8.358290265223935478e-01
1.231999999999999984e+00 9.689874817544114061e-01
1.247999999999999998e+00 1.073923062024485953e+00
1.264000000000000012e+00 1.142449026635947940e+00
1.280000000000000027e+00 1.208064042503840252e+00
1.296000000000000041e+00 1.324479841290305604e+00
1.312000000000000055e+00 1.500973658970863767e+00
1.328000000000000069e+00 1.690927348545564035e+00
1.344000000000000083e+00 1.835061100284562485e+00
1.360000000000000098e+00 1.901816016783436591e+00
1.376000000000000112e+00 1.899477105011212474e+00
1.392000000000000126e+00 1.860559677495357667e+00
1.407999999999999918e+00 1.815938771545132058e+00
1.423999999999999932e+00 1.776448163588441931e+00
1.439999999999999947e+00 1.732848975739811115e+00
1.455999999999999961e+00 1.684158692992541173e+00
1.471999999999999975e+00 1.657627454334688721e+00
1.487999999999999989e+00 1.673929363699123929e+00
1.504000000000000004e+00 1.711182253615437299e+00
1.520000000000000018e+00 1.730719009813853626e+00
1.536000000000000032e+00 1.715525257383475388e+00
1.552000000000000046e+00 1.664823434361578203e+00
1.568000000000000060e+00 1.571243928213453378e+00
1.584000000000000075e+00 1.426558182179147094e+00
1.600000000000000089e+00 1.245760091939632996e+00
1.616000000000000103e+00 1.060126638197165239e+00
1.632000000000000117e+00 8.901433912710036145e-01
1.648000000000000131e+00 7.544962986995715770e-01
1.664000000000000146e+00 6.817555181096895955e-01
1.679999999999999938e+00 6.764876981378847853e-01
1.695999999999999952e+00 7.106813347682778836e-01
1.711999999999999966e+00 7.700285236722390625e-01
1.727999999999999980e+00 8.661030717758382291e-01
1.743999999999999995e+00 9.958022764164731200e-01
1.760000000000000009e+00 1.117473512115241485e+00
1.776000000000000023e+00 1.173260307297807170e+00
1.792000000000000037e+00 1.131666765272318687e+00
1.808000000000000052e+00 1.004264020166172333e+00
1.824000000000000066e+00 8.284077395589413140e-01
1.840000000000000080e+00 6.536753779317980850e-01
1.856000000000000094e+00 5.217807103482460240e-01
1.872000000000000108e+00 4.265823865864072362e-01
1.888000000000000123e+00 3.244820830920281396e-01
1.904000000000000137e+00 1.995117658381174996e-01
1.919999999999999929e+00 7.937618105562127546e-02
1.935999999999999943e+00 -1.083176764305799136e-02
1.951999999999999957e+00 -7.347814099538131638e-02
1.967999999999999972e+00 -1.198507384787000501e-01
1.983999999999999986e+00 -1.571147937651263538e-01
2.000000000000000000e+00 -2.014407801250394647e-01
2.016000000000000014e+00 -2.764938024389264060e-01
2.032000000000000028e+00 -3.794698038548804386e-01
2.048000000000000043e+00 -4.749726061941539346e-01
2.064000000000000057e+00 -5.337166550221046357e-01
2.080000000000000071e+00 -5.455912111776148876e-01
2.096000000000000085e+00 -5.036215803775405675e-01
2.112000000000000099e+00 -4.121242690810085207e-01
2.128000000000000114e+00 -2.985420960020520598e-01
2.144000000000000128e+00 -1.949589063309125070e-01
2.160000000000000142e+00 -1.176550763250860665e-01
2.176000000000000156e+00 -7.332243836008757454e-02
2.192000000000000171e+00 -7.406604845530682935e-02
2.208000000000000185e+00 -1.279563011493661528e-01
2.224000000000000199e+00 -2.181921750503364732e-01
2.240000000000000213e+00 -3.173008603801414917e-01
2.256000000000000227e+00 -4.100228275770611552e-01
2.272000000000000242e+00 -4.742983602309057689e-01
2.288000000000000256e+00 -4.769825601391405323e-01
2.304000000000000270e+00 -4.186063635368561520e-01
2.319999999999999840e+00 -3.385918683954829422e-01
2.335999999999999854e+00 -2.580180339251400001e-01
2.351999999999999869e+00 -1.566702189333999962e-01
2.367999999999999883e+00 -2.064981896924370647e-02
2.383999999999999897e+00 1.145728388000535891e-01
2.399999999999999911e+00 1.930703482295938744e-01
2.415999999999999925e+00 2.000936555574388265e-01
2.431999999999999940e+00 1.636165335707527868e-01
2.447999999999999954e+00 1.091661164068033485e-01
2.463999999999999968e+00 5.198446476549577200e-02
2.479999999999999982e+00 1.112720861869798128e-02
2.495999999999999996e+00 -1.320238392632007039e-03
