0.000000000000000000e+00 4.913687664104235608e+01
1.600000000000000033e-02 4.807021002775442042e+01
3.200000000000000067e-02 4.515522231482114535e+01
4.800000000000000100e-02 4.099589087062906145e+01
6.400000000000000133e-02 3.626458697770286221e+01
8.000000000000000167e-02 3.151012006233649032e+01
9.600000000000000200e-02 2.708093689359033007e+01
1.120000000000000023e-01 2.313407341782887627e+01
1.280000000000000027e-01 1.970415145596991380e+01
1.440000000000000169e-01 1.677153837188649277e+01
1.600000000000000033e-01 1.429986743826516360e+01
1.759999999999999898e-01 1.224455819433350534e+01
1.920000000000000040e-01 1.055462250717544315e+01
2.080000000000000182e-01 9.175791423706062488e+00
2.240000000000000047e-01 8.044678899961590801e+00
2.399999999999999911e-01 7.084596927419990031e+00
2.560000000000000053e-01 6.211530172791638549e+00
2.720000000000000195e-01 5.367673917322339783e+00
2.880000000000000338e-01 4.550423735500436884e+00
3.039999999999999925e-01 3.788816657756870487e+00
3.200000000000000067e-01 3.101612860088478918e+00
3.360000000000000209e-01 2.477478715753617333e+00
3.519999999999999796e-01 1.892478045722578717e+00
3.679999999999999938e-01 1.334183807091278595e+00
3.840000000000000080e-01 8.042620221865256491e-01
4.000000000000000222e-01 3.186160602007305220e-01
4.160000000000000364e-01 -1.035387690835551655e-01
4.319999999999999951e-01 -4.613624088397072498e-01
4.480000000000000093e-01 -7.785125054242122422e-01
4.640000000000000235e-01 -1.077321430780977085e+00
4.799999999999999822e-01 -1.359467983950504166e+00
4.959999999999999964e-01 -1.627120166738754481e+00
5.120000000000000107e-01 -1.889183956222693084e+00
5.280000000000000249e-01 -2.140515496851381094e+00
5.440000000000000391e-01 -2.356131665115626550e+00
5.600000000000000533e-01 -2.514792518009729694e+00
5.760000000000000675e-01 -2.619170217680366619e+00
5.919999999999999707e-01 -2.682474318895079257e+00
6.079999999999999849e-01 -2.720683825593359639e+00
6.239999999999999991e-01 -2.748075984099502822e+00
6.400000000000000133e-01 -2.763010579688713886e+00
6.560000000000000275e-01 -2.750205528386985510e+00
6.720000000000000417e-01 -2.700754594594072966e+00
6.880000000000000560e-01 -2.629410314418533900e+00
7.039999999999999591e-01 -2.553578816925170969e+00
7.199999999999999734e-01 -2.475347583519797112e+00
7.359999999999999876e-01 -2.396652961738825915e+00
7.520000000000000018e-01 -2.324484588305532284e+00
7.680000000000000160e-01 -2.267285000158380193e+00
7.840000000000000302e-01 -2.225573346888374715e+00
8.000000000000000444e-01 -2.195317317405275581e+00
8.160000000000000586e-01 -2.175326865968720824e+00
8.320000000000000728e-01 -2.153849720572184712e+00
8.479999999999999760e-01 -2.115084169370074818e+00
8.639999999999999902e-01 -2.053536152149396887e+00
8.800000000000000044e-01 -1.973058060294666127e+00
8.960000000000000187e-01 -1.875467137377536453e+00
9.120000000000000329e-01 -1.746740045531122165e+00
9.280000000000000471e-01 -1.570008370191453562e+00
9.440000000000000613e-01 -1.340451222019919841e+00
9.599999999999999645e-01 -1.064808460116004607e+00
9.759999999999999787e-01 -7.627848363635650886e-01
9.919999999999999929e-01 -4.647061163089731273e-01
1.008000000000000007e+00 -2.047430576426865212e-01
1.024000000000000021e+00 -3.143458122123437247e-03
1.040000000000000036e+00 1.507002177657162656e-01
1.056000000000000050e+00 2.847189439253377530e-01
1.072000000000000064e+00 4.198798383831726655e-01
1.088000000000000078e+00 5.636947246500713105e-01
1.104000000000000092e+00 7.146902186883570263e-01
1.120000000000000107e+00 8.696485245439488088e-01
1.136000000000000121e+00 1.019393987979343885e+00
1.152000000000000135e+00 1.142879942645656621e+00
1.167999999999999927e+00 1.224285282508355222e+00
1.183999999999999941e+00 1.264601690796981703e+00
1.199999999999999956e+00 1.277658872977137428e+00
1.215999999999999970e+00 1.283621478608278466e+00
1.231999999999999984e+00 1.299419316991899276e+00
1.247999999999999998e+00 1.334005801834045934e+00
1.264000000000000012e+00 1.383005031775777161e+00
1.280000000000000027e+00 1.433572846532845668e+00
1.296000000000000041e+00 1.472887353093907059e+00
1.312000000000000055e+00 1.484791472124677769e+00
1.328000000000000069e+00 1.452734043077406278e+00
1.344000000000000083e+00 1.370065892085463810e+00
1.360000000000000098e+00 1.257425441919765241e+00
1.376000000000000112e+00 1.161842354925233023e+00
1.392000000000000126e+00 1.125602666990212830e+00
1.407999999999999918e+00 1.162069163698191465e+00
1.423999999999999932e+00 1.250638082848925192e+00
1.439999999999999947e+00 1.347890842891973584e+00
1.455999999999999961e+00 1.406063018487303085e+00
1.471999999999999975e+00 1.403405231543110032e+00
1.487999999999999989e+00 1.361906437568874972e+00
1.504000000000000004e+00 1.317134469027946508e+00
1.520000000000000018e+00 1.286043330923861472e+00
1.536000000000000032e+00 1.265493750913015081e+00
1.552000000000000046e+00 1.247088530775314119e+00
1.568000000000000060e+00 1.219537007052751809e+00
1.584000000000000075e+00 1.165176125785761130e+00
1.600000000000000089e+00 1.074393464063091219e+00
1.616000000000000103e+00 9.458675278836335965e-01
1.632000000000000117e+00 7.822214823245930981e-01
1.648000000000000131e+00 5.977256270309110331e-01
1.664000000000000146e+00 4.193448184971842463e-01
1.679999999999999938e+00 2.732606804321539018e-01
1.695999999999999952e+00 1.659678788978849739e-01
1.711999999999999966e+00 9.970854277947359401e-02
1.727999999999999980e+00 8.565074167409617023e-02
1.743999999999999995e+00 1.222352933390757207e-01
1.760000000000000009e+00 1.832069283848293262e-01
1.776000000000000023e+00 2.301322403051140886e-01
1.792000000000000037e+00 2.427652896229484658e-01
1.808000000000000052e+00 2.231911834094707503e-01
1.824000000000000066e+00 1.799467222231593555e-01
1.840000000000000080e+00 1.293020409150220373e-01
1.856000000000000094e+00 8.583765610341326235e-02
1.872000000000000108e+00 5.520920121146350584e-02
1.888000000000000123e+00 3.952606615182552297e-02
1.904000000000000137e+00 4.620552850257272220e-02
1.919999999999999929e+00 9.161772736375813075e-02
1.935999999999999943e+00 1.778229998663719558e-01
1.951999999999999957e+00 2.809141067764379662e-01
1.967999999999999972e+00 3.688321322259702217e-01
1.983999999999999986e+00 4.207870633336798227e-01
2.000000000000000000e+00 4.389319750132761322e-01
2.016000000000000014e+00 4.431618719722490995e-01
2.032000000000000028e+00 4.568550609779302163e-01
2.048000000000000043e+00 4.919152529660771322e-01
2.064000000000000057e+00 5.353846759135337807e-01
2.080000000000000071e+00 5.585858844153409608e-01
2.096000000000000085e+00 5.399540699098214214e-01
2.112000000000000099e+00 4.723917540921857006e-01
2.128000000000000114e+00 3.654151147310742975e-01
2.144000000000000128e+00 2.436886030941125270e-01
2.160000000000000142e+00 1.352578430394654196e-01
2.176000000000000156e+00 6.238680568380521041e-02
2.192000000000000171e+00 3.147619089394972092e-02
2.208000000000000185e+00 3.069871463773326398e-02
2.224000000000000199e+00 3.589441860597177014e-02
2.240000000000000213e+00 1.875033923422570262e-02
2.256000000000000227e+00 -3.743490666805417144e-02
2.272000000000000242e+00 -1.303310402091941711e-01
2.288000000000000256e+00 -2.329368024678459825e-01
2.304000000000000270e+00 -2.996511409672877324e-01
2.319999999999999840e+00 -2.989245921805737671e-01
2.335999999999999854e+00 -2.414973107585870471e-01
2.351999999999999869e+00 -1.776632099447702506e-01
2.367999999999999883e+00 -1.537407988807063530e-01
2.383999999999999897e+00 -1.768800834827534418e-01
2.399999999999999911e+00 -2.248971064174611345e-01
2.415999999999999925e+00 -2.685094673609048077e-01
2.431999999999999940e+00 -2.841661522509627003e-01
2.447999999999999954e+00 -2.587609350803976027e-01
2.463999999999999968e+00 -1.976933811124498563e-01
2.479999999999999982e+00 -1.159880018117294687e-01
2.495999999999999996e+00 -2.317888611584191863e-02
