0.000000000000000000e+00 4.030032577748994527e+01
1.600000000000000033e-02 3.952685427678345320e+01
3.200000000000000067e-02 3.737771518197133247e+01
4.800000000000000100e-02 3.425326345051536947e+01
6.400000000000000133e-02 3.063286023316603846e+01
8.000000000000000167e-02 2.692158111425231226e+01
9.600000000000000200e-02 2.338210190211067285e+01
1.120000000000000023e-01 2.014892725774592463e+01
1.280000000000000027e-01 1.727376103399749496e+01
1.440000000000000169e-01 1.476114156195378690e+01
1.600000000000000033e-01 1.258931321192085839e+01
1.759999999999999898e-01 1.072700358816723565e+01
1.920000000000000040e-01 9.146243658343099270e+00
2.080000000000000182e-01 7.822442184660302722e+00
2.240000000000000047e-01 6.722894795401062495e+00
2.399999999999999911e-01 5.799239977748996466e+00
2.560000000000000053e-01 4.996223136023814071e+00
2.720000000000000195e-01 4.270731227825408816e+00
2.880000000000000338e-01 3.603764893401727676e+00
3.039999999999999925e-01 2.996125746038324156e+00
3.200000000000000067e-01 2.454296937678718482e+00
3.360000000000000209e-01 1.978494792435374627e+00
3.519999999999999796e-01 1.558653783861978726e+00
3.679999999999999938e-01 1.177775998543407310e+00
3.840000000000000080e-01 8.209851115919566400e-01
4.000000000000000222e-01 4.868021211353653621e-01
4.160000000000000364e-01 1.919720233816257782e-01
4.319999999999999951e-01 -3.842488661434421970e-02
4.480000000000000093e-01 -1.913802773056069439e-01
4.640000000000000235e-01 -2.794569411181747620e-01
4.799999999999999822e-01 -3.340930770928325910e-01
4.959999999999999964e-01 -3.857835145695408530e-01
5.120000000000000107e-01 -4.512556520112065983e-01
5.280000000000000249e-01 -5.369905746889052089e-01
5.440000000000000391e-01 -6.477704506713832799e-01
5.600000000000000533e-01 -7.854329197234016791e-01
5.760000000000000675e-01 -9.402925479492567629e-01
5.919999999999999707e-01 -1.090731985943176108e+00
6.079999999999999849e-01 -1.216403514326265922e+00
6.239999999999999991e-01 -1.311146635598843035e+00
6.400000000000000133e-01 -1.380396778078056830e+00
6.560000000000000275e-01 -1.427101463676162529e+00
6.720000000000000417e-01 -1.444322232723025401e+00
6.880000000000000560e-01 -1.423368529737892851e+00
7.039999999999999591e-01 -1.366705843601325299e+00
7.199999999999999734e-01 -1.290459171224015433e+00
7.359999999999999876e-01 -1.215585100625301562e+00
7.520000000000000018e-01 -1.159199657010791640e+00
7.680000000000000160e-01 -1.133182741709220176e+00
7.840000000000000302e-01 -1.145124696657862762e+00
8.000000000000000444e-01 -1.194593634930279702e+00
8.160000000000000586e-01 -1.267357219539609892e+00
8.320000000000000728e-01 -1.337105135937164402e+00
8.479999999999999760e-01 -1.378225772083947254e+00
8.639999999999999902e-01 -1.380956153064393233e+00
8.800000000000000044e-01 -1.355898478853129863e+00
8.960000000000000187e-01 -1.323575195883451405e+00
9.120000000000000329e-01 -1.297852596315014484e+00
9.280000000000000471e-01 -1.277042219326816275e+00
9.440000000000000613e-01 -1.248712211792599724e+00
9.599999999999999645e-01 -1.201395196402428756e+00
9.759999999999999787e-01 -1.131256644577213422e+00
9.919999999999999929e-01 -1.039336612771206925e+00
1.008000000000000007e+00 -9.261987365711961129e-01
1.024000000000000021e+00 -7.922444373071075852e-01
1.040000000000000036e+00 -6.420992288866194109e-01
1.056000000000000050e+00 -4.838675237394802209e-01
1.072000000000000064e+00 -3.202470902743896897e-01
1.088000000000000078e+00 -1.415691883664625395e-01
1.104000000000000092e+00 6.744513057139198131e-02
1.120000000000000107e+00 3.103996532185994695e-01
1.136000000000000121e+00 5.691649469650511550e-01
1.152000000000000135e+00 8.135094676480254527e-01
1.167999999999999927e+00 1.021630584389023211e+00
1.183999999999999941e+00 1.190304323590990698e+00
1.199999999999999956e+00 1.325438771678191019e+00
1.215999999999999970e+00 1.426929247525742683e+00
1.231999999999999984e+00 1.488220503748728607e+00
1.247999999999999998e+00 1.512319230550599025e+00
1.264000000000000012e+00 1.523838147055516234e+00
1.280000000000000027e+00 1.557971550091088453e+00
1.296000000000000041e+00 1.632410621864840428e+00
1.312000000000000055e+00 1.729293052553948717e+00
1.328000000000000069e+00 1.806738391717179537e+00
1.344000000000000083e+00 1.830337014340249535e+00
1.360000000000000098e+00 1.795475233232033174e+00
1.376000000000000112e+00 1.722269134784983224e+00
1.392000000000000126e+00 1.633214830872217638e+00
1.407999999999999918e+00 1.538236238774641329e+00
1.423999999999999932e+00 1.438759497245119423e+00
1.439999999999999947e+00 1.339652184429405590e+00
1.455999999999999961e+00 1.252085730721947954e+00
1.471999999999999975e+00 1.185475057925188702e+00
1.487999999999999989e+00 1.141228893846460757e+00
1.504000000000000004e+00 1.116795754869661650e+00
1.520000000000000018e+00 1.112796904659232089e+00
1.536000000000000032e+00 1.130926228745908091e+00
1.552000000000000046e+00 1.163116325347986590e+00
1.568000000000000060e+00 1.186382827568018605e+00
1.584000000000000075e+00 1.173793555205439709e+00
1.600000000000000089e+00 1.113750349937067785e+00
1.616000000000000103e+00 1.019082412414575423e+00
1.632000000000000117e+00 9.172477542914059256e-01
1.648000000000000131e+00 8.317513760077348550e-01
1.664000000000000146e+00 7.716518741668965120e-01
1.679999999999999938e+00 7.351376886357537943e-01
1.695999999999999952e+00 7.188541976480939955e-01
1.711999999999999966e+00 7.220873882267855315e-01
1.727999999999999980e+00 7.434994711120762600e-01
1.743999999999999995e+00 7.761644559848389635e-01
1.760000000000000009e+00 8.068948536123476956e-01
1.776000000000000023e+00 8.211004454673291875e-01
1.792000000000000037e+00 8.101968269741346429e-01
1.808000000000000052e+00 7.767277549613057497e-01
1.824000000000000066e+00 7.330472807472805385e-01
1.840000000000000080e+00 6.935151444757707839e-01
1.856000000000000094e+00 6.659221861707240731e-01
1.872000000000000108e+00 6.492122396306707621e-01
1.888000000000000123e+00 6.383055313201511094e-01
1.904000000000000137e+00 6.294259853733547017e-01
1.919999999999999929e+00 6.202642306571944930e-01
1.935999999999999943e+00 6.074696779620041287e-01
1.951999999999999957e+00 5.876874711813447894e-01
1.967999999999999972e+00 5.618591868429634317e-01
1.983999999999999986e+00 5.355394624403236881e-01
2.000000000000000000e+00 5.123477662905797647e-01
2.016000000000000014e+00 4.886404097657378598e-01
2.032000000000000028e+00 4.586406402309569641e-01
2.048000000000000043e+00 4.263561446637113561e-01
2.064000000000000057e+00 4.099562616879935395e-01
2.080000000000000071e+00 4.312299281101016346e-01
2.096000000000000085e+00 4.995604781592181132e-01
2.112000000000000099e+00 6.052664859614311776e-01
2.128000000000000114e+00 7.252282458306239521e-01
2.144000000000000128e+00 8.313518091389719977e-01
2.160000000000000142e+00 8.951306662913711687e-01
2.176000000000000156e+00 8.923900690731388918e-01
2.192000000000000171e+00 8.134695860657247257e-01
2.208000000000000185e+00 6.734286079789604251e-01
2.224000000000000199e+00 5.105398287332887364e-01
2.240000000000000213e+00 3.701088493435987226e-01
2.256000000000000227e+00 2.844464515871413246e-01
2.272000000000000242e+00 2.621191049557499153e-01
2.288000000000000256e+00 2.896513453788029380e-01
2.304000000000000270e+00 3.403145636522471040e-01
2.319999999999999840e+00 3.852168253443108425e-01
2.335999999999999854e+00 4.047754962848766902e-01
2.351999999999999869e+00 3.964041658457566064e-01
2.367999999999999883e+00 3.719196255241956073e-01
2.383999999999999897e+00 3.446247198378108445e-01
2.399999999999999911e+00 3.171287937241123456e-01
2.415999999999999925e+00 2.819573722166304752e-01
2.431999999999999940e+00 2.333094085979834642e-01
2.447999999999999954e+00 1.753243506720709444e-01
2.463999999999999968e+00 1.171090386863086891e-01
2.479999999999999982e+00 6.268254017220274699e-02
2.495999999999999996e+00 1.165843078396237679e-02
