0.000000000000000000e+00 4.811219765543548732e+01
1.600000000000000033e-02 4.703740343213252828e+01
3.200000000000000067e-02 4.406752257081183188e+01
4.800000000000000100e-02 3.980459311268823797e+01
6.400000000000000133e-02 3.492782710439833949e+01
8.000000000000000167e-02 3.000414565743961859e+01
9.600000000000000200e-02 2.542286110877007488e+01
1.120000000000000023e-01 2.138166834748489720e+01
1.280000000000000027e-01 1.791007615836134903e+01
1.440000000000000169e-01 1.494399949789590032e+01
1.600000000000000033e-01 1.241349428793139076e+01
1.759999999999999898e-01 1.028298924919823598e+01
1.920000000000000040e-01 8.530622122563173093e+00
2.080000000000000182e-01 7.110352172800808113e+00
2.240000000000000047e-01 5.945259455800822934e+00
2.399999999999999911e-01 4.956166627345909070e+00
2.560000000000000053e-01 4.088171273208624612e+00
2.720000000000000195e-01 3.305670329873847901e+00
2.880000000000000338e-01 2.574856763270200855e+00
3.039999999999999925e-01 1.868477677608560095e+00
3.200000000000000067e-01 1.184042001395516852e+00
3.360000000000000209e-01 5.417023722075020586e-01
3.519999999999999796e-01 -3.819951860341714439e-02
3.679999999999999938e-01 -5.487060105519760977e-01
3.840000000000000080e-01 -9.890186258056088420e-01
4.000000000000000222e-01 -1.355246674225510706e+00
4.160000000000000364e-01 -1.647562037370563059e+00
4.319999999999999951e-01 -1.881969261601210697e+00
4.480000000000000093e-01 -2.082024786601236688e+00
4.640000000000000235e-01 -2.256506969786310268e+00
4.799999999999999822e-01 -2.397010901432734542e+00
4.959999999999999964e-01 -2.501960965608444276e+00
5.120000000000000107e-01 -2.590765834962026837e+00
5.280000000000000249e-01 -2.688110543014351261e+00
5.440000000000000391e-01 -2.804244720489836862e+00
5.600000000000000533e-01 -2.936278623988454850e+00
5.760000000000000675e-01 -3.082441996491738667e+00
5.919999999999999707e-01 -3.248589144843243126e+00
6.079999999999999849e-01 -3.437538553652833784e+00
6.239999999999999991e-01 -3.634641517967069468e+00
6.400000000000000133e-01 -3.813379118201963180e+00
6.560000000000000275e-01 -3.954623274756952522e+00
6.720000000000000417e-01 -4.048078250301251124e+00
6.880000000000000560e-01 -4.078851572468589204e+00
7.039999999999999591e-01 -4.032030288302461685e+00
7.199999999999999734e-01 -3.913123114283249659e+00
7.359999999999999876e-01 -3.752393526331207152e+00
7.520000000000000018e-01 -3.588792789369217751e+00
7.680000000000000160e-01 -3.454781528386044354e+00
7.840000000000000302e-01 -3.369365949669702154e+00
8.000000000000000444e-01 -3.334254926972580080e+00
8.160000000000000586e-01 -3.334091205844982309e+00
8.320000000000000728e-01 -3.341944498655448292e+00
8.479999999999999760e-01 -3.328246993286627653e+00
8.639999999999999902e-01 -3.271651771252550578e+00
8.800000000000000044e-01 -3.165429547458482151e+00
8.960000000000000187e-01 -3.016620953413832407e+00
9.120000000000000329e-01 -2.844303179522828628e+00
9.280000000000000471e-01 -2.674390949727757150e+00
9.440000000000000613e-01 -2.525582678947352999e+00
9.599999999999999645e-01 -2.400652706311272144e+00
9.759999999999999787e-01 -2.294662785065846755e+00
9.919999999999999929e-01 -2.203582692973275137e+00
1.008000000000000007e+00 -2.118538385858079298e+00
1.024000000000000021e+00 -2.020382284196884370e+00
1.040000000000000036e+00 -1.892064227864040049e+00
1.056000000000000050e+00 -1.737492770128066022e+00
1.072000000000000064e+00 -1.580983491557275800e+00
1.088000000000000078e+00 -1.442986132930906162e+00
1.104000000000000092e+00 -1.317667374309880568e+00
1.120000000000000107e+00 -1.179667924614715258e+00
1.136000000000000121e+00 -1.015841490398113001e+00
1.152000000000000135e+00 -8.447679990458496491e-01
1.167999999999999927e+00 -6.997124559947386357e-01
1.183999999999999941e+00 -5.986360105890620176e-01
1.199999999999999956e+00 -5.346413451817010332e-01
1.215999999999999970e+00 -4.870085651602416021e-01
1.231999999999999984e+00 -4.351933587224975919e-01
1.247999999999999998e+00 -3.624588008869982780e-01
1.264000000000000012e+00 -2.517591757959237175e-01
1.280000000000000027e+00 -9.283643916913482397e-02
1.296000000000000041e+00 1.011056843739794042e-01
1.312000000000000055e+00 2.947349217794423271e-01
1.328000000000000069e+00 4.506540414095713265e-01
1.344000000000000083e+00 5.428117321664398531e-01
1.360000000000000098e+00 5.604763672098389549e-01
1.376000000000000112e+00 5.144155981207624295e-01
1.392000000000000126e+00 4.404113152851278912e-01
1.407999999999999918e+00 3.874056912862491320e-01
1.423999999999999932e+00 3.894473458023113843e-01
1.439999999999999947e+00 4.424306557999856393e-01
1.455999999999999961e+00 5.123049968575741353e-01
1.471999999999999975e+00 5.660280934556691790e-01
1.487999999999999989e+00 5.869128026488021899e-01
1.504000000000000004e+00 5.658925265783192327e-01
1.520000000000000018e+00 4.998423881685303272e-01
1.536000000000000032e+00 4.041740017510060401e-01
1.552000000000000046e+00 3.045277849803446624e-01
1.568000000000000060e+00 2.052782606358523609e-01
1.584000000000000075e+00 8.647319242676332340e-02
1.600000000000000089e+00 -6.011192734579737240e-02
1.616000000000000103e+00 -2.109413561213168697e-01
1.632000000000000117e+00 -3.330579548800457479e-01
1.648000000000000131e+00 -4.156607673295740768e-01
1.664000000000000146e+00 -4.762777907975696556e-01
1.679999999999999938e+00 -5.381881724872871198e-01
1.695999999999999952e+00 -6.075574488869421863e-01
1.711999999999999966e+00 -6.820775409198001071e-01
1.727999999999999980e+00 -7.730874023780028859e-01
1.743999999999999995e+00 -8.953693509575924026e-01
1.760000000000000009e+00 -1.036607826826715373e+00
1.776000000000000023e+00 -1.161696578043707184e+00
1.792000000000000037e+00 -1.251075215999517098e+00
1.808000000000000052e+00 -1.315336542813734688e+00
1.824000000000000066e+00 -1.367375192621812952e+00
1.840000000000000080e+00 -1.397769771025667573e+00
1.856000000000000094e+00 -1.389867886745060455e+00
1.872000000000000108e+00 -1.353170167010814717e+00
1.888000000000000123e+00 -1.327011379372875055e+00
1.904000000000000137e+00 -1.341632272267041515e+00
1.919999999999999929e+00 -1.382651063533020253e+00
1.935999999999999943e+00 -1.404973497516331937e+00
1.951999999999999957e+00 -1.373812255595307841e+00
1.967999999999999972e+00 -1.281255292671798829e+00
1.983999999999999986e+00 -1.136266042721189695e+00
2.000000000000000000e+00 -9.610690058262234547e-01
2.016000000000000014e+00 -7.975940785258428534e-01
2.032000000000000028e+00 -6.933535776978803078e-01
2.048000000000000043e+00 -6.595824860382709653e-01
2.064000000000000057e+00 -6.493785274342135372e-01
2.080000000000000071e+00 -5.989756998301940527e-01
2.096000000000000085e+00 -4.955065823523313040e-01
2.112000000000000099e+00 -3.908180876323217312e-01
2.128000000000000114e+00 -3.466767867821589078e-01
2.144000000000000128e+00 -3.813846826217592301e-01
2.160000000000000142e+00 -4.710307058659741197e-01
2.176000000000000156e+00 -5.776098101124084172e-01
2.192000000000000171e+00 -6.597735132736300967e-01
2.208000000000000185e+00 -6.757451649807968419e-01
2.224000000000000199e+00 -6.040554432435497612e-01
2.240000000000000213e+00 -4.670653104431679581e-01
2.256000000000000227e+00 -3.239458323796015615e-01
2.272000000000000242e+00 -2.320460313395954488e-01
2.288000000000000256e+00 -2.130671846329895702e-01
2.304000000000000270e+00 -2.527850290129485256e-01
2.319999999999999840e+00 -3.208584974859880479e-01
2.335999999999999854e+00 -3.857273722574100505e-01
2.351999999999999869e+00 -4.239351410701133194e-01
2.367999999999999883e+00 -4.293482832400413174e-01
2.383999999999999897e+00 -4.151820297865924658e-01
2.399999999999999911e+00 -4.012292038302671116e-01
2.415999999999999925e+00 -3.919537343117062700e-01
2.431999999999999940e+00 -3.665473070578725845e-01
2.447999999999999954e+00 -2.983768291611071932e-01
2.463999999999999968e+00 -1.889631659469316605e-01
2.479999999999999982e+00 -7.713485378782473922e-02
2.495999999999999996e+00 -8.001695075299998516e-03
