0.000000000000000000e+00 4.888430868966474918e+01
1.600000000000000033e-02 4.785680731654230158e+01
3.200000000000000067e-02 4.503364705742555429e+01
4.800000000000000100e-02 4.093486492489750361e+01
6.400000000000000133e-02 3.617436304341917008e+01
8.000000000000000167e-02 3.130077998274526863e+01
9.600000000000000200e-02 2.671427483639437028e+01
1.120000000000000023e-01 2.264451397401272104e+01
1.280000000000000027e-01 1.917952265275346591e+01
1.440000000000000169e-01 1.630550947742899126e+01
1.600000000000000033e-01 1.393770989478596078e+01
1.759999999999999898e-01 1.196168787450227988e+01
1.920000000000000040e-01 1.028053595149488331e+01
2.080000000000000182e-01 8.835246014528445713e+00
2.240000000000000047e-01 7.591087326554323944e+00
2.399999999999999911e-01 6.513427740763918727e+00
2.560000000000000053e-01 5.556930417570271175e+00
2.720000000000000195e-01 4.676721794573413860e+00
2.880000000000000338e-01 3.848787256417181002e+00
3.039999999999999925e-01 3.078543507728972450e+00
3.200000000000000067e-01 2.388811739884525220e+00
3.360000000000000209e-01 1.794003704762231477e+00
3.519999999999999796e-01 1.282085164479923378e+00
3.679999999999999938e-01 8.222908418801294639e-01
3.840000000000000080e-01 3.881530073306193596e-01
4.000000000000000222e-01 -2.838842776250626379e-02
4.160000000000000364e-01 -4.219108416161618247e-01
4.319999999999999951e-01 -7.866296069909881616e-01
4.480000000000000093e-01 -1.121381827379215324e+00
4.640000000000000235e-01 -1.425864880852296457e+00
4.799999999999999822e-01 -1.696657902189588674e+00
4.959999999999999964e-01 -1.926876189721808963e+00
5.120000000000000107e-01 -2.110120088428625085e+00
5.280000000000000249e-01 -2.246842763560337186e+00
5.440000000000000391e-01 -2.348951703567624172e+00
5.600000000000000533e-01 -2.433931251858509892e+00
5.760000000000000675e-01 -2.506858731073923430e+00
5.919999999999999707e-01 -2.552229071773369551e+00
6.079999999999999849e-01 -2.552463811846716446e+00
6.239999999999999991e-01 -2.513543736323826217e+00
6.400000000000000133e-01 -2.465112715027552248e+00
6.560000000000000275e-01 -2.431771179466887478e+00
6.720000000000000417e-01 -2.409084115511461288e+00
6.880000000000000560e-01 -2.372491119384020131e+00
7.039999999999999591e-01 -2.306393167958953772e+00
7.199999999999999734e-01 -2.220487241722884253e+00
7.359999999999999876e-01 -2.140760779750689125e+00
7.520000000000000018e-01 -2.089373308600686041e+00
7.680000000000000160e-01 -2.068765072894100054e+00
7.840000000000000302e-01 -2.059834333365551107e+00
8.000000000000000444e-01 -2.040329159956550065e+00
8.160000000000000586e-01 -2.005480595764411511e+00
8.320000000000000728e-01 -1.966564643615761110e+00
8.479999999999999760e-01 -1.934632506430030929e+00
8.639999999999999902e-01 -1.910983040614921302e+00
8.800000000000000044e-01 -1.891853220007120306e+00
8.960000000000000187e-01 -1.877210120949941219e+00
9.120000000000000329e-01 -1.867215368756601990e+00
9.280000000000000471e-01 -1.848380003172420682e+00
9.440000000000000613e-01 -1.792175390974707350e+00
9.599999999999999645e-01 -1.676356398176336082e+00
9.759999999999999787e-01 -1.505687621444412594e+00
9.919999999999999929e-01 -1.307478675228207932e+00
1.008000000000000007e+00 -1.112645551101037800e+00
1.024000000000000021e+00 -9.422195669125834616e-01
1.040000000000000036e+00 -8.009192209466858836e-01
1.056000000000000050e+00 -6.781923925426545097e-01
1.072000000000000064e+00 -5.593616494118095472e-01
1.088000000000000078e+00 -4.382219354813691736e-01
1.104000000000000092e+00 -3.163913700797240658e-01
1.120000000000000107e+00 -1.894132022684091032e-01
1.136000000000000121e+00 -4.099554750702286837e-02
1.152000000000000135e+00 1.402162645049762069e-01
1.167999999999999927e+00 3.387265187394930543e-01
1.183999999999999941e+00 5.148608412222158703e-01
1.199999999999999956e+00 6.333202415182149769e-01
1.215999999999999970e+00 6.869856627002093319e-01
1.231999999999999984e+00 6.976171758104929843e-01
1.247999999999999998e+00 7.022464840744432335e-01
1.264000000000000012e+00 7.345798639187051116e-01
1.280000000000000027e+00 8.092551823028319991e-01
1.296000000000000041e+00 9.197335730133203713e-01
1.312000000000000055e+00 1.048342964040953840e+00
1.328000000000000069e+00 1.174542159982115974e+00
1.344000000000000083e+00 1.274405001297038709e+00
1.360000000000000098e+00 1.322264948261220985e+00
1.376000000000000112e+00 1.305601721348543132e+00
1.392000000000000126e+00 1.242142851237925338e+00
1.407999999999999918e+00 1.176930030511538883e+00
1.423999999999999932e+00 1.153015130984990755e+00
1.439999999999999947e+00 1.178875343473431148e+00
1.455999999999999961e+00 1.225999000039728948e+00
1.471999999999999975e+00 1.258889129104654447e+00
1.487999999999999989e+00 1.264512527928006724e+00
1.504000000000000004e+00 1.254234000156501105e+00
1.520000000000000018e+00 1.242793016919814253e+00
1.536000000000000032e+00 1.228541655579806990e+00
1.552000000000000046e+00 1.194741888061297219e+00
1.568000000000000060e+00 1.130712423820321444e+00
1.584000000000000075e+00 1.049048758816448546e+00
1.600000000000000089e+00 9.774422199832444313e-01
1.616000000000000103e+00 9.352133664659422196e-01
1.632000000000000117e+00 9.195883400351625436e-01
1.648000000000000131e+00 9.090157222532628811e-01
1.664000000000000146e+00 8.781627797067436125e-01
1.679999999999999938e+00 8.157542315099386432e-01
1.695999999999999952e+00 7.305961828769991229e-01
1.711999999999999966e+00 6.399633158312650894e-01
1.727999999999999980e+00 5.544221438053014150e-01
1.743999999999999995e+00 4.745528114480238591e-01
1.760000000000000009e+00 3.965365322252285551e-01
1.776000000000000023e+00 3.181108060073942201e-01
1.792000000000000037e+00 2.454216681828095270e-01
1.808000000000000052e+00 1.940325298075238625e-01
1.824000000000000066e+00 1.752261180385229211e-01
1.840000000000000080e+00 1.821369750518294361e-01
1.856000000000000094e+00 1.923803092665218317e-01
1.872000000000000108e+00 1.806854624513499485e-01
1.888000000000000123e+00 1.327041069797176009e-01
1.904000000000000137e+00 5.717094200583934527e-02
1.919999999999999929e+00 -1.714105606722771125e-02
1.935999999999999943e+00 -6.600540820963383959e-02
1.951999999999999957e+00 -8.927953425088923367e-02
1.967999999999999972e+00 -1.034064362254024511e-01
1.983999999999999986e+00 -1.242615373280033936e-01
2.000000000000000000e+00 -1.595070975131140933e-01
2.016000000000000014e+00 -2.073768038620169563e-01
2.032000000000000028e+00 -2.570994130416719425e-01
2.048000000000000043e+00 -2.908029046859530453e-01
2.064000000000000057e+00 -2.897889213237065387e-01
2.080000000000000071e+00 -2.472388151458157213e-01
2.096000000000000085e+00 -1.800058557364767886e-01
2.112000000000000099e+00 -1.264098334613154850e-01
2.128000000000000114e+00 -1.228447535005447872e-01
2.144000000000000128e+00 -1.752127126028052428e-01
2.160000000000000142e+00 -2.560870829689174122e-01
2.176000000000000156e+00 -3.308512797080251366e-01
2.192000000000000171e+00 -3.833163487805349434e-01
2.208000000000000185e+00 -4.174052253473181096e-01
2.224000000000000199e+00 -4.376237346116950699e-01
2.240000000000000213e+00 -4.302674832113754788e-01
2.256000000000000227e+00 -3.699211068162614469e-01
2.272000000000000242e+00 -2.491053182428450419e-01
2.288000000000000256e+00 -9.418911164115353896e-02
2.304000000000000270e+00 5.145272609500638195e-02
2.319999999999999840e+00 1.509958467402436055e-01
2.335999999999999854e+00 1.832552837841662507e-01
2.351999999999999869e+00 1.405144161152161730e-01
2.367999999999999883e+00 2.429008139983394529e-02
2.383999999999999897e+00 -1.493123479726541913e-01
2.399999999999999911e+00 -3.404341222381498389e-01
2.415999999999999925e+00 -4.924706817557245597e-01
2.431999999999999940e+00 -5.548640411472476330e-01
2.447999999999999954e+00 -5.066971749275369641e-01
2.463999999999999968e+00 -3.682148192023543820e-01
2.479999999999999982e+00 -1.908756452318599584e-01
2.495999999999999996e+00 -3.170189939521209088e-02
