0.000000000000000000e+00 4.016927734410800355e+01
1.600000000000000033e-02 3.934770899144607625e+01
3.200000000000000067e-02 3.708603488770413747e+01
4.800000000000000100e-02 3.384255779210472781e+01
6.400000000000000133e-02 3.014377660050325858e+01
8.000000000000000167e-02 2.641140192487487326e+01
9.600000000000000200e-02 2.290718342807542740e+01
1.120000000000000023e-01 1.976257676551028197e+01
1.280000000000000027e-01 1.701983368705788635e+01
1.440000000000000169e-01 1.465841228864810830e+01
1.600000000000000033e-01 1.262502541544087542e+01
1.759999999999999898e-01 1.087160020177101849e+01
1.920000000000000040e-01 9.374721942013728437e+00
2.080000000000000182e-01 8.121195905165519591e+00
2.240000000000000047e-01 7.083159840556120912e+00
2.399999999999999911e-01 6.214924911912234506e+00
2.560000000000000053e-01 5.470702271111654191e+00
2.720000000000000195e-01 4.816261177053056564e+00
2.880000000000000338e-01 4.222773647665729158e+00
3.039999999999999925e-01 3.660099887759292514e+00
3.200000000000000067e-01 3.105528299543975024e+00
3.360000000000000209e-01 2.556928712910245149e+00
3.519999999999999796e-01 2.028896196784064632e+00
3.679999999999999938e-01 1.532842063646697062e+00
3.840000000000000080e-01 1.064712334382893921e+00
4.000000000000000222e-01 6.146042121578048079e-01
4.160000000000000364e-01 1.840912434335487680e-01
4.319999999999999951e-01 -2.120132079502991540e-01
4.480000000000000093e-01 -5.616574957426458958e-01
4.640000000000000235e-01 -8.690809618169681450e-01
4.799999999999999822e-01 -1.149698619893199325e+00
4.959999999999999964e-01 -1.413112052916707606e+00
5.120000000000000107e-01 -1.653592658065159426e+00
5.280000000000000249e-01 -1.856720865316077163e+00
5.440000000000000391e-01 -2.012763696051530271e+00
5.600000000000000533e-01 -2.122942114494270616e+00
5.760000000000000675e-01 -2.195473036499199004e+00
5.919999999999999707e-01 -2.238721300739859199e+00
6.079999999999999849e-01 -2.258106448364793906e+00
6.239999999999999991e-01 -2.256613617613914879e+00
6.400000000000000133e-01 -2.236267601046566966e+00
6.560000000000000275e-01 -2.200449059855547063e+00
6.720000000000000417e-01 -2.156908315768525597e+00
6.880000000000000560e-01 -2.117289403235836698e+00
7.039999999999999591e-01 -2.089553248058277468e+00
7.199999999999999734e-01 -2.068923258904237006e+00
7.359999999999999876e-01 -2.039210436595982667e+00
7.520000000000000018e-01 -1.986649405100163079e+00
7.680000000000000160e-01 -1.911460739006003218e+00
7.840000000000000302e-01 -1.822511781088852256e+00
8.000000000000000444e-01 -1.722414674158052827e+00
8.160000000000000586e-01 -1.605567247975026035e+00
8.320000000000000728e-01 -1.474806898462720728e+00
8.479999999999999760e-01 -1.352779964783167532e+00
8.639999999999999902e-01 -1.265620000971079184e+00
8.800000000000000044e-01 -1.213987183609742670e+00
8.960000000000000187e-01 -1.170012369903796756e+00
9.120000000000000329e-01 -1.109471727172084199e+00
9.280000000000000471e-01 -1.040052980261152671e+00
9.440000000000000613e-01 -9.863663334868048027e-01
9.599999999999999645e-01 -9.473548858461449118e-01
9.759999999999999787e-01 -8.809186743093482264e-01
9.919999999999999929e-01 -7.387107170441943316e-01
1.008000000000000007e+00 -5.107095098428411362e-01
1.024000000000000021e+00 -2.280259793904378385e-01
1.040000000000000036e+00 7.280669289243171804e-02
1.056000000000000050e+00 3.749001494724794603e-01
1.072000000000000064e+00 6.687455646481701432e-01
1.088000000000000078e+00 9.307163460908385311e-01
1.104000000000000092e+00 1.130414181360672288e+00
1.120000000000000107e+00 1.260237551348418750e+00
1.136000000000000121e+00 1.347341657665132919e+00
1.152000000000000135e+00 1.431437021428620726e+00
1.167999999999999927e+00 1.535214228505433764e+00
1.183999999999999941e+00 1.657767213292823394e+00
1.199999999999999956e+00 1.786936891524299131e+00
1.215999999999999970e+00 1.907082381226505197e+00
1.231999999999999984e+00 1.997430401260005928e+00
1.247999999999999998e+00 2.037015644289631222e+00
1.264000000000000012e+00 2.020986236683617321e+00
1.280000000000000027e+00 1.969372562461877862e+00
1.296000000000000041e+00 1.913455489892500916e+00
1.312000000000000055e+00 1.873446802445123183e+00
1.328000000000000069e+00 1.852290836729661994e+00
1.344000000000000083e+00 1.847348238481921090e+00
1.360000000000000098e+00 1.858439584449815385e+00
1.376000000000000112e+00 1.880529253409587653e+00
1.392000000000000126e+00 1.895663261291411716e+00
1.407999999999999918e+00 1.881340154223113181e+00
1.423999999999999932e+00 1.827948634047338095e+00
1.439999999999999947e+00 1.743814935569323321e+00
1.455999999999999961e+00 1.643920389779430113e+00
1.471999999999999975e+00 1.540573412614921089e+00
1.487999999999999989e+00 1.447454419586955643e+00
1.504000000000000004e+00 1.383485342386701511e+00
1.520000000000000018e+00 1.359937028786732061e+00
1.536000000000000032e+00 1.361373964338920439e+00
1.552000000000000046e+00 1.349273896998713917e+00
1.568000000000000060e+00 1.294826470836163868e+00
1.584000000000000075e+00 1.208840049830679497e+00
1.600000000000000089e+00 1.133317116220463605e+00
1.616000000000000103e+00 1.100405460599781948e+00
1.632000000000000117e+00 1.101742471870073459e+00
1.648000000000000131e+00 1.099235362323681686e+00
1.664000000000000146e+00 1.061954072094920321e+00
1.679999999999999938e+00 9.885402610514385513e-01
1.695999999999999952e+00 8.969886033614342669e-01
1.711999999999999966e+00 8.018747900495729608e-01
1.727999999999999980e+00 7.067836525073357690e-01
1.743999999999999995e+00 6.137334165278068854e-01
1.760000000000000009e+00 5.300213643265943020e-01
1.776000000000000023e+00 4.622388899917488914e-01
1.792000000000000037e+00 4.091069425703587892e-01
1.808000000000000052e+00 3.661846088345749317e-01
1.824000000000000066e+00 3.356496754896005075e-01
1.840000000000000080e+00 3.244518571764858361e-01
1.856000000000000094e+00 3.309298609636981969e-01
1.872000000000000108e+00 3.396941564172905603e-01
1.888000000000000123e+00 3.361387704129397136e-01
1.904000000000000137e+00 3.238054399276794060e-01
1.919999999999999929e+00 3.197879626915247631e-01
1.935999999999999943e+00 3.306238723413686964e-01
1.951999999999999957e+00 3.388612487726652689e-01
1.967999999999999972e+00 3.193361354470301006e-01
1.983999999999999986e+00 2.663084010268007562e-01
2.000000000000000000e+00 1.980785476239607656e-01
2.016000000000000014e+00 1.345082643507308495e-01
2.032000000000000028e+00 7.661254759193968089e-02
2.048000000000000043e+00 1.191677797374863373e-02
2.064000000000000057e+00 -6.523216013038503347e-02
2.080000000000000071e+00 -1.448964284650006984e-01
2.096000000000000085e+00 -2.101951274983595019e-01
2.112000000000000099e+00 -2.464078777142737764e-01
2.128000000000000114e+00 -2.406913530134108803e-01
2.144000000000000128e+00 -1.832440669719284099e-01
2.160000000000000142e+00 -7.881398901133483681e-02
2.176000000000000156e+00 4.493247426756198648e-02
2.192000000000000171e+00 1.504821762298703125e-01
2.208000000000000185e+00 2.169446688408179502e-01
2.224000000000000199e+00 2.503599638574081077e-01
2.240000000000000213e+00 2.657528633989588163e-01
2.256000000000000227e+00 2.645601762244452204e-01
2.272000000000000242e+00 2.359669037076470022e-01
2.288000000000000256e+00 1.776635186999366289e-01
2.304000000000000270e+00 1.065439430661133668e-01
2.319999999999999840e+00 4.636254995038629340e-02
2.335999999999999854e+00 1.122618279828314046e-02
2.351999999999999869e+00 5.117344226712026989e-03
2.367999999999999883e+00 3.001732556124354218e-02
2.383999999999999897e+00 8.304650276370245665e-02
2.399999999999999911e+00 1.451403473708870184e-01
2.415999999999999925e+00 1.842763921057544718e-01
2.431999999999999940e+00 1.795307042338511738e-01
2.447999999999999954e+00 1.396343165742841286e-01
2.463999999999999968e+00 9.102994335483556576e-02
2.479999999999999982e+00 4.916645207653882327e-02
2.495999999999999996e+00 1.003085906688140280e-02
