0.000000000000000000e+00 4.926250996538729510e+01
1.600000000000000033e-02 4.820516515361450871e+01
3.200000000000000067e-02 4.535459535904279704e+01
4.800000000000000100e-02 4.130018224948172900e+01
6.400000000000000133e-02 3.665086404251807295e+01
8.000000000000000167e-02 3.194699370377890801e+01
9.600000000000000200e-02 2.752290690082914537e+01
1.120000000000000023e-01 2.359207414276135140e+01
1.280000000000000027e-01 2.018609820922869957e+01
1.440000000000000169e-01 1.719862329349215102e+01
1.600000000000000033e-01 1.458837364181017016e+01
1.759999999999999898e-01 1.233294682107090701e+01
1.920000000000000040e-01 1.045282225690023914e+01
2.080000000000000182e-01 8.958361210597830748e+00
2.240000000000000047e-01 7.737756364496002348e+00
2.399999999999999911e-01 6.708479810705376245e+00
2.560000000000000053e-01 5.840132132802897225e+00
2.720000000000000195e-01 5.067490131105896189e+00
2.880000000000000338e-01 4.331107304578892148e+00
3.039999999999999925e-01 3.588131512364586495e+00
3.200000000000000067e-01 2.842651565333605745e+00
3.360000000000000209e-01 2.139453520628506134e+00
3.519999999999999796e-01 1.490318166309941184e+00
3.679999999999999938e-01 8.990019643013427153e-01
3.840000000000000080e-01 3.556141954836845587e-01
4.000000000000000222e-01 -1.473972312663955897e-01
4.160000000000000364e-01 -5.790243262076374409e-01
4.319999999999999951e-01 -9.548167455382017277e-01
4.480000000000000093e-01 -1.315555604508626963e+00
4.640000000000000235e-01 -1.656524656821394048e+00
4.799999999999999822e-01 -1.954132068875774619e+00
4.959999999999999964e-01 -2.175654832074320311e+00
5.120000000000000107e-01 -2.333816039244072993e+00
5.280000000000000249e-01 -2.459777849150926343e+00
5.440000000000000391e-01 -2.572736654446702520e+00
5.600000000000000533e-01 -2.708136625833840849e+00
5.760000000000000675e-01 -2.861017126293597723e+00
5.919999999999999707e-01 -3.017529318799626825e+00
6.079999999999999849e-01 -3.151905585117621200e+00
6.239999999999999991e-01 -3.204715657696438402e+00
6.400000000000000133e-01 -3.154848081748006905e+00
6.560000000000000275e-01 -3.009932482007255494e+00
6.720000000000000417e-01 -2.829128832429998575e+00
6.880000000000000560e-01 -2.643307526150386888e+00
7.039999999999999591e-01 -2.431518804685179003e+00
7.199999999999999734e-01 -2.252092805112388074e+00
7.359999999999999876e-01 -2.110139474344063348e+00
7.520000000000000018e-01 -1.971741798773035015e+00
7.680000000000000160e-01 -1.860933714583673737e+00
7.840000000000000302e-01 -1.765205306105262828e+00
8.000000000000000444e-01 -1.708953428033250344e+00
8.160000000000000586e-01 -1.702070704970334525e+00
8.320000000000000728e-01 -1.684303237714843249e+00
8.479999999999999760e-01 -1.655079533188975160e+00
8.639999999999999902e-01 -1.594106804699312763e+00
8.800000000000000044e-01 -1.497464087383415077e+00
8.960000000000000187e-01 -1.405499445723578100e+00
9.120000000000000329e-01 -1.265010621786499811e+00
9.280000000000000471e-01 -1.067479121454154134e+00
9.440000000000000613e-01 -8.755871283532129512e-01
9.599999999999999645e-01 -6.943803407823485596e-01
9.759999999999999787e-01 -5.456145325969473658e-01
9.919999999999999929e-01 -4.191571282179383795e-01
1.008000000000000007e+00 -2.705363288030487867e-01
1.024000000000000021e+00 -1.302321903162065309e-01
1.040000000000000036e+00 -7.361475604881000459e-03
1.056000000000000050e+00 1.085615793791492034e-01
1.072000000000000064e+00 2.350653414213472459e-01
1.088000000000000078e+00 4.196662252017406836e-01
1.104000000000000092e+00 6.051195214106978026e-01
1.120000000000000107e+00 7.371594580982450129e-01
1.136000000000000121e+00 8.541048588199395830e-01
1.152000000000000135e+00 9.552068319969619914e-01
1.167999999999999927e+00 1.031281445977540789e+00
1.183999999999999941e+00 1.050475159809960424e+00
1.199999999999999956e+00 1.005617571677755118e+00
1.215999999999999970e+00 9.794941812921624802e-01
1.231999999999999984e+00 1.028830086649545672e+00
1.247999999999999998e+00 1.149347197039026103e+00
1.264000000000000012e+00 1.260938976476190243e+00
1.280000000000000027e+00 1.300840851770022732e+00
1.296000000000000041e+00 1.323116770154316946e+00
1.312000000000000055e+00 1.351888017060644875e+00
1.328000000000000069e+00 1.361356990418739477e+00
1.344000000000000083e+00 1.341990706839150338e+00
1.360000000000000098e+00 1.320295007881190585e+00
1.376000000000000112e+00 1.348013914060385954e+00
1.392000000000000126e+00 1.408874506312015606e+00
1.407999999999999918e+00 1.454635697979084874e+00
1.423999999999999932e+00 1.450769464249551000e+00
1.439999999999999947e+00 1.391336187912668221e+00
1.455999999999999961e+00 1.328626495931545248e+00
1.471999999999999975e+00 1.294977517898976860e+00
1.487999999999999989e+00 1.301253346766469532e+00
1.504000000000000004e+00 1.345774362775783883e+00
1.520000000000000018e+00 1.387633981432151886e+00
1.536000000000000032e+00 1.395235526716477104e+00
1.552000000000000046e+00 1.331322056616060845e+00
1.568000000000000060e+00 1.216339757329349514e+00
1.584000000000000075e+00 1.129105637906266280e+00
1.600000000000000089e+00 1.060995109782805645e+00
1.616000000000000103e+00 9.824696580210374730e-01
1.632000000000000117e+00 8.897642131871101867e-01
1.648000000000000131e+00 7.393359095909480816e-01
1.664000000000000146e+00 5.581726393259122121e-01
1.679999999999999938e+00 4.043807520220976115e-01
1.695999999999999952e+00 2.841600371245313061e-01
1.711999999999999966e+00 2.224428342267754932e-01
1.727999999999999980e+00 1.887941550670948210e-01
1.743999999999999995e+00 1.452060563407096827e-01
1.760000000000000009e+00 1.009770472182801027e-01
1.776000000000000023e+00 1.424268848902183332e-02
1.792000000000000037e+00 -8.436981003117947908e-02
1.808000000000000052e+00 -1.568197079577596520e-01
1.824000000000000066e+00 -2.431172529143739158e-01
1.840000000000000080e+00 -2.956928065281988482e-01
1.856000000000000094e+00 -3.032702745629922703e-01
1.872000000000000108e+00 -2.982928197498662670e-01
1.888000000000000123e+00 -2.712500794575901097e-01
1.904000000000000137e+00 -2.710724468770150386e-01
1.919999999999999929e+00 -3.028673682634632769e-01
1.935999999999999943e+00 -3.402722941250601041e-01
1.951999999999999957e+00 -3.849231553550890861e-01
1.967999999999999972e+00 -4.083377895168049942e-01
1.983999999999999986e+00 -4.466537134006440257e-01
2.000000000000000000e+00 -5.108394256824722035e-01
2.016000000000000014e+00 -5.400561004413126920e-01
2.032000000000000028e+00 -5.349340535974854705e-01
2.048000000000000043e+00 -5.167787114340628429e-01
2.064000000000000057e+00 -4.929925135451353468e-01
2.080000000000000071e+00 -4.532218211042128853e-01
2.096000000000000085e+00 -3.708336670243232991e-01
2.112000000000000099e+00 -2.575804440916056870e-01
2.128000000000000114e+00 -1.454367863415016171e-01
2.144000000000000128e+00 -6.707276971664180576e-02
2.160000000000000142e+00 -1.934056186103740027e-02
2.176000000000000156e+00 5.123825748301114730e-02
2.192000000000000171e+00 1.486217732759480825e-01
2.208000000000000185e+00 2.228842349856229588e-01
2.224000000000000199e+00 2.600839540226164703e-01
2.240000000000000213e+00 2.738752473246470753e-01
2.256000000000000227e+00 2.671365095028167547e-01
2.272000000000000242e+00 2.317005073513200009e-01
2.288000000000000256e+00 1.649817635779535774e-01
2.304000000000000270e+00 8.722578838459781048e-02
2.319999999999999840e+00 2.580203268908237701e-02
2.335999999999999854e+00 1.412287661053903548e-02
2.351999999999999869e+00 4.856838022647236297e-02
2.367999999999999883e+00 8.937395544964746308e-02
2.383999999999999897e+00 1.340813242875188160e-01
2.399999999999999911e+00 1.857505512500459421e-01
2.415999999999999925e+00 2.397317294986480163e-01
2.431999999999999940e+00 2.697510358806021746e-01
2.447999999999999954e+00 2.238338784930886116e-01
2.463999999999999968e+00 1.388730070172286002e-01
2.479999999999999982e+00 5.743731135295640500e-02
2.495999999999999996e+00 2.160991863427773416e-03
