0.000000000000000000e+00 4.077420414812490179e+01
1.600000000000000033e-02 3.991175395105580037e+01
3.200000000000000067e-02 3.752570384244989299e+01
4.800000000000000100e-02 3.409702439081993219e+01
6.400000000000000133e-02 3.018848941590829682e+01
8.000000000000000167e-02 2.626987612147146223e+01
9.600000000000000200e-02 2.263979467982986549e+01
1.120000000000000023e-01 1.942750885595340193e+01
1.280000000000000027e-01 1.664038675362116848e+01
1.440000000000000169e-01 1.422883219584636905e+01
1.600000000000000033e-01 1.213799109763719741e+01
1.759999999999999898e-01 1.032692820933670141e+01
1.920000000000000040e-01 8.765252672534533218e+00
2.080000000000000182e-01 7.428746873013768237e+00
2.240000000000000047e-01 6.299362101519457191e+00
2.399999999999999911e-01 5.362184156323344553e+00
2.560000000000000053e-01 4.597557265150325811e+00
2.720000000000000195e-01 3.973226086703176563e+00
2.880000000000000338e-01 3.441743752411767332e+00
3.039999999999999925e-01 2.948793099703625131e+00
3.200000000000000067e-01 2.451521662187187367e+00
3.360000000000000209e-01 1.932242434272364306e+00
3.519999999999999796e-01 1.395663479079927827e+00
3.679999999999999938e-01 8.584255673722190894e-01
3.840000000000000080e-01 3.435124864714511617e-01
4.000000000000000222e-01 -1.253133186775708396e-01
4.160000000000000364e-01 -5.356247985264696032e-01
4.319999999999999951e-01 -8.938751544428019669e-01
4.480000000000000093e-01 -1.216679967880027302e+00
4.640000000000000235e-01 -1.514636968302926379e+00
4.799999999999999822e-01 -1.785665581084835418e+00
4.959999999999999964e-01 -2.021501201293252059e+00
5.120000000000000107e-01 -2.217223823119525150e+00
5.280000000000000249e-01 -2.372869992942381767e+00
5.440000000000000391e-01 -2.486903471077607897e+00
5.600000000000000533e-01 -2.553539134003860234e+00
5.760000000000000675e-01 -2.571656706749209320e+00
5.919999999999999707e-01 -2.552794844269370866e+00
6.079999999999999849e-01 -2.512347261253938591e+00
6.239999999999999991e-01 -2.454892766613236521e+00
6.400000000000000133e-01 -2.378965061507035461e+00
6.560000000000000275e-01 -2.296879462047462184e+00
6.720000000000000417e-01 -2.236208097909259784e+00
6.880000000000000560e-01 -2.214210570501101039e+00
7.039999999999999591e-01 -2.219450877798882171e+00
7.199999999999999734e-01 -2.225090236996645654e+00
7.359999999999999876e-01 -2.212035542709605451e+00
7.520000000000000018e-01 -2.173412582073252608e+00
7.680000000000000160e-01 -2.108333518656245520e+00
7.840000000000000302e-01 -2.023836238732875881e+00
8.000000000000000444e-01 -1.935860326877629545e+00
8.160000000000000586e-01 -1.853220210938849144e+00
8.320000000000000728e-01 -1.759802397448904987e+00
8.479999999999999760e-01 -1.623743237378318938e+00
8.639999999999999902e-01 -1.430425485282547093e+00
8.800000000000000044e-01 -1.203708013616069161e+00
8.960000000000000187e-01 -9.908669567840950876e-01
9.120000000000000329e-01 -8.266558779477712893e-01
9.280000000000000471e-01 -7.142741881389687020e-01
9.440000000000000613e-01 -6.404124401349420292e-01
9.599999999999999645e-01 -6.002756972164953186e-01
9.759999999999999787e-01 -5.973881463994171748e-01
9.919999999999999929e-01 -6.195071460999110879e-01
1.008000000000000007e+00 -6.283507270451074156e-01
1.024000000000000021e+00 -5.849603313247996317e-01
1.040000000000000036e+00 -4.848478135778104825e-01
1.056000000000000050e+00 -3.633076812523117760e-01
1.072000000000000064e+00 -2.673039027537943424e-01
1.088000000000000078e+00 -2.242316356862320281e-01
1.104000000000000092e+00 -2.306367382176469638e-01
1.120000000000000107e+00 -2.585118741566121980e-01
1.136000000000000121e+00 -2.689867516475649700e-01
1.152000000000000135e+00 -2.298585139493619367e-01
1.167999999999999927e+00 -1.335648382216801655e-01
1.183999999999999941e+00 -5.217983339710292705e-03
1.199999999999999956e+00 1.097904504053299202e-01
1.215999999999999970e+00 1.748847795303204167e-01
1.231999999999999984e+00 1.853582992175474564e-01
1.247999999999999998e+00 1.637571162318493811e-01
1.264000000000000012e+00 1.355693552995741735e-01
1.280000000000000027e+00 1.144507570748972275e-01
1.296000000000000041e+00 1.056735739455004486e-01
1.312000000000000055e+00 1.080333535860694416e-01
1.328000000000000069e+00 1.074223776976327843e-01
1.344000000000000083e+00 8.278363804196346709e-02
1.360000000000000098e+00 3.006565828611705918e-02
1.376000000000000112e+00 -2.601779721931756634e-02
1.392000000000000126e+00 -5.273307398071756108e-02
1.407999999999999918e+00 -3.748850525894232427e-02
1.423999999999999932e+00 9.715776874030331370e-03
1.439999999999999947e+00 7.313163122421748041e-02
1.455999999999999961e+00 1.401207426358914154e-01
1.471999999999999975e+00 1.989524992310511275e-01
1.487999999999999989e+00 2.413507541549528845e-01
1.504000000000000004e+00 2.696398716370773108e-01
1.520000000000000018e+00 2.943529188230142868e-01
1.536000000000000032e+00 3.217393905957324218e-01
1.552000000000000046e+00 3.451530245478064973e-01
1.568000000000000060e+00 3.489907417848329696e-01
1.584000000000000075e+00 3.216026603380425786e-01
1.600000000000000089e+00 2.660047498336547966e-01
1.616000000000000103e+00 1.976494547902473420e-01
1.632000000000000117e+00 1.319376367403996830e-01
1.648000000000000131e+00 7.681264187381427189e-02
1.664000000000000146e+00 3.553351188536502114e-02
1.679999999999999938e+00 7.440856954883105778e-03
1.695999999999999952e+00 -1.739019793225440869e-02
1.711999999999999966e+00 -5.496709709188511706e-02
1.727999999999999980e+00 -1.099847829212377004e-01
1.743999999999999995e+00 -1.646101864624806288e-01
1.760000000000000009e+00 -1.922896370644293640e-01
1.776000000000000023e+00 -1.834217289595882483e-01
1.792000000000000037e+00 -1.533859784868005505e-01
1.808000000000000052e+00 -1.267962144638730415e-01
1.824000000000000066e+00 -1.205073387122050227e-01
1.840000000000000080e+00 -1.422895847360834687e-01
1.856000000000000094e+00 -1.959449912503165581e-01
1.872000000000000108e+00 -2.770915333117753288e-01
1.888000000000000123e+00 -3.631909507071480747e-01
1.904000000000000137e+00 -4.177828855629600047e-01
1.919999999999999929e+00 -4.173146212730851623e-01
1.935999999999999943e+00 -3.768217043912373554e-01
1.951999999999999957e+00 -3.409931620862116097e-01
1.967999999999999972e+00 -3.467142379916697825e-01
1.983999999999999986e+00 -4.018483982034600221e-01
2.000000000000000000e+00 -4.982533714515593459e-01
2.016000000000000014e+00 -6.247644929171269901e-01
2.032000000000000028e+00 -7.564511348817988257e-01
2.048000000000000043e+00 -8.487088815657680696e-01
2.064000000000000057e+00 -8.637869231613436449e-01
2.080000000000000071e+00 -8.038959174520968753e-01
2.096000000000000085e+00 -7.089869325249015253e-01
2.112000000000000099e+00 -6.226629691581726522e-01
2.128000000000000114e+00 -5.659269072695269909e-01
2.144000000000000128e+00 -5.390686633236008163e-01
2.160000000000000142e+00 -5.349173487828186024e-01
2.176000000000000156e+00 -5.441124729251817227e-01
2.192000000000000171e+00 -5.559224943114763340e-01
2.208000000000000185e+00 -5.645841172886431059e-01
2.224000000000000199e+00 -5.767608686541610963e-01
2.240000000000000213e+00 -6.083582402003420153e-01
2.256000000000000227e+00 -6.682682690736644338e-01
2.272000000000000242e+00 -7.416247397151507492e-01
2.288000000000000256e+00 -7.920057625990134520e-01
2.304000000000000270e+00 -7.862263154388117181e-01
2.319999999999999840e+00 -7.173807013894059059e-01
2.335999999999999854e+00 -6.027449431594106288e-01
2.351999999999999869e+00 -4.666594283872723126e-01
2.367999999999999883e+00 -3.319735917946078918e-01
2.383999999999999897e+00 -2.200921487698638823e-01
2.399999999999999911e+00 -1.455560240230078795e-01
2.415999999999999925e+00 -1.065941191363159596e-01
2.431999999999999940e+00 -8.541785800337262091e-02
2.447999999999999954e+00 -6.241586713281421089e-02
2.463999999999999968e+00 -3.229053671853766155e-02
2.479999999999999982e+00 -6.111745367694351554e-03
2.495999999999999996e+00 1.815836731733217130e-03
