0.000000000000000000e+00 4.924191863044876527e+01
1.600000000000000033e-02 4.821429903839000275e+01
3.200000000000000067e-02 4.538903975046210348e+01
4.800000000000000100e-02 4.131434777668287950e+01
6.400000000000000133e-02 3.659740411945158201e+01
8.000000000000000167e-02 3.176782411086788471e+01
9.600000000000000200e-02 2.721645705686060879e+01
1.120000000000000023e-01 2.314883241458695196e+01
1.280000000000000027e-01 1.961542857584711896e+01
1.440000000000000169e-01 1.660673035432981592e+01
1.600000000000000033e-01 1.410542438786877639e+01
1.759999999999999898e-01 1.207189780986409922e+01
1.920000000000000040e-01 1.043046825132404543e+01
2.080000000000000182e-01 9.092924425044307313e+00
2.240000000000000047e-01 7.984838176372331731e+00
2.399999999999999911e-01 7.037774480209683325e+00
2.560000000000000053e-01 6.179010156849683355e+00
2.720000000000000195e-01 5.355058031481846115e+00
2.880000000000000338e-01 4.553467355783579862e+00
3.039999999999999925e-01 3.785191975815466847e+00
3.200000000000000067e-01 3.060616829029522812e+00
3.360000000000000209e-01 2.396679441574230296e+00
3.519999999999999796e-01 1.817247279330919341e+00
3.679999999999999938e-01 1.321903103462214624e+00
3.840000000000000080e-01 8.747700288715078987e-01
4.000000000000000222e-01 4.331964306595792458e-01
4.160000000000000364e-01 -2.938038131504914705e-02
4.319999999999999951e-01 -5.255904115897795936e-01
4.480000000000000093e-01 -1.045177296740823270e+00
4.640000000000000235e-01 -1.533603451027176545e+00
4.799999999999999822e-01 -1.908145148813143566e+00
4.959999999999999964e-01 -2.115114317712103453e+00
5.120000000000000107e-01 -2.171487114606665880e+00
5.280000000000000249e-01 -2.142848893699902391e+00
5.440000000000000391e-01 -2.088715238923307460e+00
5.600000000000000533e-01 -2.044715802546096750e+00
5.760000000000000675e-01 -2.030070996045244325e+00
5.919999999999999707e-01 -2.038310954914949402e+00
6.079999999999999849e-01 -2.044127084859640675e+00
6.239999999999999991e-01 -2.041861389143462713e+00
6.400000000000000133e-01 -2.048348476353601733e+00
6.560000000000000275e-01 -2.063176145608431877e+00
6.720000000000000417e-01 -2.063956962029864783e+00
6.880000000000000560e-01 -2.037963019220337291e+00
7.039999999999999591e-01 -1.992737028253898535e+00
7.199999999999999734e-01 -1.943672970238949027e+00
7.359999999999999876e-01 -1.903232380346727259e+00
7.520000000000000018e-01 -1.881580804098111237e+00
7.680000000000000160e-01 -1.888298701652818545e+00
7.840000000000000302e-01 -1.920070537050578841e+00
8.000000000000000444e-01 -1.952082411968854014e+00
8.160000000000000586e-01 -1.961995758672548273e+00
8.320000000000000728e-01 -1.957787416630929478e+00
8.479999999999999760e-01 -1.953867243820933464e+00
8.639999999999999902e-01 -1.939321205953306038e+00
8.800000000000000044e-01 -1.900793612028181867e+00
8.960000000000000187e-01 -1.838551251233280448e+00
9.120000000000000329e-01 -1.738788093199488127e+00
9.280000000000000471e-01 -1.578943363022346169e+00
9.440000000000000613e-01 -1.371881529535049937e+00
9.599999999999999645e-01 -1.157187611728239141e+00
9.759999999999999787e-01 -9.510306002969628469e-01
9.919999999999999929e-01 -7.426183425134312843e-01
1.008000000000000007e+00 -5.252227895758991849e-01
1.024000000000000021e+00 -3.060717432084204548e-01
1.040000000000000036e+00 -9.821369344783925648e-02
1.056000000000000050e+00 8.373362322834533578e-02
1.072000000000000064e+00 2.236594317767219842e-01
1.088000000000000078e+00 3.116474996403629794e-01
1.104000000000000092e+00 3.582463501861813393e-01
1.120000000000000107e+00 3.927288074375394622e-01
1.136000000000000121e+00 4.327656411421529903e-01
1.152000000000000135e+00 4.666448675584276562e-01
1.167999999999999927e+00 4.878861852772044538e-01
1.183999999999999941e+00 5.209865480580916364e-01
1.199999999999999956e+00 5.856673688289787405e-01
1.215999999999999970e+00 6.698329799891612479e-01
1.231999999999999984e+00 7.552418689049917866e-01
1.247999999999999998e+00 8.347696349351921841e-01
1.264000000000000012e+00 8.972950246530512208e-01
1.280000000000000027e+00 9.350936533169055265e-01
1.296000000000000041e+00 9.678550997903592190e-01
1.312000000000000055e+00 1.023594278568291438e+00
1.328000000000000069e+00 1.098548756947359761e+00
1.344000000000000083e+00 1.157984567356750372e+00
1.360000000000000098e+00 1.175006796730630798e+00
1.376000000000000112e+00 1.153847171909044844e+00
1.392000000000000126e+00 1.114703073046475978e+00
1.407999999999999918e+00 1.075396705585611290e+00
1.423999999999999932e+00 1.055827775903411148e+00
1.439999999999999947e+00 1.074102770141143859e+00
1.455999999999999961e+00 1.115575867104719787e+00
1.471999999999999975e+00 1.134768090251484951e+00
1.487999999999999989e+00 1.109173079570042297e+00
1.504000000000000004e+00 1.058592900240560075e+00
1.520000000000000018e+00 1.009755896976666678e+00
1.536000000000000032e+00 9.748174459659341151e-01
1.552000000000000046e+00 9.521145406044208004e-01
1.568000000000000060e+00 9.214002825381075734e-01
1.584000000000000075e+00 8.501841199314295050e-01
1.600000000000000089e+00 7.277326918155683222e-01
1.616000000000000103e+00 5.899379719592561244e-01
1.632000000000000117e+00 4.938985061819233802e-01
1.648000000000000131e+00 4.637356112803938113e-01
1.664000000000000146e+00 4.714505377026886879e-01
1.679999999999999938e+00 4.782209839869291379e-01
1.695999999999999952e+00 4.733656571070797292e-01
1.711999999999999966e+00 4.617151593533408982e-01
1.727999999999999980e+00 4.457917201083702596e-01
1.743999999999999995e+00 4.331381345127860438e-01
1.760000000000000009e+00 4.276434010258034490e-01
1.776000000000000023e+00 4.048820530654970162e-01
1.792000000000000037e+00 3.344325101851799431e-01
1.808000000000000052e+00 2.279024558216270202e-01
1.824000000000000066e+00 1.279496650522720658e-01
1.840000000000000080e+00 6.074441928737303598e-02
1.856000000000000094e+00 2.887948477750136925e-02
1.872000000000000108e+00 3.516575164495906736e-02
1.888000000000000123e+00 8.199585287900174047e-02
1.904000000000000137e+00 1.541102896289233137e-01
1.919999999999999929e+00 2.290006804416328257e-01
1.935999999999999943e+00 3.018496438938785276e-01
1.951999999999999957e+00 3.854163409383005168e-01
1.967999999999999972e+00 4.863224792593192625e-01
1.983999999999999986e+00 5.904582265296024479e-01
2.000000000000000000e+00 6.780948873848411385e-01
2.016000000000000014e+00 7.374916690348629622e-01
2.032000000000000028e+00 7.547945331950202119e-01
2.048000000000000043e+00 7.221832067098905572e-01
2.064000000000000057e+00 6.660115618928177383e-01
2.080000000000000071e+00 6.298940209652093003e-01
2.096000000000000085e+00 6.243912565784850432e-01
2.112000000000000099e+00 6.273131095655267719e-01
2.128000000000000114e+00 6.222815904738225878e-01
2.144000000000000128e+00 6.072150703284080464e-01
2.160000000000000142e+00 5.829758579374160199e-01
2.176000000000000156e+00 5.534189664415191112e-01
2.192000000000000171e+00 5.272375446848733826e-01
2.208000000000000185e+00 5.026020389574706870e-01
2.224000000000000199e+00 4.553375960625067886e-01
2.240000000000000213e+00 3.665634253786869134e-01
2.256000000000000227e+00 2.560348658024536594e-01
2.272000000000000242e+00 1.608515961002878192e-01
2.288000000000000256e+00 8.577767432797921143e-02
2.304000000000000270e+00 5.200375181155359079e-03
2.319999999999999840e+00 -8.910489906470338284e-02
2.335999999999999854e+00 -1.739809644151490697e-01
2.351999999999999869e+00 -2.218359928464452291e-01
2.367999999999999883e+00 -2.152880428338993513e-01
2.383999999999999897e+00 -1.472151762009380194e-01
2.399999999999999911e+00 -3.378350554349202062e-02
2.415999999999999925e+00 7.841341140494784145e-02
2.431999999999999940e+00 1.428638417613624367e-01
2.447999999999999954e+00 1.486580622940614771e-01
2.463999999999999968e+00 1.151525731989576085e-01
2.479999999999999982e+00 6.452707429388489235e-02
2.495999999999999996e+00 1.171414232665361765e-02
