0.000000000000000000e+00 4.008493793500527147e+01
1.600000000000000033e-02 3.927552010760096124e+01
3.200000000000000067e-02 3.705578696180005949e+01
4.800000000000000100e-02 3.385831171367912873e+01
6.400000000000000133e-02 3.017285589472723828e+01
8.000000000000000167e-02 2.643325985003010103e+01
9.600000000000000200e-02 2.290485066070711895e+01
1.120000000000000023e-01 1.969552584124821593e+01
1.280000000000000027e-01 1.685289642175696656e+01
1.440000000000000169e-01 1.437739231302365361e+01
1.600000000000000033e-01 1.224106970034120856e+01
1.759999999999999898e-01 1.042738561505257522e+01
1.920000000000000040e-01 8.909216220063393976e+00
2.080000000000000182e-01 7.649586207474081689e+00
2.240000000000000047e-01 6.609808106643632719e+00
2.399999999999999911e-01 5.724787343029616338e+00
2.560000000000000053e-01 4.941750595591558159e+00
2.720000000000000195e-01 4.251690764149101298e+00
2.880000000000000338e-01 3.638458694679912675e+00
3.039999999999999925e-01 3.067296284483556956e+00
3.200000000000000067e-01 2.522185373042479917e+00
3.360000000000000209e-01 2.018854099262368251e+00
3.519999999999999796e-01 1.584835656000556314e+00
3.679999999999999938e-01 1.208290181650004236e+00
3.840000000000000080e-01 8.384638520283429486e-01
4.000000000000000222e-01 4.540135363909995059e-01
4.160000000000000364e-01 7.814123505135124603e-02
4.319999999999999951e-01 -2.502412346481173167e-01
4.480000000000000093e-01 -5.002173377874129523e-01
4.640000000000000235e-01 -6.840783151923031102e-01
4.799999999999999822e-01 -8.459158040888773433e-01
4.959999999999999964e-01 -1.016488365453921849e+00
5.120000000000000107e-01 -1.205934410281371605e+00
5.280000000000000249e-01 -1.396252221773757629e+00
5.440000000000000391e-01 -1.549714217016580298e+00
5.600000000000000533e-01 -1.656813516200013714e+00
5.760000000000000675e-01 -1.737065316917626223e+00
5.919999999999999707e-01 -1.803526216246709390e+00
6.079999999999999849e-01 -1.859882804280549973e+00
6.239999999999999991e-01 -1.911516429629999347e+00
6.400000000000000133e-01 -1.965155064623134606e+00
6.560000000000000275e-01 -2.014311502275004440e+00
6.720000000000000417e-01 -2.047494638449000259e+00
6.880000000000000560e-01 -2.075222914153217246e+00
7.039999999999999591e-01 -2.098107532023004929e+00
7.199999999999999734e-01 -2.087273941963068147e+00
7.359999999999999876e-01 -2.038419196924925458e+00
7.520000000000000018e-01 -1.968795820885436809e+00
7.680000000000000160e-01 -1.886114358048225803e+00
7.840000000000000302e-01 -1.812878294037246762e+00
8.000000000000000444e-01 -1.760027542599537309e+00
8.160000000000000586e-01 -1.704997801454700701e+00
8.320000000000000728e-01 -1.651232503642476201e+00
8.479999999999999760e-01 -1.617943756830916069e+00
8.639999999999999902e-01 -1.594437079483865816e+00
8.800000000000000044e-01 -1.561327851909158460e+00
8.960000000000000187e-01 -1.486673416377616297e+00
9.120000000000000329e-01 -1.346227665147404107e+00
9.280000000000000471e-01 -1.176647344509455406e+00
9.440000000000000613e-01 -1.009885502511628230e+00
9.599999999999999645e-01 -8.303148498565102731e-01
9.759999999999999787e-01 -6.533768059896466474e-01
9.919999999999999929e-01 -5.173672426999431639e-01
1.008000000000000007e+00 -4.314274946481879702e-01
1.024000000000000021e+00 -3.986637050156481288e-01
1.040000000000000036e+00 -4.022183554414693885e-01
1.056000000000000050e+00 -3.999801215473046123e-01
1.072000000000000064e+00 -3.743430477234145903e-01
1.088000000000000078e+00 -3.147715608463684256e-01
1.104000000000000092e+00 -1.998031340952114987e-01
1.120000000000000107e+00 -3.095472375611754007e-02
1.136000000000000121e+00 1.812699369316390363e-01
1.152000000000000135e+00 4.237145023249357934e-01
1.167999999999999927e+00 6.560133067383845384e-01
1.183999999999999941e+00 8.413619847162282506e-01
1.199999999999999956e+00 9.789242949251207859e-01
1.215999999999999970e+00 1.093401567565358334e+00
1.231999999999999984e+00 1.207049050835754311e+00
1.247999999999999998e+00 1.309509358302779924e+00
1.264000000000000012e+00 1.385726136281444365e+00
1.280000000000000027e+00 1.449140513796760121e+00
1.296000000000000041e+00 1.497473878133442460e+00
1.312000000000000055e+00 1.500774775567859542e+00
1.328000000000000069e+00 1.445600199877306924e+00
1.344000000000000083e+00 1.339395471933306325e+00
1.360000000000000098e+00 1.202871292885246968e+00
1.376000000000000112e+00 1.060782773730012840e+00
1.392000000000000126e+00 9.198735738908342396e-01
1.407999999999999918e+00 7.836625262527446845e-01
1.423999999999999932e+00 6.681288650172177990e-01
1.439999999999999947e+00 5.874675384469553174e-01
1.455999999999999961e+00 5.474383605837273015e-01
1.471999999999999975e+00 5.381522574416950366e-01
1.487999999999999989e+00 5.425449282619372315e-01
1.504000000000000004e+00 5.597634600705420072e-01
1.520000000000000018e+00 5.892404028173343633e-01
1.536000000000000032e+00 6.115587528848718257e-01
1.552000000000000046e+00 6.006547104180109953e-01
1.568000000000000060e+00 5.452624351425346960e-01
1.584000000000000075e+00 4.717505394590788548e-01
1.600000000000000089e+00 4.164847431273979717e-01
1.616000000000000103e+00 3.834472345231674240e-01
1.632000000000000117e+00 3.758861695620167587e-01
1.648000000000000131e+00 4.022255032050959800e-01
1.664000000000000146e+00 4.445830114536655775e-01
1.679999999999999938e+00 5.009578289422671471e-01
1.695999999999999952e+00 5.848811004166324379e-01
1.711999999999999966e+00 6.667627879676948366e-01
1.727999999999999980e+00 7.152684222045774254e-01
1.743999999999999995e+00 7.282122760758666935e-01
1.760000000000000009e+00 6.939462777309308716e-01
1.776000000000000023e+00 6.149630984609320006e-01
1.792000000000000037e+00 5.094814323546136281e-01
1.808000000000000052e+00 3.797066918898100440e-01
1.824000000000000066e+00 2.585635409711430355e-01
1.840000000000000080e+00 1.899851102539677761e-01
1.856000000000000094e+00 1.529627429021344354e-01
1.872000000000000108e+00 1.205924053236219623e-01
1.888000000000000123e+00 1.113480931920661082e-01
1.904000000000000137e+00 1.416162314073185768e-01
1.919999999999999929e+00 2.151239285286876968e-01
1.935999999999999943e+00 3.116037316372279320e-01
1.951999999999999957e+00 3.819454247680030279e-01
1.967999999999999972e+00 4.094051406186426934e-01
1.983999999999999986e+00 4.048208822820005270e-01
2.000000000000000000e+00 3.628363226583574686e-01
2.016000000000000014e+00 2.931439099710452245e-01
2.032000000000000028e+00 2.221531626590025899e-01
2.048000000000000043e+00 1.619883529188640148e-01
2.064000000000000057e+00 1.242981610997767744e-01
2.080000000000000071e+00 1.152128829655728187e-01
2.096000000000000085e+00 1.210425013303739195e-01
2.112000000000000099e+00 1.227364772649798819e-01
2.128000000000000114e+00 1.036250450816213059e-01
2.144000000000000128e+00 5.936297524973974810e-02
2.160000000000000142e+00 -7.127390672142496116e-03
2.176000000000000156e+00 -9.594811452119396400e-02
2.192000000000000171e+00 -1.792652896924612493e-01
2.208000000000000185e+00 -2.165364175452675621e-01
2.224000000000000199e+00 -2.135555952252030376e-01
2.240000000000000213e+00 -2.001296921402906104e-01
2.256000000000000227e+00 -1.909676366278331427e-01
2.272000000000000242e+00 -1.928647960580742171e-01
2.288000000000000256e+00 -1.949567994980949959e-01
2.304000000000000270e+00 -1.755501589530549245e-01
2.319999999999999840e+00 -1.387298673600436960e-01
2.335999999999999854e+00 -1.108304387253847417e-01
2.351999999999999869e+00 -1.039535266612280073e-01
2.367999999999999883e+00 -9.641379689820843424e-02
2.383999999999999897e+00 -6.655069266349671053e-02
2.399999999999999911e+00 -3.694296673528332103e-02
2.415999999999999925e+00 -4.154983163950664443e-02
2.431999999999999940e+00 -7.642724328457010941e-02
2.447999999999999954e+00 -1.080621201545352711e-01
2.463999999999999968e+00 -1.014162902135826161e-01
2.479999999999999982e+00 -5.808938346458992347e-02
2.495999999999999996e+00 -1.113491277323288425e-02
