0.000000000000000000e+00 4.893763025977536785e+01
1.600000000000000033e-02 4.788112138103589643e+01
3.200000000000000067e-02 4.501796591804882297e+01
4.800000000000000100e-02 4.088427950175461945e+01
6.400000000000000133e-02 3.609231267738566373e+01
8.000000000000000167e-02 3.122300712271610479e+01
9.600000000000000200e-02 2.661909348621147231e+01
1.120000000000000023e-01 2.247481132533788539e+01
1.280000000000000027e-01 1.888545631797102686e+01
1.440000000000000169e-01 1.581088883761829322e+01
1.600000000000000033e-01 1.322721322808045130e+01
1.759999999999999898e-01 1.108042729381917368e+01
1.920000000000000040e-01 9.263635467105517662e+00
2.080000000000000182e-01 7.742856017835767268e+00
2.240000000000000047e-01 6.478684206581337257e+00
2.399999999999999911e-01 5.431750654889454744e+00
2.560000000000000053e-01 4.601626058073246206e+00
2.720000000000000195e-01 3.923982515027074403e+00
2.880000000000000338e-01 3.321535728384990893e+00
3.039999999999999925e-01 2.751644776655430835e+00
3.200000000000000067e-01 2.176316063977149717e+00
3.360000000000000209e-01 1.608288806369370549e+00
3.519999999999999796e-01 1.090383264557378551e+00
3.679999999999999938e-01 6.476584047703355385e-01
3.840000000000000080e-01 2.776077540504340302e-01
4.000000000000000222e-01 -6.190280494280379908e-02
4.160000000000000364e-01 -4.185824402748075101e-01
4.319999999999999951e-01 -8.089175334064854228e-01
4.480000000000000093e-01 -1.210796382021555262e+00
4.640000000000000235e-01 -1.586436169537061680e+00
4.799999999999999822e-01 -1.909514408574761957e+00
4.959999999999999964e-01 -2.170728486302412108e+00
5.120000000000000107e-01 -2.386712916929695893e+00
5.280000000000000249e-01 -2.562357974215067280e+00
5.440000000000000391e-01 -2.685927999682823142e+00
5.600000000000000533e-01 -2.755962467473059174e+00
5.760000000000000675e-01 -2.745827765240163920e+00
5.919999999999999707e-01 -2.664202068746237106e+00
6.079999999999999849e-01 -2.573015248033704072e+00
6.239999999999999991e-01 -2.502587429060111557e+00
6.400000000000000133e-01 -2.499648621344597199e+00
6.560000000000000275e-01 -2.574586454889806308e+00
6.720000000000000417e-01 -2.658198986949515064e+00
6.880000000000000560e-01 -2.741991538392115402e+00
7.039999999999999591e-01 -2.812769750599690255e+00
7.199999999999999734e-01 -2.835121907898616733e+00
7.359999999999999876e-01 -2.841037068370793506e+00
7.520000000000000018e-01 -2.807685278157977748e+00
7.680000000000000160e-01 -2.713820833043088410e+00
7.840000000000000302e-01 -2.602734581477720965e+00
8.000000000000000444e-01 -2.463232026512358619e+00
8.160000000000000586e-01 -2.322261411832763134e+00
8.320000000000000728e-01 -2.211741086768993281e+00
8.479999999999999760e-01 -2.084849409312568014e+00
8.639999999999999902e-01 -1.953459635411390005e+00
8.800000000000000044e-01 -1.812415743001051238e+00
8.960000000000000187e-01 -1.630691839375076224e+00
9.120000000000000329e-01 -1.459963252945266854e+00
9.280000000000000471e-01 -1.305766698520899105e+00
9.440000000000000613e-01 -1.171186474681795486e+00
9.599999999999999645e-01 -1.098319512269184894e+00
9.759999999999999787e-01 -1.045219913121931965e+00
9.919999999999999929e-01 -9.941069325286145952e-01
1.008000000000000007e+00 -9.514714045920207308e-01
1.024000000000000021e+00 -8.728379597072902785e-01
1.040000000000000036e+00 -7.706105037606005848e-01
1.056000000000000050e+00 -6.564329029751871936e-01
1.072000000000000064e+00 -5.158660318254654209e-01
1.088000000000000078e+00 -3.891357365611541330e-01
1.104000000000000092e+00 -2.885221491016788931e-01
1.120000000000000107e+00 -1.988068822908240774e-01
1.136000000000000121e+00 -1.165519431225660874e-01
1.152000000000000135e+00 -8.466451372073767467e-03
1.167999999999999927e+00 1.383846160808722969e-01
1.183999999999999941e+00 2.961886863619537236e-01
1.199999999999999956e+00 4.349793948288579459e-01
1.215999999999999970e+00 5.359542857873967892e-01
1.231999999999999984e+00 6.136091632785540817e-01
1.247999999999999998e+00 6.993948343710096882e-01
1.264000000000000012e+00 8.065969950989021475e-01
1.280000000000000027e+00 9.173488138378573797e-01
1.296000000000000041e+00 1.001042142893026288e+00
1.312000000000000055e+00 1.044602117015528853e+00
1.328000000000000069e+00 1.052614623394370730e+00
1.344000000000000083e+00 1.053374749731917470e+00
1.360000000000000098e+00 1.067208470619448457e+00
1.376000000000000112e+00 1.089796297007816328e+00
1.392000000000000126e+00 1.128408705279549507e+00
1.407999999999999918e+00 1.163457433119542417e+00
1.423999999999999932e+00 1.180606776691854876e+00
1.439999999999999947e+00 1.208474889326741630e+00
1.455999999999999961e+00 1.225397042481972232e+00
1.471999999999999975e+00 1.211112547392664496e+00
1.487999999999999989e+00 1.164391949034454310e+00
1.504000000000000004e+00 1.039716638783021896e+00
1.520000000000000018e+00 8.643871448070411523e-01
1.536000000000000032e+00 6.889593152606736659e-01
1.552000000000000046e+00 5.123741801770207438e-01
1.568000000000000060e+00 3.882902644446268869e-01
1.584000000000000075e+00 3.310303011008506324e-01
1.600000000000000089e+00 3.243542530188211481e-01
1.616000000000000103e+00 4.104926093078649640e-01
1.632000000000000117e+00 5.499871824396748154e-01
1.648000000000000131e+00 6.906442192461771379e-01
1.664000000000000146e+00 8.255415373666981083e-01
1.679999999999999938e+00 9.008886173672597808e-01
1.695999999999999952e+00 9.316455266379600753e-01
1.711999999999999966e+00 9.438987582256611608e-01
1.727999999999999980e+00 8.944362885623783344e-01
1.743999999999999995e+00 7.981884543444885960e-01
1.760000000000000009e+00 6.450150532090234146e-01
1.776000000000000023e+00 4.164822166887884314e-01
1.792000000000000037e+00 1.804020971918239291e-01
1.808000000000000052e+00 -4.243705976839259875e-02
1.824000000000000066e+00 -2.327986289696597488e-01
1.840000000000000080e+00 -3.526620878618819677e-01
1.856000000000000094e+00 -4.508512306373521072e-01
1.872000000000000108e+00 -5.480952127577187749e-01
1.888000000000000123e+00 -6.319954163059282592e-01
1.904000000000000137e+00 -7.149109719096253812e-01
1.919999999999999929e+00 -7.630901053912777510e-01
1.935999999999999943e+00 -7.689483078395554783e-01
1.951999999999999957e+00 -7.727345690894954489e-01
1.967999999999999972e+00 -7.892370929381897771e-01
1.983999999999999986e+00 -8.334819759513774073e-01
2.000000000000000000e+00 -8.916571505328833025e-01
2.016000000000000014e+00 -9.077739698381462885e-01
2.032000000000000028e+00 -8.523679982159736435e-01
2.048000000000000043e+00 -7.460835513402874763e-01
2.064000000000000057e+00 -6.538370028630549058e-01
2.080000000000000071e+00 -6.417195874398479161e-01
2.096000000000000085e+00 -7.235622544015613000e-01
2.112000000000000099e+00 -8.506309377599405863e-01
2.128000000000000114e+00 -9.490429236240266464e-01
2.144000000000000128e+00 -9.792037046943043999e-01
2.160000000000000142e+00 -9.472304068959751522e-01
2.176000000000000156e+00 -8.964470799814316937e-01
2.192000000000000171e+00 -8.601798098247880331e-01
2.208000000000000185e+00 -8.219393128149448113e-01
2.224000000000000199e+00 -7.721624294067531702e-01
2.240000000000000213e+00 -7.032532672668959650e-01
2.256000000000000227e+00 -6.178792508254341564e-01
2.272000000000000242e+00 -5.711894852519846522e-01
2.288000000000000256e+00 -5.680069090930347508e-01
2.304000000000000270e+00 -5.794852082282703210e-01
2.319999999999999840e+00 -6.015483507794585627e-01
2.335999999999999854e+00 -5.841886061076535519e-01
2.351999999999999869e+00 -5.255658003936473088e-01
2.367999999999999883e+00 -4.654699396771750930e-01
2.383999999999999897e+00 -3.833615703676500619e-01
2.399999999999999911e+00 -3.107529342886533041e-01
2.415999999999999925e+00 -2.656310215681071951e-01
2.431999999999999940e+00 -2.016733976398275285e-01
2.447999999999999954e+00 -1.410952074937644740e-01
2.463999999999999968e+00 -8.226383011545007617e-02
2.479999999999999982e+00 -1.836634889796040851e-02
2.495999999999999996e+00 8.389828116618847824e-06
