0.000000000000000000e+00 2.193958510205650470e+00 -5.360899890933346762e-03 6.813934953225267823e-04
8.000000000000000167e-03 2.103864471695889193e+00 -4.739325599933966182e-03 7.098219404348712729e-04
1.600000000000000033e-02 1.860965959768602573e+00 -4.242859146456528195e-03 7.788910232042167399e-04
2.400000000000000050e-02 1.505201213126107440e+00 -3.853451023652004325e-03 9.025904337472480691e-04
3.200000000000000067e-02 1.091539341997225243e+00 -3.134541400998388811e-03 1.047916833546500568e-03
4.000000000000000083e-02 6.752748520040189328e-01 -1.674999448052256904e-03 1.138485410521401005e-03
4.800000000000000100e-02 3.002660893055100755e-01 4.364588305063778358e-04 1.091555399551317508e-03
5.600000000000000117e-02 -5.628556522552772591e-03 2.558522787426796650e-03 8.650691986297208468e-04
6.400000000000000133e-02 -2.309443432752962821e-01 3.749049870420972669e-03 4.837369179498591013e-04
7.200000000000000844e-02 -3.793529932941707150e-01 3.592991389507265657e-03 3.053582568804722965e-05
8.000000000000000167e-02 -4.640600687283772952e-01 2.822420383896719499e-03 -3.906427482806164157e-04
8.799999999999999489e-02 -4.988702844820774307e-01 2.310633873066124042e-03 -6.998377990218783125e-04
9.600000000000000200e-02 -4.933670169312684428e-01 1.951977445986750924e-03 -8.667405022157727247e-04
1.040000000000000091e-01 -4.536255989708529723e-01 1.523016482576797182e-03 -9.061128166342822653e-04
1.120000000000000023e-01 -3.826981626120988800e-01 1.560251573400073645e-03 -8.527353473934626022e-04
1.199999999999999956e-01 -2.817709462792719610e-01 2.338922831259414390e-03 -7.329138957168228373e-04
1.280000000000000027e-01 -1.562863333941701682e-01 3.250795058458278916e-03 -5.496547119500769154e-04
1.360000000000000098e-01 -2.041150645517842213e-02 3.945647681162472824e-03 -2.949292742161349688e-04
1.440000000000000169e-01 1.079336729155140895e-01 4.861384677839712155e-03 1.718641660335258899e-05
1.519999999999999962e-01 2.144900144660762953e-01 6.097061340150660216e-03 3.261346415423439934e-04
1.600000000000000033e-01 2.893215499373277266e-01 6.748413583307079702e-03 5.356025278373730252e-04
1.680000000000000104e-01 3.248119685744861873e-01 5.947762058883413437e-03 5.576981274060205471e-04
1.759999999999999898e-01 3.172561059380237802e-01 4.001271641873053661e-03 3.647113747247269274e-04
1.839999999999999969e-01 2.693453173645968257e-01 1.909098679093866992e-03 1.527785147936053337e-05
1.920000000000000040e-01 1.899482804565470750e-01 2.527283607441657915e-04 -3.676545465031103715e-04
2.000000000000000111e-01 9.217091376670322189e-02 -7.621533260036090964e-04 -6.580868527113910814e-04
2.080000000000000182e-01 -9.514845184219094046e-03 -8.711178295212115147e-04 -7.834951186714279826e-04
2.159999999999999976e-01 -1.028003735084499076e-01 -3.273512890261315636e-04 -7.350338058466405642e-04
2.240000000000000047e-01 -1.794546084618134640e-01 -2.872718085032032647e-04 -5.379691553874819737e-04
2.320000000000000118e-01 -2.346653487915027203e-01 -1.666678344847177503e-03 -2.276448610759136606e-04
2.399999999999999911e-01 -2.662299164099337090e-01 -3.891384227720318632e-03 1.456733533643765502e-04
2.479999999999999982e-01 -2.747592032178756694e-01 -5.270900020467164659e-03 5.093988462477014615e-04
2.560000000000000053e-01 -2.629225040569498906e-01 -4.507503354870388661e-03 7.888142314806266455e-04
2.640000000000000124e-01 -2.335684641809494255e-01 -1.790134705414803259e-03 9.417194101913279941e-04
2.720000000000000195e-01 -1.893446109422747270e-01 1.445576311478944482e-03 9.716929625466541641e-04
2.800000000000000266e-01 -1.338478078615514266e-01 3.707898291696050831e-03 9.091033849818031367e-04
2.880000000000000338e-01 -7.190284532550718366e-02 4.366228788161548822e-03 7.813525644848580767e-04
2.959999999999999853e-01 -9.019180429414483044e-03 3.740169639748549060e-03 5.994705402062937109e-04
3.039999999999999925e-01 4.891973105119459125e-02 2.754400485045663521e-03 3.701032292363988421e-04
3.119999999999999996e-01 9.622114464432819647e-02 2.406536016617717537e-03 1.166071594753498536e-04
3.200000000000000067e-01 1.277053831912853543e-01 3.022476280718859251e-03 -1.161682401539109751e-04
3.280000000000000138e-01 1.385891483239985733e-01 3.759768727301761922e-03 -2.783994690155475117e-04
3.360000000000000209e-01 1.262240768437968008e-01 3.355566893075522319e-03 -3.347451245279452008e-04
3.440000000000000280e-01 9.277651787520929672e-02 1.834704263100909484e-03 -2.744508476768504012e-04
3.519999999999999796e-01 4.454120659205351024e-02 5.901110713362349219e-04 -1.175352081705346893e-04
3.599999999999999867e-01 -1.091068484193621554e-02 2.277646951090561266e-04 8.231292732374204005e-05
3.679999999999999938e-01 -6.570421259844007322e-02 -6.528784923574974298e-05 2.515411016076497938e-04
3.760000000000000009e-01 -1.124938665269759053e-01 -5.696131450201592479e-04 3.296909634765402453e-04
3.840000000000000080e-01 -1.467446895649032468e-01 -6.086994327656612865e-04 2.973538509262100117e-04
3.920000000000000151e-01 -1.669511751337137417e-01 -1.451626151490188581e-04 1.742815181552296135e-04
4.000000000000000222e-01 -1.729056061996332994e-01 3.276525597071382211e-04 -4.522260549312472813e-06
4.080000000000000293e-01 -1.658664364632950194e-01 9.853419555165693344e-04 -2.048182771087756805e-04
4.160000000000000364e-01 -1.490650458902759434e-01 2.056440245219286807e-03 -3.924858393098594944e-04
4.239999999999999880e-01 -1.257875309060140223e-01 2.820090503770939384e-03 -5.393613003667848587e-04
4.319999999999999951e-01 -9.810874755516919843e-02 2.401225422360798566e-03 -6.493046273351557899e-04
4.400000000000000022e-01 -6.823510791128629960e-02 9.734155146053971846e-04 -7.770992633042012043e-04
4.480000000000000093e-01 -3.924522917263884025e-02 -4.771760111087325860e-04 -9.993086910783802526e-04
4.560000000000000164e-01 -1.402361054885158630e-02 -1.231906888894412130e-03 -1.338241698456335733e-03
4.640000000000000235e-01 5.285612083799341894e-03 -1.255291694629408206e-03 -1.700583099629784543e-03
4.720000000000000306e-01 1.678016223861365092e-02 -9.330467601249007236e-04 -1.903975175201181062e-03
4.799999999999999822e-01 1.886707417187449137e-02 -9.774996154441172730e-04 -1.796034896653538916e-03
4.879999999999999893e-01 1.157517671595302555e-02 -2.066459047581090634e-03 -1.377619043391853978e-03
4.959999999999999964e-01 -2.317585340775902333e-03 -3.913380445063141012e-03 -8.276608790096870059e-04
5.040000000000000036e-01 -1.860912363564802205e-02 -5.215251517824568556e-03 -4.110269308156617356e-04
5.120000000000000107e-01 -3.473396092414102188e-02 -4.764999502371401220e-03 -3.430034996677704118e-04
5.200000000000000178e-01 -5.056161634404309629e-02 -2.168511153726083648e-03 -7.008053570506200640e-04
5.280000000000000249e-01 -6.622364088812665583e-02 1.931219828733579235e-03 -1.418351752429793371e-03
5.360000000000000320e-01 -8.105610778805559524e-02 5.819205752457566778e-03 -2.332779111827469696e-03
5.440000000000000391e-01 -9.465473527435244727e-02 8.048674043793210831e-03 -3.228628707877733307e-03
5.520000000000000462e-01 -1.066127294017114729e-01 9.074151108601940727e-03 -3.865118390975041691e-03
5.600000000000000533e-01 -1.151162225664711658e-01 1.030343222584037717e-02 -4.016509755478323701e-03
5.680000000000000604e-01 -1.176821257127804304e-01 1.207845061091915827e-02 -3.541032962528405451e-03
5.760000000000000675e-01 -1.126173790191745683e-01 1.388478518083276561e-02 -2.445898717613268023e-03
5.839999999999999636e-01 -9.837905089354620491e-02 1.554313169849958973e-02 -9.043622775843585199e-04
5.919999999999999707e-01 -7.375461428233752448e-02 1.734371534290617481e-02 7.883491347933380957e-04
5.999999999999999778e-01 -4.086769320179025472e-02 1.981655200676398290e-02 2.298200205894080674e-03
6.079999999999999849e-01 -5.976911943917822059e-03 2.309647290190823196e-02 3.331270541706456926e-03
6.159999999999999920e-01 2.438172304819206937e-02 2.594090710953336418e-02 3.673494387555231201e-03
6.239999999999999991e-01 4.639235854778610973e-02 2.636491974306718472e-02 3.202172501666130603e-03
6.320000000000000062e-01 5.792361012731288283e-02 2.358723684680635521e-02 1.912502824966212048e-03
6.400000000000000133e-01 5.736025095182376715e-02 1.867080645989714280e-02 -3.410245429790793349e-05
6.480000000000000204e-01 4.508022452744331332e-02 1.355205132856316178e-02 -2.293964315265246533e-03
6.560000000000000275e-01 2.503688748710464901e-02 9.976005142238496617e-03 -4.406554856464809690e-03
6.640000000000000346e-01 3.228213258639252119e-03 9.017702901794003023e-03 -5.920746213313223157e-03
6.720000000000000417e-01 -1.604339719536677228e-02 1.089019077560158914e-02 -6.510448235244391951e-03
6.800000000000000488e-01 -3.182682722669782222e-02 1.480834246546310594e-02 -6.026519299485576242e-03
6.880000000000000560e-01 -4.454681642198392993e-02 1.963310726203638598e-02 -4.488734856376500396e-03
6.960000000000000631e-01 -5.401865675537870920e-02 2.509315503750215656e-02 -2.057157058441344642e-03
7.039999999999999591e-01 -5.998816607684445690e-02 3.145665492609381331e-02 9.875664621944492145e-04
7.119999999999999662e-01 -6.330433895353568263e-02 3.789929637016314912e-02 4.253107132079571133e-03
7.199999999999999734e-01 -6.566682346299171358e-02 4.256948698167844353e-02 7.246820564615985213e-03
7.279999999999999805e-01 -6.797692260237994666e-02 4.427461741214550744e-02 9.414226409663037365e-03
7.359999999999999876e-01 -6.893229521027173512e-02 4.309870612879879159e-02 1.024361677997710947e-02
7.439999999999999947e-01 -6.628305248477593670e-02 3.971603794628537909e-02 9.452255004253694304e-03
7.520000000000000018e-01 -5.968360626692836152e-02 3.473765717440133183e-02 7.183903975179912679e-03
7.600000000000000089e-01 -5.060051173072180331e-02 2.850546300963614083e-02 4.071531979425014811e-03
7.680000000000000160e-01 -3.956545787328106384e-02 2.147316816945781318e-02 1.057066276498916596e-03
7.760000000000000231e-01 -2.626050868366041832e-02 1.464170232821648994e-02 -9.872618114414007454e-04
7.840000000000000302e-01 -1.267105535135855041e-02 8.931909466874441914e-03 -1.640962322928459297e-03
7.920000000000000373e-01 -3.158509283828500949e-03 4.259373675981911397e-03 -1.097164130358845545e-03
