0.000000000000000000e+00 4.915539222267297248e+01
1.600000000000000033e-02 4.809700854520261259e+01
3.200000000000000067e-02 4.519967744535914278e+01
4.800000000000000100e-02 4.100903946742757711e+01
6.400000000000000133e-02 3.616420364023728951e+01
8.000000000000000167e-02 3.123431713115952491e+01
9.600000000000000200e-02 2.663530636443041288e+01
1.120000000000000023e-01 2.259599844648818134e+01
1.280000000000000027e-01 1.917405637814955099e+01
1.440000000000000169e-01 1.631374273424221144e+01
1.600000000000000033e-01 1.391115254119485556e+01
1.759999999999999898e-01 1.186047801965118609e+01
1.920000000000000040e-01 1.008195311963699403e+01
2.080000000000000182e-01 8.535194222981282053e+00
2.240000000000000047e-01 7.212603421109591295e+00
2.399999999999999911e-01 6.115640095276095423e+00
2.560000000000000053e-01 5.229438050735017995e+00
2.720000000000000195e-01 4.514291682825239072e+00
2.880000000000000338e-01 3.917807243541730600e+00
3.039999999999999925e-01 3.390341133123821571e+00
3.200000000000000067e-01 2.891842796128443638e+00
3.360000000000000209e-01 2.395270797941289942e+00
3.519999999999999796e-01 1.888393887162174822e+00
3.679999999999999938e-01 1.368894284081959345e+00
3.840000000000000080e-01 8.354455243309772960e-01
4.000000000000000222e-01 2.855115286328282487e-01
4.160000000000000364e-01 -2.776141889180290812e-01
4.319999999999999951e-01 -8.401467600369413313e-01
4.480000000000000093e-01 -1.383341647471678870e+00
4.640000000000000235e-01 -1.890587990305453436e+00
4.799999999999999822e-01 -2.345866874815749625e+00
4.959999999999999964e-01 -2.727704919698690667e+00
5.120000000000000107e-01 -3.007511013609361683e+00
5.280000000000000249e-01 -3.155228710926182956e+00
5.440000000000000391e-01 -3.153500383479990621e+00
5.600000000000000533e-01 -3.015072713191105702e+00
5.760000000000000675e-01 -2.788223340133918260e+00
5.919999999999999707e-01 -2.539992595077249948e+00
6.079999999999999849e-01 -2.325022175421512127e+00
6.239999999999999991e-01 -2.164377333020498728e+00
6.400000000000000133e-01 -2.052488436735942834e+00
6.560000000000000275e-01 -1.978703923169379486e+00
6.720000000000000417e-01 -1.935574561477134248e+00
6.880000000000000560e-01 -1.912723884183229917e+00
7.039999999999999591e-01 -1.898019039470487002e+00
7.199999999999999734e-01 -1.888788917653436039e+00
7.359999999999999876e-01 -1.896216556185651658e+00
7.520000000000000018e-01 -1.936723094824482905e+00
7.680000000000000160e-01 -2.015026403304515323e+00
7.840000000000000302e-01 -2.110361175529389843e+00
8.000000000000000444e-01 -2.180244483268137135e+00
8.160000000000000586e-01 -2.182010732673786091e+00
8.320000000000000728e-01 -2.099932389605136063e+00
8.479999999999999760e-01 -1.957245936289467414e+00
8.639999999999999902e-01 -1.797439101089571389e+00
8.800000000000000044e-01 -1.653559364788774522e+00
8.960000000000000187e-01 -1.536964729382945372e+00
9.120000000000000329e-01 -1.447710524322175507e+00
9.280000000000000471e-01 -1.386231064862635254e+00
9.440000000000000613e-01 -1.353046500747133729e+00
9.599999999999999645e-01 -1.341921277039894500e+00
9.759999999999999787e-01 -1.335303857560498075e+00
9.919999999999999929e-01 -1.306636720012338548e+00
1.008000000000000007e+00 -1.232397157883577954e+00
1.024000000000000021e+00 -1.105620600114729291e+00
1.040000000000000036e+00 -9.388369860882760376e-01
1.056000000000000050e+00 -7.541576294141053571e-01
1.072000000000000064e+00 -5.695679178918066077e-01
1.088000000000000078e+00 -3.955826368187644881e-01
1.104000000000000092e+00 -2.388938069997628144e-01
1.120000000000000107e+00 -9.947989988883669532e-02
1.136000000000000121e+00 3.332624977091250273e-02
1.152000000000000135e+00 1.745444693400225455e-01
1.167999999999999927e+00 3.298410605258736972e-01
1.183999999999999941e+00 4.880311795130408692e-01
1.199999999999999956e+00 6.302743742791588888e-01
1.215999999999999970e+00 7.464249310316241059e-01
1.231999999999999984e+00 8.407233694333704488e-01
1.247999999999999998e+00 9.241154445887880264e-01
1.264000000000000012e+00 1.004329486137656602e+00
1.280000000000000027e+00 1.084190867935935110e+00
1.296000000000000041e+00 1.164722221489477905e+00
1.312000000000000055e+00 1.242742510673441769e+00
1.328000000000000069e+00 1.306652973394654138e+00
1.344000000000000083e+00 1.341313622680682327e+00
1.360000000000000098e+00 1.339643964063653270e+00
1.376000000000000112e+00 1.310648317449569555e+00
1.392000000000000126e+00 1.276826698470540977e+00
1.407999999999999918e+00 1.259721842566971173e+00
1.423999999999999932e+00 1.266666766242289910e+00
1.439999999999999947e+00 1.293788196515045730e+00
1.455999999999999961e+00 1.337822046833984757e+00
1.471999999999999975e+00 1.400281545402883410e+00
1.487999999999999989e+00 1.481085135469021319e+00
1.504000000000000004e+00 1.571782046288827672e+00
1.520000000000000018e+00 1.657799527912523940e+00
1.536000000000000032e+00 1.724080526177938388e+00
1.552000000000000046e+00 1.756696202038556365e+00
1.568000000000000060e+00 1.743591250805355930e+00
1.584000000000000075e+00 1.676268674545035919e+00
1.600000000000000089e+00 1.554499246547479396e+00
1.616000000000000103e+00 1.392173453948004402e+00
1.632000000000000117e+00 1.213682361489821337e+00
1.648000000000000131e+00 1.042475061527921465e+00
1.664000000000000146e+00 8.910668094463987110e-01
1.679999999999999938e+00 7.563745416044883596e-01
1.695999999999999952e+00 6.259333192865171869e-01
1.711999999999999966e+00 4.912274703442679469e-01
1.727999999999999980e+00 3.558239378967191224e-01
1.743999999999999995e+00 2.329211749244103347e-01
1.760000000000000009e+00 1.320999021896275272e-01
1.776000000000000023e+00 4.769589775666389919e-02
1.792000000000000037e+00 -3.456728541667373339e-02
1.808000000000000052e+00 -1.187763105429566340e-01
1.824000000000000066e+00 -1.883612961491632765e-01
1.840000000000000080e+00 -2.183408407183308475e-01
1.856000000000000094e+00 -2.012612181482957285e-01
1.872000000000000108e+00 -1.541933814587421459e-01
1.888000000000000123e+00 -9.906750824931787047e-02
1.904000000000000137e+00 -4.791632568605964926e-02
1.919999999999999929e+00 -8.033251131630690656e-03
1.935999999999999943e+00 1.154223013708086110e-02
1.951999999999999957e+00 4.558427349472533689e-03
1.967999999999999972e+00 -2.534638256340859472e-02
1.983999999999999986e+00 -6.432572840695562066e-02
2.000000000000000000e+00 -9.484369703525059869e-02
2.016000000000000014e+00 -1.034585310726433977e-01
2.032000000000000028e+00 -8.471309708772004066e-02
2.048000000000000043e+00 -4.318428848005460147e-02
2.064000000000000057e+00 4.999392528817371041e-03
2.080000000000000071e+00 3.692589965293996412e-02
2.096000000000000085e+00 3.366312857011907050e-02
2.112000000000000099e+00 -9.899930072951352786e-03
2.128000000000000114e+00 -8.193861361905283025e-02
2.144000000000000128e+00 -1.619429988549668797e-01
2.160000000000000142e+00 -2.358924500215517084e-01
2.176000000000000156e+00 -3.041045508892794014e-01
2.192000000000000171e+00 -3.736752006496274481e-01
2.208000000000000185e+00 -4.437161074899768076e-01
2.224000000000000199e+00 -4.988105789269862700e-01
2.240000000000000213e+00 -5.170458907196257003e-01
2.256000000000000227e+00 -4.870520042374507086e-01
2.272000000000000242e+00 -4.210926876929207419e-01
2.288000000000000256e+00 -3.514350888128019990e-01
2.304000000000000270e+00 -3.104730953184056674e-01
2.319999999999999840e+00 -3.107755367148284931e-01
2.335999999999999854e+00 -3.426415382749684602e-01
2.351999999999999869e+00 -3.883124489891433551e-01
2.367999999999999883e+00 -4.347597644560579067e-01
2.383999999999999897e+00 -4.727830330145189608e-01
2.399999999999999911e+00 -4.884780700760505412e-01
2.415999999999999925e+00 -4.651983905887019377e-01
2.431999999999999940e+00 -3.989559236618263061e-01
2.447999999999999954e+00 -3.049501803444512604e-01
2.463999999999999968e+00 -2.048585715031134569e-01
2.479999999999999982e+00 -1.104609643909088418e-01
2.495999999999999996e+00 -2.148788649889464206e-02
