0.000000000000000000e+00 4.117999595201459329e+01
1.600000000000000033e-02 4.029671678422567993e+01
3.200000000000000067e-02 3.788223397473658594e+01
4.800000000000000100e-02 3.442221042987021207e+01
6.400000000000000133e-02 3.045445808032800628e+01
8.000000000000000167e-02 2.643774125382187634e+01
9.600000000000000200e-02 2.267308670265314774e+01
1.120000000000000023e-01 1.928439594808960322e+01
1.280000000000000027e-01 1.629521669411533935e+01
1.440000000000000169e-01 1.371242138192428683e+01
1.600000000000000033e-01 1.152980103601937323e+01
1.759999999999999898e-01 9.707032670320250745e+00
1.920000000000000040e-01 8.200635652999523018e+00
2.080000000000000182e-01 6.981886958212173866e+00
2.240000000000000047e-01 5.999518973927453480e+00
2.399999999999999911e-01 5.184693974458713939e+00
2.560000000000000053e-01 4.498036985867222448e+00
2.720000000000000195e-01 3.920398538208041295e+00
2.880000000000000338e-01 3.420911534761491346e+00
3.039999999999999925e-01 2.971135751619566001e+00
3.200000000000000067e-01 2.553783525686542877e+00
3.360000000000000209e-01 2.138831117908717605e+00
3.519999999999999796e-01 1.695208563873847440e+00
3.679999999999999938e-01 1.224522239225455778e+00
3.840000000000000080e-01 7.506089694845115012e-01
4.000000000000000222e-01 3.023056023185239360e-01
4.160000000000000364e-01 -9.187868022958414760e-02
4.319999999999999951e-01 -4.273189298388706536e-01
4.480000000000000093e-01 -7.221570247272844911e-01
4.640000000000000235e-01 -9.908366172355301815e-01
4.799999999999999822e-01 -1.244403531842788624e+00
4.959999999999999964e-01 -1.484969359275745360e+00
5.120000000000000107e-01 -1.689237903604971835e+00
5.280000000000000249e-01 -1.834506331390549638e+00
5.440000000000000391e-01 -1.928964433022696934e+00
5.600000000000000533e-01 -1.995125375288429925e+00
5.760000000000000675e-01 -2.048036112221222282e+00
5.919999999999999707e-01 -2.098672784624484589e+00
6.079999999999999849e-01 -2.154685827532440090e+00
6.239999999999999991e-01 -2.207404167956932284e+00
6.400000000000000133e-01 -2.233886828584461526e+00
6.560000000000000275e-01 -2.224595780583445759e+00
6.720000000000000417e-01 -2.193166267128500380e+00
6.880000000000000560e-01 -2.154808421976378341e+00
7.039999999999999591e-01 -2.130127800993488751e+00
7.199999999999999734e-01 -2.153587375388420710e+00
7.359999999999999876e-01 -2.227013124822298185e+00
7.520000000000000018e-01 -2.310428580526217246e+00
7.680000000000000160e-01 -2.388744143886798010e+00
7.840000000000000302e-01 -2.470814301043152028e+00
8.000000000000000444e-01 -2.531566769236670122e+00
8.160000000000000586e-01 -2.536827278384560902e+00
8.320000000000000728e-01 -2.491219911262009479e+00
8.479999999999999760e-01 -2.406254911013775200e+00
8.639999999999999902e-01 -2.274279175235330186e+00
8.800000000000000044e-01 -2.106478547959773628e+00
8.960000000000000187e-01 -1.935726396641281877e+00
9.120000000000000329e-01 -1.773355908580651841e+00
9.280000000000000471e-01 -1.616539007750348533e+00
9.440000000000000613e-01 -1.470314102463568640e+00
9.599999999999999645e-01 -1.318857915295028160e+00
9.759999999999999787e-01 -1.119279009104537259e+00
9.919999999999999929e-01 -8.541180958075017537e-01
1.008000000000000007e+00 -5.546163008501565628e-01
1.024000000000000021e+00 -2.577463016971311416e-01
1.040000000000000036e+00 1.607476065659492817e-02
1.056000000000000050e+00 2.351691873965895963e-01
1.072000000000000064e+00 3.713000634636293151e-01
1.088000000000000078e+00 4.350284108364717017e-01
1.104000000000000092e+00 4.456957974154249214e-01
1.120000000000000107e+00 4.129285610685741736e-01
1.136000000000000121e+00 3.652464817754247917e-01
1.152000000000000135e+00 3.449651688232886482e-01
1.167999999999999927e+00 3.809739756598486404e-01
1.183999999999999941e+00 4.739365847972296097e-01
1.199999999999999956e+00 5.932125065144510101e-01
1.215999999999999970e+00 6.994319292163907464e-01
1.231999999999999984e+00 7.710540590618067958e-01
1.247999999999999998e+00 8.116121787673012955e-01
1.264000000000000012e+00 8.385358775803840592e-01
1.280000000000000027e+00 8.608305111093083051e-01
1.296000000000000041e+00 8.770336720708244993e-01
1.312000000000000055e+00 8.913886553447939454e-01
1.328000000000000069e+00 9.149715262173847563e-01
1.344000000000000083e+00 9.538185896752222614e-01
1.360000000000000098e+00 9.979080391420226404e-01
1.376000000000000112e+00 1.023500476959975591e+00
1.392000000000000126e+00 1.016210330465024070e+00
1.407999999999999918e+00 9.870589283243345058e-01
1.423999999999999932e+00 9.514079559865921132e-01
1.439999999999999947e+00 9.070237991904402941e-01
1.455999999999999961e+00 8.604287417826329554e-01
1.471999999999999975e+00 8.396139567242125734e-01
1.487999999999999989e+00 8.556094975286665516e-01
1.504000000000000004e+00 9.057395958656380142e-01
1.520000000000000018e+00 9.918599378685477586e-01
1.536000000000000032e+00 1.077746470415867019e+00
1.552000000000000046e+00 1.099953671406627587e+00
1.568000000000000060e+00 1.048170698107862231e+00
1.584000000000000075e+00 9.621292982598160792e-01
1.600000000000000089e+00 8.715894270371628005e-01
1.616000000000000103e+00 7.936279209926920819e-01
1.632000000000000117e+00 7.478795562840999667e-01
1.648000000000000131e+00 7.348148260775679841e-01
1.664000000000000146e+00 7.279973005556724663e-01
1.679999999999999938e+00 7.080216395319319789e-01
1.695999999999999952e+00 6.716212027498426052e-01
1.711999999999999966e+00 6.018604318303676370e-01
1.727999999999999980e+00 4.848406793109752422e-01
1.743999999999999995e+00 3.588060425824987631e-01
1.760000000000000009e+00 2.804849338647306678e-01
1.776000000000000023e+00 2.525792237861986811e-01
1.792000000000000037e+00 2.445178359117045619e-01
1.808000000000000052e+00 2.422457401705686575e-01
1.824000000000000066e+00 2.312366898490460232e-01
1.840000000000000080e+00 1.972107909592506758e-01
1.856000000000000094e+00 1.582820796975647482e-01
1.872000000000000108e+00 1.342136784648515768e-01
1.888000000000000123e+00 1.104831984312830140e-01
1.904000000000000137e+00 7.245262555635934021e-02
1.919999999999999929e+00 3.015616644173412658e-02
1.935999999999999943e+00 -8.914882780327426648e-03
1.951999999999999957e+00 -5.082110659441153866e-02
1.967999999999999972e+00 -9.248892251641481488e-02
1.983999999999999986e+00 -1.241593627810286260e-01
2.000000000000000000e+00 -1.522985536976806942e-01
2.016000000000000014e+00 -1.903608385465704045e-01
2.032000000000000028e+00 -2.410903610272404907e-01
2.048000000000000043e+00 -3.036527912966623388e-01
2.064000000000000057e+00 -3.779763756228249338e-01
2.080000000000000071e+00 -4.556318023654167271e-01
2.096000000000000085e+00 -5.223223221252134563e-01
2.112000000000000099e+00 -5.729207422932061089e-01
2.128000000000000114e+00 -6.100976673070899192e-01
2.144000000000000128e+00 -6.332618930853866068e-01
2.160000000000000142e+00 -6.386569927603309438e-01
2.176000000000000156e+00 -6.154036072781000621e-01
2.192000000000000171e+00 -5.578600393573724947e-01
2.208000000000000185e+00 -4.882727124819828401e-01
2.224000000000000199e+00 -4.235430933372469342e-01
2.240000000000000213e+00 -3.491770549079336039e-01
2.256000000000000227e+00 -2.608723269096082098e-01
2.272000000000000242e+00 -1.737230861212732125e-01
2.288000000000000256e+00 -9.750461711366609219e-02
2.304000000000000270e+00 -4.692866775097055687e-02
2.319999999999999840e+00 -3.400517738657248684e-02
2.335999999999999854e+00 -3.668476866174615741e-02
2.351999999999999869e+00 -1.968146044382114088e-02
2.367999999999999883e+00 1.126202833536460793e-02
2.383999999999999897e+00 1.621098387598948407e-02
2.399999999999999911e+00 -1.347222690682569127e-02
2.415999999999999925e+00 -4.469423363641562841e-02
2.431999999999999940e+00 -5.279180064248483600e-02
2.447999999999999954e+00 -3.412034064712971687e-02
2.463999999999999968e+00 4.399890424363840993e-03
2.479999999999999982e+00 3.195616614655110571e-02
2.495999999999999996e+00 1.201672092053590254e-02
