0.000000000000000000e+00 4.000400275145069884e+01
1.600000000000000033e-02 3.919758205706916954e+01
3.200000000000000067e-02 3.696361989314023333e+01
4.800000000000000100e-02 3.373319862662645363e+01
6.400000000000000133e-02 2.999369565466972887e+01
8.000000000000000167e-02 2.615741448080411402e+01
9.600000000000000200e-02 2.252296668954394931e+01
1.120000000000000023e-01 1.926692739258047382e+01
1.280000000000000027e-01 1.644569781912204220e+01
1.440000000000000169e-01 1.402507344414660828e+01
1.600000000000000033e-01 1.193628263186480609e+01
1.759999999999999898e-01 1.013039588846828742e+01
1.920000000000000040e-01 8.596269666845094193e+00
2.080000000000000182e-01 7.334916491435043540e+00
2.240000000000000047e-01 6.326931050794481592e+00
2.399999999999999911e-01 5.527638751837185893e+00
2.560000000000000053e-01 4.878951327613118671e+00
2.720000000000000195e-01 4.314889908991304424e+00
2.880000000000000338e-01 3.770995073812640985e+00
3.039999999999999925e-01 3.212807497793201517e+00
3.200000000000000067e-01 2.657370059856006161e+00
3.360000000000000209e-01 2.151128939513687666e+00
3.519999999999999796e-01 1.721506940239731609e+00
3.679999999999999938e-01 1.354137013364991704e+00
3.840000000000000080e-01 1.007058349089114957e+00
4.000000000000000222e-01 6.352194011334004742e-01
4.160000000000000364e-01 2.161479562564497803e-01
4.319999999999999951e-01 -2.298520512853179654e-01
4.480000000000000093e-01 -6.528281287913870745e-01
4.640000000000000235e-01 -1.011945940587884341e+00
4.799999999999999822e-01 -1.290178049332425969e+00
4.959999999999999964e-01 -1.483256560794959933e+00
5.120000000000000107e-01 -1.602934005035492770e+00
5.280000000000000249e-01 -1.681821409650634092e+00
5.440000000000000391e-01 -1.749284514223234943e+00
5.600000000000000533e-01 -1.813268309579942006e+00
5.760000000000000675e-01 -1.877162871330008365e+00
5.919999999999999707e-01 -1.948139643620825145e+00
6.079999999999999849e-01 -2.017271003121312578e+00
6.239999999999999991e-01 -2.060485230989438588e+00
6.400000000000000133e-01 -2.070394865357864767e+00
6.560000000000000275e-01 -2.065942119731141613e+00
6.720000000000000417e-01 -2.068186674551626858e+00
6.880000000000000560e-01 -2.085498262416933812e+00
7.039999999999999591e-01 -2.121784855303548767e+00
7.199999999999999734e-01 -2.181462138681419471e+00
7.359999999999999876e-01 -2.261023542621907190e+00
7.520000000000000018e-01 -2.342796727220328279e+00
7.680000000000000160e-01 -2.401259122251297562e+00
7.840000000000000302e-01 -2.416172574143343965e+00
8.000000000000000444e-01 -2.382617700565849539e+00
8.160000000000000586e-01 -2.312816797142672520e+00
8.320000000000000728e-01 -2.229367149717450758e+00
8.479999999999999760e-01 -2.153974413188190162e+00
8.639999999999999902e-01 -2.097845297977036338e+00
8.800000000000000044e-01 -2.056352895412270509e+00
8.960000000000000187e-01 -2.012306215522013719e+00
9.120000000000000329e-01 -1.953206236890550285e+00
9.280000000000000471e-01 -1.883852362519981005e+00
9.440000000000000613e-01 -1.806779929946247920e+00
9.599999999999999645e-01 -1.699385636559232138e+00
9.759999999999999787e-01 -1.542445304797484207e+00
9.919999999999999929e-01 -1.363981746770831283e+00
1.008000000000000007e+00 -1.213039313511811823e+00
1.024000000000000021e+00 -1.094107392563429482e+00
1.040000000000000036e+00 -9.697871714156468537e-01
1.056000000000000050e+00 -8.232153938626693979e-01
1.072000000000000064e+00 -6.773904576337590466e-01
1.088000000000000078e+00 -5.554145172293908361e-01
1.104000000000000092e+00 -4.539547015434290955e-01
1.120000000000000107e+00 -3.589876506405832446e-01
1.136000000000000121e+00 -2.712330614479475654e-01
1.152000000000000135e+00 -2.085546922563928651e-01
1.167999999999999927e+00 -1.784854755179208496e-01
1.183999999999999941e+00 -1.509242673141544533e-01
1.199999999999999956e+00 -7.656008925539481424e-02
1.215999999999999970e+00 5.997252533990940493e-02
1.231999999999999984e+00 2.222882208589448960e-01
1.247999999999999998e+00 3.652773848574675242e-01
1.264000000000000012e+00 4.777087007216517800e-01
1.280000000000000027e+00 5.703759593389167160e-01
1.296000000000000041e+00 6.399964837128694350e-01
1.312000000000000055e+00 6.684570245799555943e-01
1.328000000000000069e+00 6.552007081723704163e-01
1.344000000000000083e+00 6.294016809872051699e-01
1.360000000000000098e+00 6.214359929276993544e-01
1.376000000000000112e+00 6.310717135137383638e-01
1.392000000000000126e+00 6.317266409644919367e-01
1.407999999999999918e+00 6.058022368853626105e-01
1.423999999999999932e+00 5.692952519900922326e-01
1.439999999999999947e+00 5.537043256972156158e-01
1.455999999999999961e+00 5.713146000854412154e-01
1.471999999999999975e+00 6.175717803509214177e-01
1.487999999999999989e+00 6.989839366771257723e-01
1.504000000000000004e+00 8.247818293628667030e-01
1.520000000000000018e+00 9.711732481202387524e-01
1.536000000000000032e+00 1.087381582606518071e+00
1.552000000000000046e+00 1.139598524877765362e+00
1.568000000000000060e+00 1.126537061003207496e+00
1.584000000000000075e+00 1.062303071857567449e+00
1.600000000000000089e+00 9.690103103512285321e-01
1.616000000000000103e+00 8.745881212880695088e-01
1.632000000000000117e+00 7.945272814120729610e-01
1.648000000000000131e+00 7.203983437335371720e-01
1.664000000000000146e+00 6.357548057555711951e-01
1.679999999999999938e+00 5.352969178446308485e-01
1.695999999999999952e+00 4.238642371089418881e-01
1.711999999999999966e+00 3.063628466447680943e-01
1.727999999999999980e+00 1.868402557878543757e-01
1.743999999999999995e+00 7.578009983201301758e-02
1.760000000000000009e+00 -8.741026423776897952e-03
1.776000000000000023e+00 -5.383785416192585910e-02
1.792000000000000037e+00 -6.665205973940462048e-02
1.808000000000000052e+00 -7.167213511187771335e-02
1.824000000000000066e+00 -9.011897508812144464e-02
1.840000000000000080e+00 -1.246956348048504915e-01
1.856000000000000094e+00 -1.666566983322192996e-01
1.872000000000000108e+00 -2.092362567326140343e-01
1.888000000000000123e+00 -2.438476321517255296e-01
1.904000000000000137e+00 -2.528946273864473016e-01
1.919999999999999929e+00 -2.253518039152114794e-01
1.935999999999999943e+00 -1.744481314013084372e-01
1.951999999999999957e+00 -1.240375890606379428e-01
1.967999999999999972e+00 -8.587240936581322370e-02
1.983999999999999986e+00 -6.052782772437293596e-02
2.000000000000000000e+00 -4.276000568968613830e-02
2.016000000000000014e+00 -1.687982267901088837e-02
2.032000000000000028e+00 3.102166321506003369e-02
2.048000000000000043e+00 8.991929201297245433e-02
2.064000000000000057e+00 1.326868222512755935e-01
2.080000000000000071e+00 1.466194869086548669e-01
2.096000000000000085e+00 1.389947567985531929e-01
2.112000000000000099e+00 1.220489410102985894e-01
2.128000000000000114e+00 1.056626902914195587e-01
2.144000000000000128e+00 9.104318032635183577e-02
2.160000000000000142e+00 6.287253863996923597e-02
2.176000000000000156e+00 2.740198383119916981e-03
2.192000000000000171e+00 -8.561752137930361828e-02
2.208000000000000185e+00 -1.790069691540054631e-01
2.224000000000000199e+00 -2.627221082306192557e-01
2.240000000000000213e+00 -3.401170422402104987e-01
2.256000000000000227e+00 -4.127608201761256423e-01
2.272000000000000242e+00 -4.665646805469299552e-01
2.288000000000000256e+00 -4.846822570321372980e-01
2.304000000000000270e+00 -4.635810662880406885e-01
2.319999999999999840e+00 -4.083290338054340052e-01
2.335999999999999854e+00 -3.211725733023662599e-01
2.351999999999999869e+00 -2.063996202794151080e-01
2.367999999999999883e+00 -8.371350138289611331e-02
2.383999999999999897e+00 1.533866521101086636e-02
2.399999999999999911e+00 7.412900072152195374e-02
2.415999999999999925e+00 1.116358017811410058e-01
2.431999999999999940e+00 1.585625276707818831e-01
2.447999999999999954e+00 2.068629801076490859e-01
2.463999999999999968e+00 2.088698629207627055e-01
2.479999999999999982e+00 1.396669088947800341e-01
2.495999999999999996e+00 2.889810076679628914e-02
