0.000000000000000000e+00 4.919023158056425160e+01
1.600000000000000033e-02 4.818275162916994248e+01
3.200000000000000067e-02 4.543193072799083865e+01
4.800000000000000100e-02 4.145618254237875533e+01
6.400000000000000133e-02 3.681990755445121266e+01
8.000000000000000167e-02 3.204212672574541187e+01
9.600000000000000200e-02 2.750761007820486981e+01
1.120000000000000023e-01 2.341158686598605243e+01
1.280000000000000027e-01 1.982976207592815854e+01
1.440000000000000169e-01 1.677919909463290793e+01
1.600000000000000033e-01 1.421544172569274167e+01
1.759999999999999898e-01 1.206477990393749700e+01
1.920000000000000040e-01 1.027072261717560764e+01
2.080000000000000182e-01 8.788433689833162532e+00
2.240000000000000047e-01 7.566060498322428884e+00
2.399999999999999911e-01 6.543136403149428126e+00
2.560000000000000053e-01 5.654073545116134802e+00
2.720000000000000195e-01 4.843069669304635561e+00
2.880000000000000338e-01 4.080859806590429351e+00
3.039999999999999925e-01 3.366205042217636834e+00
3.200000000000000067e-01 2.715597240006398128e+00
3.360000000000000209e-01 2.140868078113718820e+00
3.519999999999999796e-01 1.627619840777976057e+00
3.679999999999999938e-01 1.138554125582933452e+00
3.840000000000000080e-01 6.393837005209603852e-01
4.000000000000000222e-01 1.271820766966596794e-01
4.160000000000000364e-01 -3.605895675703402192e-01
4.319999999999999951e-01 -7.669399494641325754e-01
4.480000000000000093e-01 -1.051226297089340678e+00
4.640000000000000235e-01 -1.215135324333697975e+00
4.799999999999999822e-01 -1.302915197995973440e+00
4.959999999999999964e-01 -1.369920480503122651e+00
5.120000000000000107e-01 -1.442024843618043173e+00
5.280000000000000249e-01 -1.515242452518202221e+00
5.440000000000000391e-01 -1.586544427876689145e+00
5.600000000000000533e-01 -1.662071608248585131e+00
5.760000000000000675e-01 -1.755428121643152872e+00
5.919999999999999707e-01 -1.878336277204814442e+00
6.079999999999999849e-01 -1.999447640599556042e+00
6.239999999999999991e-01 -2.057421637022373240e+00
6.400000000000000133e-01 -2.044389224107090453e+00
6.560000000000000275e-01 -2.007663818769025443e+00
6.720000000000000417e-01 -1.986323901602188524e+00
6.880000000000000560e-01 -2.015844496274406428e+00
7.039999999999999591e-01 -2.121708178357584629e+00
7.199999999999999734e-01 -2.260952034233687069e+00
7.359999999999999876e-01 -2.365116692122524178e+00
7.520000000000000018e-01 -2.428096472155333529e+00
7.680000000000000160e-01 -2.464436939915997105e+00
7.840000000000000302e-01 -2.457593707865173727e+00
8.000000000000000444e-01 -2.405324998969036621e+00
8.160000000000000586e-01 -2.326439047761562851e+00
8.320000000000000728e-01 -2.224669623665886498e+00
8.479999999999999760e-01 -2.104048108739498435e+00
8.639999999999999902e-01 -1.973050976112981525e+00
8.800000000000000044e-01 -1.817155253707703810e+00
8.960000000000000187e-01 -1.613900434412337548e+00
9.120000000000000329e-01 -1.364804772486668982e+00
9.280000000000000471e-01 -1.097649477978868804e+00
9.440000000000000613e-01 -8.556568043798746803e-01
9.599999999999999645e-01 -6.711705743195378604e-01
9.759999999999999787e-01 -5.380929354768028139e-01
9.919999999999999929e-01 -4.270824404221663095e-01
1.008000000000000007e+00 -3.138045246507962238e-01
1.024000000000000021e+00 -1.786272339279712240e-01
1.040000000000000036e+00 -1.445122082618978225e-02
1.056000000000000050e+00 1.534588187387188052e-01
1.072000000000000064e+00 2.861586851773283979e-01
1.088000000000000078e+00 3.717341098615642991e-01
1.104000000000000092e+00 4.292324268087122641e-01
1.120000000000000107e+00 4.781396559438833571e-01
1.136000000000000121e+00 5.241275822883516566e-01
1.152000000000000135e+00 5.709511484569628204e-01
1.167999999999999927e+00 6.205721297378543611e-01
1.183999999999999941e+00 6.656762895012473535e-01
1.199999999999999956e+00 7.045479248201533817e-01
1.215999999999999970e+00 7.480176205506411380e-01
1.231999999999999984e+00 7.956500924104520367e-01
1.247999999999999998e+00 8.303577853419512600e-01
1.264000000000000012e+00 8.421108715710066139e-01
1.280000000000000027e+00 8.317537264143894937e-01
1.296000000000000041e+00 8.069539701828397638e-01
1.312000000000000055e+00 7.876468272740883014e-01
1.328000000000000069e+00 7.801263067935719775e-01
1.344000000000000083e+00 7.627206568891239380e-01
1.360000000000000098e+00 7.299009343234962310e-01
1.376000000000000112e+00 6.985013553681623799e-01
1.392000000000000126e+00 6.748914721703707098e-01
1.407999999999999918e+00 6.777168699577786892e-01
1.423999999999999932e+00 7.319206654399187384e-01
1.439999999999999947e+00 8.078387290099132700e-01
1.455999999999999961e+00 8.611021738376321011e-01
1.471999999999999975e+00 9.048786527578739358e-01
1.487999999999999989e+00 9.551790824935938451e-01
1.504000000000000004e+00 9.882314542047357930e-01
1.520000000000000018e+00 9.999726376119808524e-01
1.536000000000000032e+00 1.009736001648805725e+00
1.552000000000000046e+00 1.012617752916459279e+00
1.568000000000000060e+00 1.000967641100613426e+00
1.584000000000000075e+00 9.852341333215665076e-01
1.600000000000000089e+00 9.653594507813364478e-01
1.616000000000000103e+00 9.332990431346263049e-01
1.632000000000000117e+00 8.931443068692648257e-01
1.648000000000000131e+00 8.508708144114800476e-01
1.664000000000000146e+00 8.098990616647310237e-01
1.679999999999999938e+00 7.799626583256975554e-01
1.695999999999999952e+00 7.742270912870904409e-01
1.711999999999999966e+00 8.004116277082515829e-01
1.727999999999999980e+00 8.444786212439341355e-01
1.743999999999999995e+00 8.602413929020452654e-01
1.760000000000000009e+00 8.031948559260702059e-01
1.776000000000000023e+00 6.763272442887924285e-01
1.792000000000000037e+00 5.191322654040456674e-01
1.808000000000000052e+00 3.666461263104386359e-01
1.824000000000000066e+00 2.390319193168150003e-01
1.840000000000000080e+00 1.455770745778581232e-01
1.856000000000000094e+00 8.279796444505675701e-02
1.872000000000000108e+00 4.483588667093486857e-02
1.888000000000000123e+00 3.464383952254226906e-02
1.904000000000000137e+00 5.149537572144555209e-02
1.919999999999999929e+00 7.829868247840265916e-02
1.935999999999999943e+00 1.007273246409943063e-01
1.951999999999999957e+00 1.243406908273582134e-01
1.967999999999999972e+00 1.511214533886592604e-01
1.983999999999999986e+00 1.687535040644507212e-01
2.000000000000000000e+00 1.782269613571010602e-01
2.016000000000000014e+00 1.850880964463226808e-01
2.032000000000000028e+00 1.706169789896027633e-01
2.048000000000000043e+00 1.238644508521891119e-01
2.064000000000000057e+00 6.252816150112640303e-02
2.080000000000000071e+00 -1.384725474684051459e-02
2.096000000000000085e+00 -1.179391671194991859e-01
2.112000000000000099e+00 -2.203416055492883052e-01
2.128000000000000114e+00 -2.889909968688103570e-01
2.144000000000000128e+00 -3.364710187305587352e-01
2.160000000000000142e+00 -3.625830876380020107e-01
2.176000000000000156e+00 -3.422931454755754332e-01
2.192000000000000171e+00 -2.881705337167478342e-01
2.208000000000000185e+00 -2.298670813860946016e-01
2.224000000000000199e+00 -1.739939238158543511e-01
2.240000000000000213e+00 -1.398744126954846734e-01
2.256000000000000227e+00 -1.532094838195551256e-01
2.272000000000000242e+00 -1.915092473897214986e-01
2.288000000000000256e+00 -2.064252641742310435e-01
2.304000000000000270e+00 -1.796360275556070363e-01
2.319999999999999840e+00 -1.217506796984154788e-01
2.335999999999999854e+00 -4.652447661520441036e-02
2.351999999999999869e+00 4.541438457470810264e-02
2.367999999999999883e+00 1.614589471130661591e-01
2.383999999999999897e+00 2.869273050443857942e-01
2.399999999999999911e+00 3.871923449120035499e-01
2.415999999999999925e+00 4.433243618613877390e-01
2.431999999999999940e+00 4.488055708192665305e-01
2.447999999999999954e+00 3.947387927129039076e-01
2.463999999999999968e+00 2.900633419231985477e-01
2.479999999999999982e+00 1.621801141923296108e-01
2.495999999999999996e+00 3.115715568722182000e-02
