0.000000000000000000e+00 4.049796698966430597e+01
1.600000000000000033e-02 3.964156321910250114e+01
3.200000000000000067e-02 3.729151106120060177e+01
4.800000000000000100e-02 3.391807652064888146e+01
6.400000000000000133e-02 3.006827210117979732e+01
8.000000000000000167e-02 2.618676526282074235e+01
9.600000000000000200e-02 2.254480215110282870e+01
1.120000000000000023e-01 1.926298590676701750e+01
1.280000000000000027e-01 1.636803364983177289e+01
1.440000000000000169e-01 1.384051128174115419e+01
1.600000000000000033e-01 1.164370969005316603e+01
1.759999999999999898e-01 9.739825615628642907e+00
1.920000000000000040e-01 8.097755607872732853e+00
2.080000000000000182e-01 6.692241777035435213e+00
2.240000000000000047e-01 5.497752758314270238e+00
2.399999999999999911e-01 4.485860213263122453e+00
2.560000000000000053e-01 3.628401577692530466e+00
2.720000000000000195e-01 2.897429447295190919e+00
2.880000000000000338e-01 2.259211278876257278e+00
3.039999999999999925e-01 1.677389012476723007e+00
3.200000000000000067e-01 1.133666799234504863e+00
3.360000000000000209e-01 6.421606698128512480e-01
3.519999999999999796e-01 2.295416411506262244e-01
3.679999999999999938e-01 -1.021518121703105936e-01
3.840000000000000080e-01 -3.838809098150057220e-01
4.000000000000000222e-01 -6.503379865647146429e-01
4.160000000000000364e-01 -9.144149135719561450e-01
4.319999999999999951e-01 -1.174104405473755053e+00
4.480000000000000093e-01 -1.429775588045131052e+00
4.640000000000000235e-01 -1.681200489768721384e+00
4.799999999999999822e-01 -1.913939748950054476e+00
4.959999999999999964e-01 -2.104991127109547833e+00
5.120000000000000107e-01 -2.246426596373061191e+00
5.280000000000000249e-01 -2.353835065036592233e+00
5.440000000000000391e-01 -2.445809098588715536e+00
5.600000000000000533e-01 -2.524237128101955552e+00
5.760000000000000675e-01 -2.585153351059899851e+00
5.919999999999999707e-01 -2.642267265760475325e+00
6.079999999999999849e-01 -2.721629741906614885e+00
6.239999999999999991e-01 -2.826429547540456610e+00
6.400000000000000133e-01 -2.918820034579695744e+00
6.560000000000000275e-01 -2.949331637618410884e+00
6.720000000000000417e-01 -2.904039939956665872e+00
6.880000000000000560e-01 -2.816312816183106360e+00
7.039999999999999591e-01 -2.731608042735592878e+00
7.199999999999999734e-01 -2.666368356824400543e+00
7.359999999999999876e-01 -2.605705689143351655e+00
7.520000000000000018e-01 -2.539003172603001346e+00
7.680000000000000160e-01 -2.488997371298650840e+00
7.840000000000000302e-01 -2.496650223076451347e+00
8.000000000000000444e-01 -2.575166936528241912e+00
8.160000000000000586e-01 -2.683745098048189615e+00
8.320000000000000728e-01 -2.750950596974121254e+00
8.479999999999999760e-01 -2.724046621054051709e+00
8.639999999999999902e-01 -2.597402855180763748e+00
8.800000000000000044e-01 -2.402535254817232069e+00
8.960000000000000187e-01 -2.181789331287028677e+00
9.120000000000000329e-01 -1.970567900057480726e+00
9.280000000000000471e-01 -1.789379232997015734e+00
9.440000000000000613e-01 -1.639047915032865399e+00
9.599999999999999645e-01 -1.505191526562603022e+00
9.759999999999999787e-01 -1.376998753474062198e+00
9.919999999999999929e-01 -1.262930476110510902e+00
1.008000000000000007e+00 -1.180388317980246127e+00
1.024000000000000021e+00 -1.127288659530108372e+00
1.040000000000000036e+00 -1.072072019568376167e+00
1.056000000000000050e+00 -9.802275496943902988e-01
1.072000000000000064e+00 -8.478804773969556008e-01
1.088000000000000078e+00 -7.007045409814122161e-01
1.104000000000000092e+00 -5.613329774913344838e-01
1.120000000000000107e+00 -4.297508418397542052e-01
1.136000000000000121e+00 -2.983763685429886015e-01
1.152000000000000135e+00 -1.718730899083646957e-01
1.167999999999999927e+00 -6.047954018929723591e-02
1.183999999999999941e+00 3.838957632214574228e-02
1.199999999999999956e+00 1.387926838784127870e-01
1.215999999999999970e+00 2.483261025296777114e-01
1.231999999999999984e+00 3.621533014231274605e-01
1.247999999999999998e+00 4.760317390227492007e-01
1.264000000000000012e+00 5.961204917324645081e-01
1.280000000000000027e+00 7.304930914719807156e-01
1.296000000000000041e+00 8.747630901425658134e-01
1.312000000000000055e+00 1.010800940394588343e+00
1.328000000000000069e+00 1.118590111298945589e+00
1.344000000000000083e+00 1.186240801079137430e+00
1.360000000000000098e+00 1.209833174927659405e+00
1.376000000000000112e+00 1.190154044090271146e+00
1.392000000000000126e+00 1.135608462161601606e+00
1.407999999999999918e+00 1.067150154615221336e+00
1.423999999999999932e+00 1.012092491632069491e+00
1.439999999999999947e+00 9.853316710967053860e-01
1.455999999999999961e+00 9.761616266908514916e-01
1.471999999999999975e+00 9.584194713078182382e-01
1.487999999999999989e+00 9.166417699474775915e-01
1.504000000000000004e+00 8.607715579815682361e-01
1.520000000000000018e+00 8.136547787319169389e-01
1.536000000000000032e+00 7.866083401862500324e-01
1.552000000000000046e+00 7.707712706435776440e-01
1.568000000000000060e+00 7.507306109133006222e-01
1.584000000000000075e+00 7.194064545608301886e-01
1.600000000000000089e+00 6.746707274488515926e-01
1.616000000000000103e+00 6.067009792075871433e-01
1.632000000000000117e+00 5.011902626356639079e-01
1.648000000000000131e+00 3.609471827334286287e-01
1.664000000000000146e+00 2.162515231328863974e-01
1.679999999999999938e+00 1.032902385512265431e-01
1.695999999999999952e+00 3.378161399818363497e-02
1.711999999999999966e+00 -6.934867432807678526e-03
1.727999999999999980e+00 -3.614972799023340178e-02
1.743999999999999995e+00 -6.124854168770700602e-02
1.760000000000000009e+00 -9.112193271282049978e-02
1.776000000000000023e+00 -1.426826139605212040e-01
1.792000000000000037e+00 -2.229504724401262516e-01
1.808000000000000052e+00 -3.123264372745707673e-01
1.824000000000000066e+00 -3.803848287470801837e-01
1.840000000000000080e+00 -4.173992621377621837e-01
1.856000000000000094e+00 -4.375099488788207203e-01
1.872000000000000108e+00 -4.504020502911265655e-01
1.888000000000000123e+00 -4.464946433932843184e-01
1.904000000000000137e+00 -4.194505307737637634e-01
1.919999999999999929e+00 -3.920088119660758430e-01
1.935999999999999943e+00 -4.055301475167847891e-01
1.951999999999999957e+00 -4.836394758574884545e-01
1.967999999999999972e+00 -6.102834407152595286e-01
1.983999999999999986e+00 -7.406969532784520860e-01
2.000000000000000000e+00 -8.307322554995436592e-01
2.016000000000000014e+00 -8.610708150207232459e-01
2.032000000000000028e+00 -8.430103832089542726e-01
2.048000000000000043e+00 -8.064256053385751022e-01
2.064000000000000057e+00 -7.802621454323369621e-01
2.080000000000000071e+00 -7.777155153339857518e-01
2.096000000000000085e+00 -7.937815601785750408e-01
2.112000000000000099e+00 -8.161034274199655547e-01
2.128000000000000114e+00 -8.406785738143897069e-01
2.144000000000000128e+00 -8.767000127355540906e-01
2.160000000000000142e+00 -9.329610728734942793e-01
2.176000000000000156e+00 -9.999315133251599486e-01
2.192000000000000171e+00 -1.049901491672257103e+00
2.208000000000000185e+00 -1.057363714246963626e+00
2.224000000000000199e+00 -1.017477898484597354e+00
2.240000000000000213e+00 -9.437904969218141593e-01
2.256000000000000227e+00 -8.520445395230017427e-01
2.272000000000000242e+00 -7.514410226825735117e-01
2.288000000000000256e+00 -6.512962985726973297e-01
2.304000000000000270e+00 -5.688867267583301857e-01
2.319999999999999840e+00 -5.224679325036492017e-01
2.335999999999999854e+00 -5.143383978200148920e-01
2.351999999999999869e+00 -5.250582664977150316e-01
2.367999999999999883e+00 -5.287135109285086010e-01
2.383999999999999897e+00 -5.122767748876219107e-01
2.399999999999999911e+00 -4.750088716358038532e-01
2.415999999999999925e+00 -4.110228693041083070e-01
2.431999999999999940e+00 -3.061632134268852945e-01
2.447999999999999954e+00 -1.640624692486820912e-01
2.463999999999999968e+00 -2.856705147681925031e-02
2.479999999999999982e+00 3.944915219446254451e-02
2.495999999999999996e+00 1.657817489176703629e-02
