0.000000000000000000e+00 4.848846286710303133e+01
1.600000000000000033e-02 4.741792213190608862e+01
3.200000000000000067e-02 4.449080496912388583e+01
4.800000000000000100e-02 4.031570823484131694e+01
6.400000000000000133e-02 3.554720005185804865e+01
8.000000000000000167e-02 3.070764175985360467e+01
9.600000000000000200e-02 2.615480674284527396e+01
1.120000000000000023e-01 2.209470802393096278e+01
1.280000000000000027e-01 1.859933823621391014e+01
1.440000000000000169e-01 1.564318137265017761e+01
1.600000000000000033e-01 1.316249320368561548e+01
1.759999999999999898e-01 1.109544979961920674e+01
1.920000000000000040e-01 9.376923396179265069e+00
2.080000000000000182e-01 7.928581078696905315e+00
2.240000000000000047e-01 6.682613043160298361e+00
2.399999999999999911e-01 5.608643166699859073e+00
2.560000000000000053e-01 4.695034096777389365e+00
2.720000000000000195e-01 3.905751534075566411e+00
2.880000000000000338e-01 3.181021624467553544e+00
3.039999999999999925e-01 2.481593433605895793e+00
3.200000000000000067e-01 1.804122374700399378e+00
3.360000000000000209e-01 1.154396744178635803e+00
3.519999999999999796e-01 5.320607161282929765e-01
3.679999999999999938e-01 -6.269501691169480917e-02
3.840000000000000080e-01 -6.216391703163177684e-01
4.000000000000000222e-01 -1.126624201533872549e+00
4.160000000000000364e-01 -1.558854920804864097e+00
4.319999999999999951e-01 -1.908604218873155789e+00
4.480000000000000093e-01 -2.174371866301010758e+00
4.640000000000000235e-01 -2.366456438065082768e+00
4.799999999999999822e-01 -2.510983163589041389e+00
4.959999999999999964e-01 -2.635997019230840177e+00
5.120000000000000107e-01 -2.748523101327932761e+00
5.280000000000000249e-01 -2.825348082130847427e+00
5.440000000000000391e-01 -2.833736066970656609e+00
5.600000000000000533e-01 -2.767763078304051216e+00
5.760000000000000675e-01 -2.660034622940510296e+00
5.919999999999999707e-01 -2.557636739337384224e+00
6.079999999999999849e-01 -2.490558675654846343e+00
6.239999999999999991e-01 -2.462022036385511647e+00
6.400000000000000133e-01 -2.463758988346017365e+00
6.560000000000000275e-01 -2.486667207139359181e+00
6.720000000000000417e-01 -2.507611079388397446e+00
6.880000000000000560e-01 -2.486569709219853319e+00
7.039999999999999591e-01 -2.405297922808081523e+00
7.199999999999999734e-01 -2.303008259029503790e+00
7.359999999999999876e-01 -2.246312735683064332e+00
7.520000000000000018e-01 -2.257572373491930406e+00
7.680000000000000160e-01 -2.290594502935512811e+00
7.840000000000000302e-01 -2.288849913707627692e+00
8.000000000000000444e-01 -2.251405114721312550e+00
8.160000000000000586e-01 -2.219498491072354085e+00
8.320000000000000728e-01 -2.217845623909351804e+00
8.479999999999999760e-01 -2.240428726286386674e+00
8.639999999999999902e-01 -2.275513997906994934e+00
8.800000000000000044e-01 -2.308478635651476818e+00
8.960000000000000187e-01 -2.305241911060306848e+00
9.120000000000000329e-01 -2.229088521740469453e+00
9.280000000000000471e-01 -2.085217286696898764e+00
9.440000000000000613e-01 -1.920675055598006553e+00
9.599999999999999645e-01 -1.771650454907135241e+00
9.759999999999999787e-01 -1.632406983760189112e+00
9.919999999999999929e-01 -1.473359241933304808e+00
1.008000000000000007e+00 -1.275655006930580315e+00
1.024000000000000021e+00 -1.051033206146581245e+00
1.040000000000000036e+00 -8.299941369568687444e-01
1.056000000000000050e+00 -6.352253994134242632e-01
1.072000000000000064e+00 -4.729254748719496915e-01
1.088000000000000078e+00 -3.397793694704488998e-01
1.104000000000000092e+00 -2.249880980472984959e-01
1.120000000000000107e+00 -1.126089276347569945e-01
1.136000000000000121e+00 3.523518643743410797e-03
1.152000000000000135e+00 1.107824624265589808e-01
1.167999999999999927e+00 1.921478462486192473e-01
1.183999999999999941e+00 2.443676455351207200e-01
1.199999999999999956e+00 2.777854242650898975e-01
1.215999999999999970e+00 3.044622525239486510e-01
1.231999999999999984e+00 3.343638669041002487e-01
1.247999999999999998e+00 3.790560785028935231e-01
1.264000000000000012e+00 4.425601134616634069e-01
1.280000000000000027e+00 5.063954606375477008e-01
1.296000000000000041e+00 5.374107177690770065e-01
1.312000000000000055e+00 5.186697941086022556e-01
1.328000000000000069e+00 4.700110379072889311e-01
1.344000000000000083e+00 4.286344414751124265e-01
1.360000000000000098e+00 4.103461852572135027e-01
1.376000000000000112e+00 4.003814200005463286e-01
1.392000000000000126e+00 3.780127528621135546e-01
1.407999999999999918e+00 3.380518341544920258e-01
1.423999999999999932e+00 2.892368370152771373e-01
1.439999999999999947e+00 2.432252312369196368e-01
1.455999999999999961e+00 2.103049471511308777e-01
1.471999999999999975e+00 1.971494207429802803e-01
1.487999999999999989e+00 2.039908068398706142e-01
1.504000000000000004e+00 2.248095451695295288e-01
1.520000000000000018e+00 2.455568249000079084e-01
1.536000000000000032e+00 2.436720614353498071e-01
1.552000000000000046e+00 1.980230741303440345e-01
1.568000000000000060e+00 1.057341490577118764e-01
1.584000000000000075e+00 -1.009424400743071798e-02
1.600000000000000089e+00 -1.135389691324288214e-01
1.616000000000000103e+00 -1.773570277334602374e-01
1.632000000000000117e+00 -1.954858526476462022e-01
1.648000000000000131e+00 -1.857631793186373392e-01
1.664000000000000146e+00 -1.828926560083293795e-01
1.679999999999999938e+00 -2.199388719170658479e-01
1.695999999999999952e+00 -3.050130475059118496e-01
1.711999999999999966e+00 -4.104970354247687303e-01
1.727999999999999980e+00 -4.911272099106446798e-01
1.743999999999999995e+00 -5.176066716205781626e-01
1.760000000000000009e+00 -4.935291759093260455e-01
1.776000000000000023e+00 -4.428658177150081587e-01
1.792000000000000037e+00 -3.836416033664200587e-01
1.808000000000000052e+00 -3.176686483235394709e-01
1.824000000000000066e+00 -2.441072588017618172e-01
1.840000000000000080e+00 -1.739514476630193707e-01
1.856000000000000094e+00 -1.313546203397145395e-01
1.872000000000000108e+00 -1.440795448687137992e-01
1.888000000000000123e+00 -2.219898945401528600e-01
1.904000000000000137e+00 -3.343413074676863106e-01
1.919999999999999929e+00 -4.189327793194934091e-01
1.935999999999999943e+00 -4.282259840940576545e-01
1.951999999999999957e+00 -3.624672337231948926e-01
1.967999999999999972e+00 -2.546932841983589046e-01
1.983999999999999986e+00 -1.342726465984200590e-01
2.000000000000000000e+00 -1.053295537241737481e-02
2.016000000000000014e+00 1.112104616964491033e-01
2.032000000000000028e+00 2.093222036421586718e-01
2.048000000000000043e+00 2.539208910601809532e-01
2.064000000000000057e+00 2.272183063548958715e-01
2.080000000000000071e+00 1.275559402568706424e-01
2.096000000000000085e+00 -3.859272805806934076e-02
2.112000000000000099e+00 -2.611649733983499866e-01
2.128000000000000114e+00 -5.163176042653060405e-01
2.144000000000000128e+00 -7.543167109333971387e-01
2.160000000000000142e+00 -9.166054340048561677e-01
2.176000000000000156e+00 -9.726285645136244495e-01
2.192000000000000171e+00 -9.366587264246410971e-01
2.208000000000000185e+00 -8.507833231345995895e-01
2.224000000000000199e+00 -7.520596113374155012e-01
2.240000000000000213e+00 -6.556615736866215904e-01
2.256000000000000227e+00 -5.638282872737989670e-01
2.272000000000000242e+00 -4.762848876874269943e-01
2.288000000000000256e+00 -3.925293810728556210e-01
2.304000000000000270e+00 -3.195610831699296495e-01
2.319999999999999840e+00 -2.727597808233920840e-01
2.335999999999999854e+00 -2.597933870254487410e-01
2.351999999999999869e+00 -2.792716503265804673e-01
2.367999999999999883e+00 -3.327661375017542666e-01
2.383999999999999897e+00 -4.115367271544723704e-01
2.399999999999999911e+00 -4.793908701763514024e-01
2.415999999999999925e+00 -4.919762628945093530e-01
2.431999999999999940e+00 -4.314503060139350255e-01
2.447999999999999954e+00 -3.170461956340531740e-01
2.463999999999999968e+00 -1.841933860322158001e-01
2.479999999999999982e+00 -6.666361959454882025e-02
2.495999999999999996e+00 -2.991237671200053759e-03
