0.000000000000000000e+00 3.966513800390519862e+01
1.600000000000000033e-02 3.885997774158659723e+01
3.200000000000000067e-02 3.665782431852608170e+01
4.800000000000000100e-02 3.348466150705498023e+01
6.400000000000000133e-02 2.983633206919133229e+01
8.000000000000000167e-02 2.613453789354674228e+01
9.600000000000000200e-02 2.265871575743347321e+01
1.120000000000000023e-01 1.953934110929450796e+01
1.280000000000000027e-01 1.680180516229502530e+01
1.440000000000000169e-01 1.442620028250298603e+01
1.600000000000000033e-01 1.237543945196739870e+01
1.759999999999999898e-01 1.059752772391482800e+01
1.920000000000000040e-01 9.041976005366217706e+00
2.080000000000000182e-01 7.685208030948151858e+00
2.240000000000000047e-01 6.526054968343135698e+00
2.399999999999999911e-01 5.553163018407165197e+00
2.560000000000000053e-01 4.728458427089876182e+00
2.720000000000000195e-01 4.008241464024488110e+00
2.880000000000000338e-01 3.372646011401088550e+00
3.039999999999999925e-01 2.823340399827331648e+00
3.200000000000000067e-01 2.353058674537422679e+00
3.360000000000000209e-01 1.931728688508135727e+00
3.519999999999999796e-01 1.529778985639452804e+00
3.679999999999999938e-01 1.142383404672598690e+00
3.840000000000000080e-01 7.798351153687054227e-01
4.000000000000000222e-01 4.439914921257643865e-01
4.160000000000000364e-01 1.252726420863467527e-01
4.319999999999999951e-01 -1.862670653677579446e-01
4.480000000000000093e-01 -5.000763784336944573e-01
4.640000000000000235e-01 -8.288364289956955400e-01
4.799999999999999822e-01 -1.175629771000597845e+00
4.959999999999999964e-01 -1.515157509497023769e+00
5.120000000000000107e-01 -1.805600432910486441e+00
5.280000000000000249e-01 -2.030659490981359561e+00
5.440000000000000391e-01 -2.215275845135274757e+00
5.600000000000000533e-01 -2.385039790739139853e+00
5.760000000000000675e-01 -2.527558039426074377e+00
5.919999999999999707e-01 -2.615703295443497112e+00
6.079999999999999849e-01 -2.650989250610316983e+00
6.239999999999999991e-01 -2.656121268364881605e+00
6.400000000000000133e-01 -2.640195779580886803e+00
6.560000000000000275e-01 -2.600564852014437989e+00
6.720000000000000417e-01 -2.546382878337069666e+00
6.880000000000000560e-01 -2.492584288113301572e+00
7.039999999999999591e-01 -2.438046631479585002e+00
7.199999999999999734e-01 -2.368384081027178567e+00
7.359999999999999876e-01 -2.273545030896845898e+00
7.520000000000000018e-01 -2.154337339245845584e+00
7.680000000000000160e-01 -2.022625972846908482e+00
7.840000000000000302e-01 -1.898889879636013855e+00
8.000000000000000444e-01 -1.796629225097256199e+00
8.160000000000000586e-01 -1.706423668569552632e+00
8.320000000000000728e-01 -1.606044981392270810e+00
8.479999999999999760e-01 -1.488309374740767188e+00
8.639999999999999902e-01 -1.372615275150834480e+00
8.800000000000000044e-01 -1.287940033505246884e+00
8.960000000000000187e-01 -1.246093920696547341e+00
9.120000000000000329e-01 -1.230897946819415001e+00
9.280000000000000471e-01 -1.213148718083562505e+00
9.440000000000000613e-01 -1.174970885853846569e+00
9.599999999999999645e-01 -1.118141657785421295e+00
9.759999999999999787e-01 -1.053236248903024919e+00
9.919999999999999929e-01 -9.861236172784804133e-01
1.008000000000000007e+00 -9.114375967733707729e-01
1.024000000000000021e+00 -8.147033546894238976e-01
1.040000000000000036e+00 -6.859473313555829455e-01
1.056000000000000050e+00 -5.357184440511779666e-01
1.072000000000000064e+00 -3.920250832238048599e-01
1.088000000000000078e+00 -2.757188402053152854e-01
1.104000000000000092e+00 -1.816688700378624177e-01
1.120000000000000107e+00 -8.873765378879897026e-02
1.136000000000000121e+00 1.359552995667926908e-02
1.152000000000000135e+00 1.156234302603149633e-01
1.167999999999999927e+00 2.059402608286708403e-01
1.183999999999999941e+00 2.887053522561124352e-01
1.199999999999999956e+00 3.744418759200317526e-01
1.215999999999999970e+00 4.657168502191032511e-01
1.231999999999999984e+00 5.628763225427922956e-01
1.247999999999999998e+00 6.677656162167819875e-01
1.264000000000000012e+00 7.677886409533434264e-01
1.280000000000000027e+00 8.374199437528113688e-01
1.296000000000000041e+00 8.730582021996183828e-01
1.312000000000000055e+00 9.030770629850498610e-01
1.328000000000000069e+00 9.464667747149920762e-01
1.344000000000000083e+00 9.894410903669847990e-01
1.360000000000000098e+00 1.021098128085498935e+00
1.376000000000000112e+00 1.061525458028260926e+00
1.392000000000000126e+00 1.131191371614478580e+00
1.407999999999999918e+00 1.214627383865400923e+00
1.423999999999999932e+00 1.273697067574041331e+00
1.439999999999999947e+00 1.282447177070871858e+00
1.455999999999999961e+00 1.238111259287406618e+00
1.471999999999999975e+00 1.150761164143663917e+00
1.487999999999999989e+00 1.033179856367313354e+00
1.504000000000000004e+00 8.983659418686337217e-01
1.520000000000000018e+00 7.619252810985468471e-01
1.536000000000000032e+00 6.414525416904512944e-01
1.552000000000000046e+00 5.493245664490574720e-01
1.568000000000000060e+00 4.896577976867587667e-01
1.584000000000000075e+00 4.650822716963289860e-01
1.600000000000000089e+00 4.786683732093910959e-01
1.616000000000000103e+00 5.237050683578698962e-01
1.632000000000000117e+00 5.781836079242963500e-01
1.648000000000000131e+00 6.142338894230986446e-01
1.664000000000000146e+00 6.094676174048824224e-01
1.679999999999999938e+00 5.508647424902664014e-01
1.695999999999999952e+00 4.390488454243636762e-01
1.711999999999999966e+00 2.962193638214913327e-01
1.727999999999999980e+00 1.647070836980337183e-01
1.743999999999999995e+00 8.617810690212236724e-02
1.760000000000000009e+00 7.512176706127639270e-02
1.776000000000000023e+00 1.127873304018751494e-01
1.792000000000000037e+00 1.662962484544230346e-01
1.808000000000000052e+00 2.098756783819738791e-01
1.824000000000000066e+00 2.323234169270418925e-01
1.840000000000000080e+00 2.371000784434917352e-01
1.856000000000000094e+00 2.381720416956379649e-01
1.872000000000000108e+00 2.486584692941989916e-01
1.888000000000000123e+00 2.745146455847105593e-01
1.904000000000000137e+00 3.200973451824097871e-01
1.919999999999999929e+00 3.844279584384698856e-01
1.935999999999999943e+00 4.446801580818361965e-01
1.951999999999999957e+00 4.641577721698453285e-01
1.967999999999999972e+00 4.290170133950312326e-01
1.983999999999999986e+00 3.582897446913820838e-01
2.000000000000000000e+00 2.699405784612665116e-01
2.016000000000000014e+00 1.610146568847039272e-01
2.032000000000000028e+00 3.067633688899269392e-02
2.048000000000000043e+00 -9.995253641999185534e-02
2.064000000000000057e+00 -2.014122248307559648e-01
2.080000000000000071e+00 -2.555787731934931473e-01
2.096000000000000085e+00 -2.615021089968541657e-01
2.112000000000000099e+00 -2.379176543223214257e-01
2.128000000000000114e+00 -2.202914544730877333e-01
2.144000000000000128e+00 -2.399508188062066116e-01
2.160000000000000142e+00 -2.992999107571495121e-01
2.176000000000000156e+00 -3.709265608624339183e-01
2.192000000000000171e+00 -4.233852036962429399e-01
2.208000000000000185e+00 -4.474626194659637735e-01
2.224000000000000199e+00 -4.553459450812402109e-01
2.240000000000000213e+00 -4.556264594232450893e-01
2.256000000000000227e+00 -4.399859600803139870e-01
2.272000000000000242e+00 -4.017162848157387889e-01
2.288000000000000256e+00 -3.545118697727904777e-01
2.304000000000000270e+00 -3.166745927908631297e-01
2.319999999999999840e+00 -2.835598505525143698e-01
2.335999999999999854e+00 -2.341287497642995652e-01
2.351999999999999869e+00 -1.660590233452776676e-01
2.367999999999999883e+00 -1.102884167408671595e-01
2.383999999999999897e+00 -1.039406063295469085e-01
2.399999999999999911e+00 -1.548864248300785562e-01
2.415999999999999925e+00 -2.368890033467458134e-01
2.431999999999999940e+00 -3.101875693585182114e-01
2.447999999999999954e+00 -3.372698970289770282e-01
2.463999999999999968e+00 -2.914443971938849298e-01
2.479999999999999982e+00 -1.753394084580314483e-01
2.495999999999999996e+00 -3.265925741911980540e-02
