0.000000000000000000e+00 4.929636028740596032e+01
1.600000000000000033e-02 4.827328250101875540e+01
3.200000000000000067e-02 4.546010885180989192e+01
4.800000000000000100e-02 4.141928975921857159e+01
6.400000000000000133e-02 3.677232594603822236e+01
8.000000000000000167e-02 3.203926037114747771e+01
9.600000000000000200e-02 2.759009376301089489e+01
1.120000000000000023e-01 2.362493483601458877e+01
1.280000000000000027e-01 2.018204557059145898e+01
1.440000000000000169e-01 1.720170309293503763e+01
1.600000000000000033e-01 1.460732508415211051e+01
1.759999999999999898e-01 1.234476895163532539e+01
1.920000000000000040e-01 1.038770532199060703e+01
2.080000000000000182e-01 8.731498565085077601e+00
2.240000000000000047e-01 7.367435675046562160e+00
2.399999999999999911e-01 6.255789726230545078e+00
2.560000000000000053e-01 5.329090486280700922e+00
2.720000000000000195e-01 4.519815080504681504e+00
2.880000000000000338e-01 3.785283703620212492e+00
3.039999999999999925e-01 3.106953511744178442e+00
3.200000000000000067e-01 2.471185222355081201e+00
3.360000000000000209e-01 1.863203562565419524e+00
3.519999999999999796e-01 1.279270081092386935e+00
3.679999999999999938e-01 7.276762224882636909e-01
3.840000000000000080e-01 2.093966513084033476e-01
4.000000000000000222e-01 -2.829073960880602034e-01
4.160000000000000364e-01 -7.369967533425518802e-01
4.319999999999999951e-01 -1.124579130057182130e+00
4.480000000000000093e-01 -1.440845209982312580e+00
4.640000000000000235e-01 -1.703150129797316836e+00
4.799999999999999822e-01 -1.913239992052141680e+00
4.959999999999999964e-01 -2.058707771837006817e+00
5.120000000000000107e-01 -2.148937715583984609e+00
5.280000000000000249e-01 -2.218677497603874560e+00
5.440000000000000391e-01 -2.290327694187545227e+00
5.600000000000000533e-01 -2.357066065714756853e+00
5.760000000000000675e-01 -2.411906082163243425e+00
5.919999999999999707e-01 -2.465056231079162608e+00
6.079999999999999849e-01 -2.520150431534730728e+00
6.239999999999999991e-01 -2.559272189070185277e+00
6.400000000000000133e-01 -2.566874999738473662e+00
6.560000000000000275e-01 -2.552542942593532427e+00
6.720000000000000417e-01 -2.532814245031398404e+00
6.880000000000000560e-01 -2.502016438400224363e+00
7.039999999999999591e-01 -2.441915244385514772e+00
7.199999999999999734e-01 -2.348281974089472257e+00
7.359999999999999876e-01 -2.229446800041152699e+00
7.520000000000000018e-01 -2.094582026883467840e+00
7.680000000000000160e-01 -1.961240296288091933e+00
7.840000000000000302e-01 -1.862575802694140581e+00
8.000000000000000444e-01 -1.827593568540090141e+00
8.160000000000000586e-01 -1.853507201746786404e+00
8.320000000000000728e-01 -1.906915078649072059e+00
8.479999999999999760e-01 -1.943295664998223593e+00
8.639999999999999902e-01 -1.913436874014364353e+00
8.800000000000000044e-01 -1.773156066139375930e+00
8.960000000000000187e-01 -1.518243194301165833e+00
9.120000000000000329e-01 -1.205087785728504945e+00
9.280000000000000471e-01 -9.104669905553035569e-01
9.440000000000000613e-01 -6.682332198801845813e-01
9.599999999999999645e-01 -4.627834238075296258e-01
9.759999999999999787e-01 -2.716748383809494682e-01
9.919999999999999929e-01 -8.385805744865759692e-02
1.008000000000000007e+00 1.095084956792807540e-01
1.024000000000000021e+00 3.033476020170303156e-01
1.040000000000000036e+00 4.594406090275222621e-01
1.056000000000000050e+00 5.321299993658772376e-01
1.072000000000000064e+00 5.232772298753103346e-01
1.088000000000000078e+00 4.895120093597593036e-01
1.104000000000000092e+00 4.881216951791803593e-01
1.120000000000000107e+00 5.331135761215370916e-01
1.136000000000000121e+00 6.050199381938353715e-01
1.152000000000000135e+00 6.876878266256820638e-01
1.167999999999999927e+00 7.845014946226240848e-01
1.183999999999999941e+00 9.008797662371651471e-01
1.199999999999999956e+00 1.030101118068265764e+00
1.215999999999999970e+00 1.161009650233064461e+00
1.231999999999999984e+00 1.282070654725142811e+00
1.247999999999999998e+00 1.384119735252022698e+00
1.264000000000000012e+00 1.474941109586165755e+00
1.280000000000000027e+00 1.573756185352002568e+00
1.296000000000000041e+00 1.677044515543025360e+00
1.312000000000000055e+00 1.752452504792265664e+00
1.328000000000000069e+00 1.782702745819646939e+00
1.344000000000000083e+00 1.790386214464829484e+00
1.360000000000000098e+00 1.799102343804635851e+00
1.376000000000000112e+00 1.799688703319104688e+00
1.392000000000000126e+00 1.780693413958832405e+00
1.407999999999999918e+00 1.764280232912343926e+00
1.423999999999999932e+00 1.785295800847821468e+00
1.439999999999999947e+00 1.851327229967868693e+00
1.455999999999999961e+00 1.940667217237323383e+00
1.471999999999999975e+00 2.026963180658184260e+00
1.487999999999999989e+00 2.089102972786159196e+00
1.504000000000000004e+00 2.108034051929568609e+00
1.520000000000000018e+00 2.078467163364746462e+00
1.536000000000000032e+00 2.023401931716894531e+00
1.552000000000000046e+00 1.978751224766983841e+00
1.568000000000000060e+00 1.959471936403303971e+00
1.584000000000000075e+00 1.949731842191962716e+00
1.600000000000000089e+00 1.923837132177374620e+00
1.616000000000000103e+00 1.860059649054931707e+00
1.632000000000000117e+00 1.737417337245306781e+00
1.648000000000000131e+00 1.546026476618856949e+00
1.664000000000000146e+00 1.303882127087361731e+00
1.679999999999999938e+00 1.045371752183751779e+00
1.695999999999999952e+00 7.926956216262741606e-01
1.711999999999999966e+00 5.481720059710777360e-01
1.727999999999999980e+00 3.166413370442116570e-01
1.743999999999999995e+00 1.225012533778348789e-01
1.760000000000000009e+00 -1.286586551288808160e-02
1.776000000000000023e+00 -9.661108397440495987e-02
1.792000000000000037e+00 -1.474446560532969019e-01
1.808000000000000052e+00 -1.764366854794743034e-01
1.824000000000000066e+00 -2.006620468112677025e-01
1.840000000000000080e+00 -2.430301402552719203e-01
1.856000000000000094e+00 -3.023688547197199150e-01
1.872000000000000108e+00 -3.552549761688419405e-01
1.888000000000000123e+00 -3.977569379766756619e-01
1.904000000000000137e+00 -4.469519225438870480e-01
1.919999999999999929e+00 -4.900678280012985000e-01
1.935999999999999943e+00 -4.754565554507252934e-01
1.951999999999999957e+00 -3.713175661124099580e-01
1.967999999999999972e+00 -2.050163531506183912e-01
1.983999999999999986e+00 -3.783449823382140781e-02
2.000000000000000000e+00 7.793811028023954479e-02
2.016000000000000014e+00 1.187100330540325627e-01
2.032000000000000028e+00 9.419664981293808526e-02
2.048000000000000043e+00 4.465676428388584002e-02
2.064000000000000057e+00 2.027542229931230539e-02
2.080000000000000071e+00 4.945339600626010718e-02
2.096000000000000085e+00 1.207398039943104601e-01
2.112000000000000099e+00 1.967646692347696513e-01
2.128000000000000114e+00 2.512391621381039331e-01
2.144000000000000128e+00 2.840335115002719513e-01
2.160000000000000142e+00 3.010337877631624748e-01
2.176000000000000156e+00 3.069961011131113748e-01
2.192000000000000171e+00 3.179031401185932748e-01
2.208000000000000185e+00 3.484007654121899500e-01
2.224000000000000199e+00 3.872707516909759118e-01
2.240000000000000213e+00 4.093884014701312801e-01
2.256000000000000227e+00 4.091173392666730413e-01
2.272000000000000242e+00 4.006020411763999145e-01
2.288000000000000256e+00 3.897573915845267134e-01
2.304000000000000270e+00 3.724738304083838880e-01
2.319999999999999840e+00 3.539631899409437232e-01
2.335999999999999854e+00 3.376803703378057353e-01
2.351999999999999869e+00 3.018720613292776855e-01
2.367999999999999883e+00 2.207178812236162135e-01
2.383999999999999897e+00 1.088796359207519771e-01
2.399999999999999911e+00 1.523744343673902497e-02
2.415999999999999925e+00 -3.433937480299796563e-02
2.431999999999999940e+00 -5.707589535410431680e-02
2.447999999999999954e+00 -6.985016343431986463e-02
2.463999999999999968e+00 -6.511204965016602342e-02
2.479999999999999982e+00 -3.835418305966350333e-02
2.495999999999999996e+00 -6.199216320373463450e-03
