0.000000000000000000e+00 4.037031650866012455e+01
1.600000000000000033e-02 3.951747739518996383e+01
3.200000000000000067e-02 3.717747457827218227e+01
4.800000000000000100e-02 3.381728067798662352e+01
6.400000000000000133e-02 2.997298072856615292e+01
8.000000000000000167e-02 2.607778077816421458e+01
9.600000000000000200e-02 2.240722923184107174e+01
1.120000000000000023e-01 1.910332741226553921e+01
1.280000000000000027e-01 1.620832476802863198e+01
1.440000000000000169e-01 1.371220368369428400e+01
1.600000000000000033e-01 1.159737746047155227e+01
1.759999999999999898e-01 9.824965535317470966e+00
1.920000000000000040e-01 8.329175622201180573e+00
2.080000000000000182e-01 7.064012645554591963e+00
2.240000000000000047e-01 5.988574152750636870e+00
2.399999999999999911e-01 5.028322269910620257e+00
2.560000000000000053e-01 4.138113557700222600e+00
2.720000000000000195e-01 3.329005519566091920e+00
2.880000000000000338e-01 2.593757778232845812e+00
3.039999999999999925e-01 1.916934160022282230e+00
3.200000000000000067e-01 1.317193344633945218e+00
3.360000000000000209e-01 7.895942089115722817e-01
3.519999999999999796e-01 3.102071177743576658e-01
3.679999999999999938e-01 -9.791952692419200743e-02
3.840000000000000080e-01 -4.236464652500000483e-01
4.000000000000000222e-01 -7.091127406798480859e-01
4.160000000000000364e-01 -9.683730290255163631e-01
4.319999999999999951e-01 -1.193210733766097986e+00
4.480000000000000093e-01 -1.416206544682677038e+00
4.640000000000000235e-01 -1.660814933558847128e+00
4.799999999999999822e-01 -1.910896179318666732e+00
4.959999999999999964e-01 -2.154979175273072922e+00
5.120000000000000107e-01 -2.365155797047352237e+00
5.280000000000000249e-01 -2.487413272541882492e+00
5.440000000000000391e-01 -2.518530427017899864e+00
5.600000000000000533e-01 -2.510159656011451634e+00
5.760000000000000675e-01 -2.494654209567021219e+00
5.919999999999999707e-01 -2.481480782853938472e+00
6.079999999999999849e-01 -2.485708080469535730e+00
6.239999999999999991e-01 -2.510979122027412913e+00
6.400000000000000133e-01 -2.543394672607431239e+00
6.560000000000000275e-01 -2.572577881945244282e+00
6.720000000000000417e-01 -2.593465945460397215e+00
6.880000000000000560e-01 -2.598901194770768974e+00
7.039999999999999591e-01 -2.585575252156825155e+00
7.199999999999999734e-01 -2.556081293271898591e+00
7.359999999999999876e-01 -2.510257159584097675e+00
7.520000000000000018e-01 -2.444282957565412140e+00
7.680000000000000160e-01 -2.361953651547947786e+00
7.840000000000000302e-01 -2.284614165055504298e+00
8.000000000000000444e-01 -2.245451385984126524e+00
8.160000000000000586e-01 -2.257331170495990413e+00
8.320000000000000728e-01 -2.287533085805613098e+00
8.479999999999999760e-01 -2.293684096016880947e+00
8.639999999999999902e-01 -2.267247861982274681e+00
8.800000000000000044e-01 -2.209849028272143467e+00
8.960000000000000187e-01 -2.123192175946551075e+00
9.120000000000000329e-01 -2.045562033245809097e+00
9.280000000000000471e-01 -2.018655019900861713e+00
9.440000000000000613e-01 -2.032717971125260537e+00
9.599999999999999645e-01 -2.063812685780256118e+00
9.759999999999999787e-01 -2.087310547541651129e+00
9.919999999999999929e-01 -2.045438142353397826e+00
1.008000000000000007e+00 -1.912787149344088888e+00
1.024000000000000021e+00 -1.739646823529686692e+00
1.040000000000000036e+00 -1.559433745205065502e+00
1.056000000000000050e+00 -1.366513332427248928e+00
1.072000000000000064e+00 -1.174611522936836572e+00
1.088000000000000078e+00 -9.796864798917076511e-01
1.104000000000000092e+00 -7.523923315785410182e-01
1.120000000000000107e+00 -5.169594992627482011e-01
1.136000000000000121e+00 -3.176318711512716164e-01
1.152000000000000135e+00 -1.523515905110533475e-01
1.167999999999999927e+00 -2.436237440507336635e-02
1.183999999999999941e+00 5.392911639516703715e-02
1.199999999999999956e+00 1.165587069113031282e-01
1.215999999999999970e+00 1.893370002539118691e-01
1.231999999999999984e+00 2.452167546259166053e-01
1.247999999999999998e+00 2.731747148671896386e-01
1.264000000000000012e+00 2.953844685805052661e-01
1.280000000000000027e+00 3.219565385832248716e-01
1.296000000000000041e+00 3.612568471190756303e-01
1.312000000000000055e+00 4.266106011469683046e-01
1.328000000000000069e+00 5.048179286658364129e-01
1.344000000000000083e+00 5.702838349540283458e-01
1.360000000000000098e+00 6.225386463053785846e-01
1.376000000000000112e+00 6.744660730623978084e-01
1.392000000000000126e+00 7.223714807406479421e-01
1.407999999999999918e+00 7.492265092690166828e-01
1.423999999999999932e+00 7.493052912095777840e-01
1.439999999999999947e+00 7.380434236662259950e-01
1.455999999999999961e+00 7.366165617259106124e-01
1.471999999999999975e+00 7.521589129191290635e-01
1.487999999999999989e+00 7.760055146014415151e-01
1.504000000000000004e+00 7.980810822405364213e-01
1.520000000000000018e+00 8.113754309471195025e-01
1.536000000000000032e+00 8.048401485583974724e-01
1.552000000000000046e+00 7.773311753552527570e-01
1.568000000000000060e+00 7.453918401659263004e-01
1.584000000000000075e+00 7.093918400384217060e-01
1.600000000000000089e+00 6.545813109897170579e-01
1.616000000000000103e+00 5.936424468957429701e-01
1.632000000000000117e+00 5.398929263409228962e-01
1.648000000000000131e+00 4.750540543874434696e-01
1.664000000000000146e+00 4.035455682166506075e-01
1.679999999999999938e+00 3.535805738207998816e-01
1.695999999999999952e+00 3.152520475238309028e-01
1.711999999999999966e+00 2.728521726613319376e-01
1.727999999999999980e+00 2.321392278606681514e-01
1.743999999999999995e+00 1.662724301707854957e-01
1.760000000000000009e+00 5.403484075579760570e-02
1.776000000000000023e+00 -6.084393305139852715e-02
1.792000000000000037e+00 -1.530020928960169613e-01
1.808000000000000052e+00 -2.490820395321964864e-01
1.824000000000000066e+00 -3.482660482749804221e-01
1.840000000000000080e+00 -4.387917763453584308e-01
1.856000000000000094e+00 -5.373559378071045556e-01
1.872000000000000108e+00 -6.352638194003300542e-01
1.888000000000000123e+00 -7.116893356988863717e-01
1.904000000000000137e+00 -7.887032519822970711e-01
1.919999999999999929e+00 -8.790729207516236876e-01
1.935999999999999943e+00 -9.592622883313531856e-01
1.951999999999999957e+00 -1.027111907938353275e+00
1.967999999999999972e+00 -1.088639131795363868e+00
1.983999999999999986e+00 -1.118239794707987400e+00
2.000000000000000000e+00 -1.103699786461898258e+00
2.016000000000000014e+00 -1.076448993380318297e+00
2.032000000000000028e+00 -1.073063330040917140e+00
2.048000000000000043e+00 -1.108220158173584213e+00
2.064000000000000057e+00 -1.169810082761375325e+00
2.080000000000000071e+00 -1.216106181701183120e+00
2.096000000000000085e+00 -1.201638038314275736e+00
2.112000000000000099e+00 -1.118728726214290647e+00
2.128000000000000114e+00 -1.001241394216089153e+00
2.144000000000000128e+00 -8.872255691813348832e-01
2.160000000000000142e+00 -7.900943265500011137e-01
2.176000000000000156e+00 -7.050766093392971667e-01
2.192000000000000171e+00 -6.299294874325520599e-01
2.208000000000000185e+00 -5.709653585104313978e-01
2.224000000000000199e+00 -5.237012238013831755e-01
2.240000000000000213e+00 -4.627785445845524204e-01
2.256000000000000227e+00 -3.794121003444534401e-01
2.272000000000000242e+00 -3.012209301721567867e-01
2.288000000000000256e+00 -2.452401747426561085e-01
2.304000000000000270e+00 -2.035452742111122093e-01
2.319999999999999840e+00 -1.760362312077239366e-01
2.335999999999999854e+00 -1.503764012392552196e-01
2.351999999999999869e+00 -9.835362123331110873e-02
2.367999999999999883e+00 -3.585288366008145683e-02
2.383999999999999897e+00 4.641242003578576088e-03
2.399999999999999911e+00 4.111032203490549292e-02
2.415999999999999925e+00 8.741584684267859895e-02
2.431999999999999940e+00 1.198313689263139220e-01
2.447999999999999954e+00 1.387387040831261353e-01
2.463999999999999968e+00 1.458064985574700489e-01
2.479999999999999982e+00 1.057891769702198198e-01
2.495999999999999996e+00 2.178750602793358762e-02
