0.000000000000000000e+00 4.086347778853657076e+01
1.600000000000000033e-02 3.998036793984560688e+01
3.200000000000000067e-02 3.756128984222628020e+01
4.800000000000000100e-02 3.409989086552165105e+01
6.400000000000000133e-02 3.014646606621341718e+01
8.000000000000000167e-02 2.613796869664503575e+01
9.600000000000000200e-02 2.236038935817970952e+01
1.120000000000000023e-01 1.897532828169678254e+01
1.280000000000000027e-01 1.604346276958705175e+01
1.440000000000000169e-01 1.354943694534734533e+01
1.600000000000000033e-01 1.144399294497733344e+01
1.759999999999999898e-01 9.678874025760796584e+00
1.920000000000000040e-01 8.210533520165506971e+00
2.080000000000000182e-01 6.991824577365225224e+00
2.240000000000000047e-01 5.978112437661668110e+00
2.399999999999999911e-01 5.135367475644475377e+00
2.560000000000000053e-01 4.427156363742743572e+00
2.720000000000000195e-01 3.797847950784370319e+00
2.880000000000000338e-01 3.187998672950186130e+00
3.039999999999999925e-01 2.572748391164763060e+00
3.200000000000000067e-01 1.972741833310119652e+00
3.360000000000000209e-01 1.419968980429634042e+00
3.519999999999999796e-01 9.230145193857551833e-01
3.679999999999999938e-01 4.738686295344443078e-01
3.840000000000000080e-01 7.615084551958919978e-02
4.000000000000000222e-01 -2.523997638732373150e-01
4.160000000000000364e-01 -5.048013224844870583e-01
4.319999999999999951e-01 -6.961172932641429556e-01
4.480000000000000093e-01 -8.459954518983593408e-01
4.640000000000000235e-01 -9.647252648328387137e-01
4.799999999999999822e-01 -1.065118743573590043e+00
4.959999999999999964e-01 -1.174272777930638112e+00
5.120000000000000107e-01 -1.316809337142629488e+00
5.280000000000000249e-01 -1.490622041333534931e+00
5.440000000000000391e-01 -1.673154326249241874e+00
5.600000000000000533e-01 -1.849294150486145760e+00
5.760000000000000675e-01 -2.018519809310223678e+00
5.919999999999999707e-01 -2.174865353896813236e+00
6.079999999999999849e-01 -2.298146711563863409e+00
6.239999999999999991e-01 -2.374808904279955613e+00
6.400000000000000133e-01 -2.416904076488832320e+00
6.560000000000000275e-01 -2.449515972192658264e+00
6.720000000000000417e-01 -2.484531702489580329e+00
6.880000000000000560e-01 -2.515563041812032274e+00
7.039999999999999591e-01 -2.533409388772115189e+00
7.199999999999999734e-01 -2.533599665366558895e+00
7.359999999999999876e-01 -2.508020886968962859e+00
7.520000000000000018e-01 -2.443319949776586064e+00
7.680000000000000160e-01 -2.338290448206604033e+00
7.840000000000000302e-01 -2.216982952655509376e+00
8.000000000000000444e-01 -2.112084807507677464e+00
8.160000000000000586e-01 -2.033810271879824327e+00
8.320000000000000728e-01 -1.963920028141942664e+00
8.479999999999999760e-01 -1.881595123929661328e+00
8.639999999999999902e-01 -1.783554612202000511e+00
8.800000000000000044e-01 -1.673214006565629353e+00
8.960000000000000187e-01 -1.543957380201287144e+00
9.120000000000000329e-01 -1.388912389759382915e+00
9.280000000000000471e-01 -1.222554282013377680e+00
9.440000000000000613e-01 -1.076392281496378667e+00
9.599999999999999645e-01 -9.698616527435868218e-01
9.759999999999999787e-01 -8.947799638512619058e-01
9.919999999999999929e-01 -8.301040806794468541e-01
1.008000000000000007e+00 -7.615878381306980804e-01
1.024000000000000021e+00 -6.823489385239444038e-01
1.040000000000000036e+00 -5.852948705088124592e-01
1.056000000000000050e+00 -4.683312705427170597e-01
1.072000000000000064e+00 -3.454079761651766556e-01
1.088000000000000078e+00 -2.394242182734533375e-01
1.104000000000000092e+00 -1.582253759968626217e-01
1.120000000000000107e+00 -8.448196330458233871e-02
1.136000000000000121e+00 5.485329423740828610e-03
1.152000000000000135e+00 1.189886402848174818e-01
1.167999999999999927e+00 2.476136886563569950e-01
1.183999999999999941e+00 3.806905480531668218e-01
1.199999999999999956e+00 5.063282430657674027e-01
1.215999999999999970e+00 6.051020838788155887e-01
1.231999999999999984e+00 6.601664063038158448e-01
1.247999999999999998e+00 6.776659658559309740e-01
1.264000000000000012e+00 6.839976252471635654e-01
1.280000000000000027e+00 6.962150918122425036e-01
1.296000000000000041e+00 7.064130505735218835e-01
1.312000000000000055e+00 7.031055452937852168e-01
1.328000000000000069e+00 6.938617914593721014e-01
1.344000000000000083e+00 6.901862453816204335e-01
1.360000000000000098e+00 6.795835569096647655e-01
1.376000000000000112e+00 6.372920139307033383e-01
1.392000000000000126e+00 5.688668619114567448e-01
1.407999999999999918e+00 5.185004606530054794e-01
1.423999999999999932e+00 5.217342298176810278e-01
1.439999999999999947e+00 5.638177267369836043e-01
1.455999999999999961e+00 5.995303875994069109e-01
1.471999999999999975e+00 6.039450155217948035e-01
1.487999999999999989e+00 5.864909159516108472e-01
1.504000000000000004e+00 5.619430167776273688e-01
1.520000000000000018e+00 5.299903183988663447e-01
1.536000000000000032e+00 4.864369144805237855e-01
1.552000000000000046e+00 4.347818398102054616e-01
1.568000000000000060e+00 3.773407719103414326e-01
1.584000000000000075e+00 3.100764301470876338e-01
1.600000000000000089e+00 2.383920429699628585e-01
1.616000000000000103e+00 1.851638371895769075e-01
1.632000000000000117e+00 1.657951296646152095e-01
1.648000000000000131e+00 1.624679986238463381e-01
1.664000000000000146e+00 1.433902427422568404e-01
1.679999999999999938e+00 1.073398783831133879e-01
1.695999999999999952e+00 8.856713832954726806e-02
1.711999999999999966e+00 1.108920186044677209e-01
1.727999999999999980e+00 1.547250730527579832e-01
1.743999999999999995e+00 1.804116209084746791e-01
1.760000000000000009e+00 1.693663512655249892e-01
1.776000000000000023e+00 1.287987640980007287e-01
1.792000000000000037e+00 7.005635991074751767e-02
1.808000000000000052e+00 2.655510606229318296e-03
1.824000000000000066e+00 -5.720540750123731533e-02
1.840000000000000080e+00 -9.547628044029012051e-02
1.856000000000000094e+00 -1.208874113586907856e-01
1.872000000000000108e+00 -1.580818393504791752e-01
1.888000000000000123e+00 -2.114528632125564356e-01
1.904000000000000137e+00 -2.498190365418477554e-01
1.919999999999999929e+00 -2.398463267884761441e-01
1.935999999999999943e+00 -1.862344960175932318e-01
1.951999999999999957e+00 -1.237401972681138190e-01
1.967999999999999972e+00 -7.275532335906281789e-02
1.983999999999999986e+00 -2.024061178331794039e-02
2.000000000000000000e+00 5.115928485966861339e-02
2.016000000000000014e+00 1.313796797062473376e-01
2.032000000000000028e+00 1.916490232872939403e-01
2.048000000000000043e+00 2.152487645305196651e-01
2.064000000000000057e+00 2.090274271620796709e-01
2.080000000000000071e+00 1.933092593490432221e-01
2.096000000000000085e+00 1.922422338460915148e-01
2.112000000000000099e+00 2.238972674943424945e-01
2.128000000000000114e+00 2.807875568471169814e-01
2.144000000000000128e+00 3.236353243815605074e-01
2.160000000000000142e+00 3.162972827527354425e-01
2.176000000000000156e+00 2.736312745706188654e-01
2.192000000000000171e+00 2.586581362564687181e-01
2.208000000000000185e+00 3.212714324552502498e-01
2.224000000000000199e+00 4.491480506560557862e-01
2.240000000000000213e+00 5.884612542095430943e-01
2.256000000000000227e+00 7.023662171581911418e-01
2.272000000000000242e+00 7.930350973083016841e-01
2.288000000000000256e+00 8.705015238772022546e-01
2.304000000000000270e+00 9.212812156187770718e-01
2.319999999999999840e+00 9.189705122789919578e-01
2.335999999999999854e+00 8.559277757613376059e-01
2.351999999999999869e+00 7.518924898781429444e-01
2.367999999999999883e+00 6.338026362585890139e-01
2.383999999999999897e+00 5.171255867946835671e-01
2.399999999999999911e+00 4.066446183747226550e-01
2.415999999999999925e+00 3.044318949636584115e-01
2.431999999999999940e+00 2.114898143538439801e-01
2.447999999999999954e+00 1.283236969305642239e-01
2.463999999999999968e+00 6.023385436159351541e-02
2.479999999999999982e+00 1.724236921677921655e-02
2.495999999999999996e+00 1.310979219930274824e-03
