0.000000000000000000e+00 4.007512643405414821e+01
1.600000000000000033e-02 3.926021461252366151e+01
3.200000000000000067e-02 3.706056382780084846e+01
4.800000000000000100e-02 3.390928758905536711e+01
6.400000000000000133e-02 3.028963677464260229e+01
8.000000000000000167e-02 2.661068466356029916e+01
9.600000000000000200e-02 2.316359429489762078e+01
1.120000000000000023e-01 2.009853829066893383e+01
1.280000000000000027e-01 1.743779205532251098e+01
1.440000000000000169e-01 1.514025043049230312e+01
1.600000000000000033e-01 1.315325544745060071e+01
1.759999999999999898e-01 1.141656482746594392e+01
1.920000000000000040e-01 9.872127181109897620e+00
2.080000000000000182e-01 8.497621555907286961e+00
2.240000000000000047e-01 7.301613031896508232e+00
2.399999999999999911e-01 6.274287162552060870e+00
2.560000000000000053e-01 5.373742548195440172e+00
2.720000000000000195e-01 4.563413032423862425e+00
2.880000000000000338e-01 3.824632824166375844e+00
3.039999999999999925e-01 3.130001614191246784e+00
3.200000000000000067e-01 2.448279951330919690e+00
3.360000000000000209e-01 1.785419377086234771e+00
3.519999999999999796e-01 1.182706131008627315e+00
3.679999999999999938e-01 6.625391064972863120e-01
3.840000000000000080e-01 2.050399217408507280e-01
4.000000000000000222e-01 -2.155661874292623403e-01
4.160000000000000364e-01 -5.992400296850239894e-01
4.319999999999999951e-01 -9.319564727575674334e-01
4.480000000000000093e-01 -1.207878292728546077e+00
4.640000000000000235e-01 -1.433074238678977874e+00
4.799999999999999822e-01 -1.619578353282376204e+00
4.959999999999999964e-01 -1.777761172671868950e+00
5.120000000000000107e-01 -1.908507250851185999e+00
5.280000000000000249e-01 -2.006016721696879390e+00
5.440000000000000391e-01 -2.069049480034765409e+00
5.600000000000000533e-01 -2.099251526489988251e+00
5.760000000000000675e-01 -2.089273916672842013e+00
5.919999999999999707e-01 -2.030721734051489591e+00
6.079999999999999849e-01 -1.940946797263166879e+00
6.239999999999999991e-01 -1.868281124028863927e+00
6.400000000000000133e-01 -1.860082382680181334e+00
6.560000000000000275e-01 -1.926316943088482336e+00
6.720000000000000417e-01 -2.032459938617756201e+00
6.880000000000000560e-01 -2.124197312096080204e+00
7.039999999999999591e-01 -2.163934530318255778e+00
7.199999999999999734e-01 -2.149678787174692296e+00
7.359999999999999876e-01 -2.100320997343621432e+00
7.520000000000000018e-01 -2.030149362418955050e+00
7.680000000000000160e-01 -1.945851858674405133e+00
7.840000000000000302e-01 -1.856976746736201278e+00
8.000000000000000444e-01 -1.770992495893600083e+00
8.160000000000000586e-01 -1.684006503210488948e+00
8.320000000000000728e-01 -1.592383467995431401e+00
8.479999999999999760e-01 -1.504694317045778940e+00
8.639999999999999902e-01 -1.426650618041629848e+00
8.800000000000000044e-01 -1.347690080048682848e+00
8.960000000000000187e-01 -1.259293947362467136e+00
9.120000000000000329e-01 -1.169558513541096634e+00
9.280000000000000471e-01 -1.082255415646772967e+00
9.440000000000000613e-01 -9.822951274891970064e-01
9.599999999999999645e-01 -8.600375597365760294e-01
9.759999999999999787e-01 -7.265880505888526741e-01
9.919999999999999929e-01 -5.884789549402915654e-01
1.008000000000000007e+00 -4.355263407388376695e-01
1.024000000000000021e+00 -2.705862486682080736e-01
1.040000000000000036e+00 -1.191913291061150876e-01
1.056000000000000050e+00 8.297693784343414952e-03
1.072000000000000064e+00 1.316296373283182553e-01
1.088000000000000078e+00 2.631999990933976963e-01
1.104000000000000092e+00 3.911052282352898146e-01
1.120000000000000107e+00 5.112173094169698562e-01
1.136000000000000121e+00 6.359521601570141680e-01
1.152000000000000135e+00 7.589151937622110600e-01
1.167999999999999927e+00 8.526751636617909691e-01
1.183999999999999941e+00 9.146799421249633966e-01
1.199999999999999956e+00 9.759461681922432241e-01
1.215999999999999970e+00 1.054850811298605473e+00
1.231999999999999984e+00 1.141133871327951965e+00
1.247999999999999998e+00 1.230429262956938663e+00
1.264000000000000012e+00 1.333290775368988879e+00
1.280000000000000027e+00 1.443932355103785925e+00
1.296000000000000041e+00 1.536141687345766060e+00
1.312000000000000055e+00 1.592550168773960939e+00
1.328000000000000069e+00 1.609154059307056794e+00
1.344000000000000083e+00 1.580957676224340247e+00
1.360000000000000098e+00 1.515198204010229643e+00
1.376000000000000112e+00 1.442657254637612629e+00
1.392000000000000126e+00 1.380347263059449325e+00
1.407999999999999918e+00 1.300795822834553972e+00
1.423999999999999932e+00 1.173794426156491877e+00
1.439999999999999947e+00 1.018690822468549584e+00
1.455999999999999961e+00 8.807318854507895090e-01
1.471999999999999975e+00 7.781401846697286739e-01
1.487999999999999989e+00 7.069552151140509055e-01
1.504000000000000004e+00 6.726003916108758141e-01
1.520000000000000018e+00 6.770739957175591073e-01
1.536000000000000032e+00 6.926869542767899457e-01
1.552000000000000046e+00 6.831848056187805884e-01
1.568000000000000060e+00 6.394604094771136893e-01
1.584000000000000075e+00 5.731849796074769410e-01
1.600000000000000089e+00 4.942751992256741445e-01
1.616000000000000103e+00 4.161152069431346967e-01
1.632000000000000117e+00 3.647924501547503140e-01
1.648000000000000131e+00 3.615606553297526782e-01
1.664000000000000146e+00 4.043434863092170151e-01
1.679999999999999938e+00 4.729084673406827033e-01
1.695999999999999952e+00 5.387563244381039507e-01
1.711999999999999966e+00 5.701486536590799625e-01
1.727999999999999980e+00 5.485649145788823455e-01
1.743999999999999995e+00 4.847448131689270912e-01
1.760000000000000009e+00 4.037101267658088077e-01
1.776000000000000023e+00 3.160177053836206729e-01
1.792000000000000037e+00 2.197575743093891920e-01
1.808000000000000052e+00 1.254259770817137132e-01
1.824000000000000066e+00 5.773692273164915401e-02
1.840000000000000080e+00 3.030412478717058045e-02
1.856000000000000094e+00 3.149800539807546401e-02
1.872000000000000108e+00 3.847037777029618105e-02
1.888000000000000123e+00 4.030711806370924910e-02
1.904000000000000137e+00 4.675023214731184595e-02
1.919999999999999929e+00 7.285525820812679965e-02
1.935999999999999943e+00 1.137420861976310982e-01
1.951999999999999957e+00 1.436671698992685320e-01
1.967999999999999972e+00 1.481088778663424144e-01
1.983999999999999986e+00 1.454134108670100123e-01
2.000000000000000000e+00 1.636829324626538074e-01
2.016000000000000014e+00 2.056105065573236579e-01
2.032000000000000028e+00 2.479637689635148523e-01
2.048000000000000043e+00 2.653494219381193342e-01
2.064000000000000057e+00 2.438472295377594468e-01
2.080000000000000071e+00 1.828628161210470171e-01
2.096000000000000085e+00 9.394795712408908483e-02
2.112000000000000099e+00 -9.692246892841330230e-03
2.128000000000000114e+00 -1.232285810118278757e-01
2.144000000000000128e+00 -2.391567248919347077e-01
2.160000000000000142e+00 -3.356301328547434126e-01
2.176000000000000156e+00 -3.971153130222030425e-01
2.192000000000000171e+00 -4.365494641510116458e-01
2.208000000000000185e+00 -4.709888606442019232e-01
2.224000000000000199e+00 -4.880953971119527668e-01
2.240000000000000213e+00 -4.684948592529173950e-01
2.256000000000000227e+00 -4.279004478412158363e-01
2.272000000000000242e+00 -4.003875597532883801e-01
2.288000000000000256e+00 -3.901464517535639387e-01
2.304000000000000270e+00 -3.745837637491379879e-01
2.319999999999999840e+00 -3.435471293845016594e-01
2.335999999999999854e+00 -3.021328114262264997e-01
2.351999999999999869e+00 -2.491207881058911944e-01
2.367999999999999883e+00 -1.861380999624571431e-01
2.383999999999999897e+00 -1.337224705457444873e-01
2.399999999999999911e+00 -1.080980946096382761e-01
2.415999999999999925e+00 -9.709188983630616387e-02
2.431999999999999940e+00 -8.205093177472261301e-02
2.447999999999999954e+00 -6.262448130274748948e-02
2.463999999999999968e+00 -4.189767728470328995e-02
2.479999999999999982e+00 -1.652607258090085449e-02
2.495999999999999996e+00 5.243420440862900812e-04
